0 0.54609375 0.6625 0.1140625 0.09375
0 0.70390625 0.77578125 0.11171875 0.0734375
0 0.8140625 0.76171875 0.06953125 0.0640625
0 0.91796875 0.7375 0.08203125 0.0921875
0 0.93828125 0.81953125 0.07890625 0.08671875
0 0.83984375 0.8578125 0.09921875 0.09609375
0 0.740625 0.871875 0.09609375 0.09453125
0 0.7546875 0.9640625 0.1359375 0.06796875
0 0.86171875 0.953125 0.1203125 0.09375
0 0.9625 0.94296875 0.075 0.0984375
0 0.4125 0.72421875 0.109375 0.08359375
0 0.40546875 0.65078125 0.1 0.09296875
0 0.20234375 0.68515625 0.10859375 0.08671875
0 0.1640625 0.56796875 0.09609375 0.07265625
0 0.0328125 0.5796875 0.06484375 0.0875
0 0.03828125 0.69921875 0.0765625 0.0890625
0 0.22890625 0.784375 0.08671875 0.06640625
0 0.36484375 0.5515625 0.1203125 0.075
0 0.48984375 0.5421875 0.09375 0.08046875
0 0.31328125 0.4421875 0.11796875 0.1046875
0 0.1390625 0.4703125 0.121875 0.11640625
0 0.11328125 0.35546875 0.14140625 0.09296875
0 0.10234375 0.26484375 0.11640625 0.09453125
0 0.05234375 0.184375 0.1046875 0.07578125
0 0.12109375 0.12734375 0.11015625 0.0734375
0 0.1296875 0.0390625 0.075 0.078125
0 0.04296875 0.046875 0.0828125 0.09375
0 0.21015625 0.09140625 0.11015625 0.053125
0 0.228125 0.1671875 0.10078125 0.07578125
0 0.275 0.24375 0.11328125 0.078125
0 0.2875 0.33359375 0.115625 0.0734375
0 0.42734375 0.3265625 0.12890625 0.08828125
0 0.47265625 0.43515625 0.12734375 0.08125
0 0.6984375 0.52265625 0.11484375 0.0671875
0 0.73359375 0.6328125 0.103125 0.084375
0 0.896875 0.5015625 0.0921875 0.07109375
0 0.9671875 0.6140625 0.06484375 0.06953125
0 0.8546875 0.415625 0.12109375 0.078125
0 0.79453125 0.3515625 0.1125 0.0890625
0 0.65234375 0.42890625 0.115625 0.08359375
0 0.62109375 0.33203125 0.12421875 0.1109375
0 0.58125 0.2375 0.10234375 0.08671875
0 0.415625 0.24140625 0.115625 0.10078125
0 0.38046875 0.16484375 0.0984375 0.0890625
0 0.33828125 0.09140625 0.0859375 0.06640625
0 0.3515625 0.03125 0.1 0.0625
0 0.48828125 0.03671875 0.10859375 0.0734375
0 0.5078125 0.090625 0.09375 0.06796875
0 0.5328125 0.16875 0.1046875 0.09375
0 0.703125 0.178125 0.12421875 0.07421875
0 0.73984375 0.25625 0.1140625 0.0640625
0 0.85703125 0.18125 0.1015625 0.08984375
0 0.9015625 0.253125 0.115625 0.08359375
0 0.95625 0.334375 0.0875 0.09609375
0 0.9703125 0.1734375 0.059375 0.09375
0 0.94296875 0.09296875 0.1078125 0.08046875
0 0.8015625 0.06953125 0.11953125 0.1171875
0 0.65859375 0.109375 0.11015625 0.10625
0 0.63828125 0.0390625 0.0984375 0.07734375
0 0.078125 0.91640625 0.10703125 0.08515625