0 0.6734375 0.04453125 0.0390625 0.06328125
0 0.41953125 0.31953125 0.059375 0.09921875
0 0.92578125 0.35 0.0390625 0.071875
0 0.85234375 0.06640625 0.04609375 0.06796875
0 0.35546875 0.06640625 0.05546875 0.09453125
0 0.1390625 0.07578125 0.04921875 0.0828125
0 0.49609375 0.12734375 0.04921875 0.07890625
0 0.75703125 0.14296875 0.04765625 0.06953125
0 0.3421875 0.2125 0.05703125 0.08828125
0 0.86875 0.3796875 0.046875 0.0796875
0 0.784375 0.26875 0.053125 0.090625
0 0.42421875 0.0390625 0.053125 0.078125
0 0.0515625 0.1234375 0.05234375 0.078125
0 0.75859375 0.471875 0.0609375 0.09921875
0 0.8015625 0.10390625 0.04765625 0.07890625
0 0.89140625 0.02734375 0.0453125 0.0546875
0 0.9734375 0.29140625 0.05 0.08515625
0 0.578125 0.234375 0.0515625 0.08984375
0 0.2109375 0.0359375 0.04765625 0.071875
0 0.5609375 0.10546875 0.04453125 0.0796875
0 0.16640625 0.315625 0.0640625 0.109375
0 0.69921875 0.16484375 0.0421875 0.0796875
0 0.3296875 0.38125 0.0515625 0.090625
0 0.425 0.171875 0.04453125 0.071875
0 0.49765625 0.26171875 0.04765625 0.078125
0 0.1140625 0.2171875 0.0703125 0.09921875
0 0.7203125 0.3046875 0.04375 0.08046875
0 0.28359375 0.1265625 0.06171875 0.0859375
0 0.1375 0.5203125 0.0765625 0.121875
0 0.08203125 0.81171875 0.0671875 0.14765625
0 0.61640625 0.0703125 0.03984375 0.05625
0 0.19609375 0.16796875 0.05703125 0.078125
0 0.72734375 0.02734375 0.0421875 0.05390625
0 0.5109375 0.69296875 0.0453125 0.09609375
0 0.2296875 0.45390625 0.07265625 0.11953125
0 0.06953125 0.39296875 0.0671875 0.11875
0 0.60390625 0.59921875 0.05390625 0.09296875
0 0.67734375 0.51796875 0.0546875 0.10859375
0 0.021875 0.290625 0.04296875 0.11171875
0 0.8390625 0.2453125 0.03984375 0.0703125
0 0.4828125 0.0234375 0.05 0.046875
0 0.21484375 0.69140625 0.06875 0.1375
0 0.25703125 0.265625 0.06171875 0.11171875
0 0.66171875 0.33359375 0.06328125 0.096875
0 0.028125 0.62421875 0.05625 0.1390625
0 0.515625 0.45703125 0.06328125 0.109375
0 0.8921875 0.20078125 0.05 0.08515625
0 0.80859375 0.4171875 0.053125 0.09140625
0 0.40078125 0.79375 0.046875 0.1078125
0 0.59609375 0.37890625 0.053125 0.1
0 0.3203125 0.60625 0.0765625 0.0953125
0 0.2921875 0.91015625 0.0625 0.12578125
0 0.61171875 0.88671875 0.046875 0.08984375
0 0.71328125 0.76953125 0.07578125 0.13203125
0 0.790625 0.68125 0.06640625 0.1140625
0 0.64140625 0.2015625 0.0515625 0.07265625
0 0.853125 0.5875 0.06953125 0.1078125
0 0.55859375 0.6484375 0.03515625 0.1
0 0.42734375 0.51171875 0.05859375 0.121875