0 0.91796875 0.753125 0.05078125 0.0859375
0 0.81484375 0.84765625 0.06953125 0.10546875
0 0.71875 0.9421875 0.07265625 0.11171875
0 0.95078125 0.51015625 0.04765625 0.0765625
0 0.83203125 0.5953125 0.0546875 0.0859375
0 0.753125 0.684375 0.0453125 0.0859375
0 0.6546875 0.76953125 0.05859375 0.0984375
0 0.53125 0.8734375 0.04921875 0.09375
0 0.9609375 0.33515625 0.0390625 0.084375
0 0.90390625 0.371875 0.03359375 0.06640625
0 0.78046875 0.4640625 0.0484375 0.08515625
0 0.6921875 0.534375 0.0515625 0.096875
0 0.58984375 0.61484375 0.04296875 0.0796875
0 0.484375 0.71796875 0.04453125 0.07890625
0 0.3671875 0.82265625 0.05 0.121875
0 0.24453125 0.92890625 0.06640625 0.13125
0 0.97421875 0.1859375 0.02890625 0.05625
0 0.91640625 0.228125 0.0421875 0.06171875
0 0.85234375 0.26953125 0.02890625 0.04921875
0 0.7984375 0.29296875 0.0375 0.07890625
0 0.7140625 0.3578125 0.0375 0.06796875
0 0.6375 0.40859375 0.0453125 0.07734375
0 0.540625 0.49140625 0.05546875 0.09765625
0 0.4390625 0.5671875 0.046875 0.09140625
0 0.31875 0.6671875 0.0578125 0.1046875
0 0.215625 0.77421875 0.05234375 0.11953125
0 0.0875 0.88984375 0.05703125 0.10703125
0 0.05859375 0.715625 0.0484375 0.10703125
0 0.9828125 0.07265625 0.0296875 0.06484375
0 0.9328125 0.1015625 0.03671875 0.05625
0 0.86484375 0.128125 0.0328125 0.07265625
0 0.80703125 0.15234375 0.040625 0.05859375
0 0.7453125 0.20703125 0.03515625 0.06796875
0 0.67265625 0.24609375 0.04375 0.096875
0 0.590625 0.31171875 0.04921875 0.08359375
0 0.49609375 0.3859375 0.0359375 0.0953125
0 0.39453125 0.44453125 0.0484375 0.0953125
0 0.29453125 0.53828125 0.04921875 0.109375
0 0.18359375 0.6171875 0.06171875 0.1046875
0 0.825 0.03984375 0.04296875 0.06640625
0 0.7609375 0.0796875 0.03359375 0.05390625
0 0.70078125 0.10546875 0.03359375 0.07265625
0 0.66015625 0.02734375 0.0453125 0.0546875
0 0.63671875 0.14609375 0.03203125 0.07578125
0 0.58671875 0.071875 0.04453125 0.05546875
0 0.546875 0.209375 0.04375 0.06953125
0 0.509375 0.1171875 0.0390625 0.08828125
0 0.471875 0.03515625 0.040625 0.06953125
0 0.4609375 0.25703125 0.03828125 0.08671875
0 0.4203125 0.17109375 0.03984375 0.08359375
0 0.38359375 0.08046875 0.04296875 0.07265625
0 0.35859375 0.33671875 0.046875 0.096875
0 0.3296875 0.23046875 0.05 0.09140625
0 0.3 0.14765625 0.046875 0.08359375
0 0.27109375 0.065625 0.0484375 0.08125
0 0.1609375 0.05390625 0.05390625 0.09140625
0 0.18203125 0.1265625 0.05078125 0.06953125
0 0.21015625 0.21328125 0.05390625 0.10546875
0 0.23359375 0.31640625 0.05390625 0.08828125
0 0.2671875 0.39921875 0.0515625 0.1015625
0 0.15859375 0.49296875 0.05859375 0.11015625
0 0.14140625 0.35625 0.04921875 0.0890625
0 0.1078125 0.2875 0.04375 0.09296875
0 0.096875 0.1796875 0.04765625 0.07265625
0 0.07421875 0.11171875 0.04375 0.0890625
0 0.06015625 0.0375 0.034375 0.07109375
0 0.046875 0.5734375 0.04375 0.0796875
0 0.028125 0.465625 0.040625 0.09609375
0 0.0203125 0.34140625 0.040625 0.0734375