0 0.69296875 0.275 0.05703125 0.0890625
0 0.31796875 0.06484375 0.0546875 0.08515625
0 0.88359375 0.03984375 0.0515625 0.0734375
0 0.38359375 0.159375 0.05 0.08125
0 0.95078125 0.11484375 0.04609375 0.07890625
0 0.528125 0.06875 0.0453125 0.06640625
0 0.24296875 0.10703125 0.0578125 0.08984375
0 0.184375 0.03671875 0.06796875 0.0703125
0 0.91328125 0.1609375 0.0390625 0.06640625
0 0.390625 0.03359375 0.05 0.0671875
0 0.6015625 0.0484375 0.0484375 0.08203125
0 0.125 0.3453125 0.07265625 0.1125
0 0.84140625 0.3375 0.05859375 0.09453125
0 0.85859375 0.1734375 0.0421875 0.071875
0 0.728125 0.11328125 0.040625 0.07421875
0 0.4578125 0.11171875 0.0515625 0.084375
0 0.61640625 0.1640625 0.04453125 0.0859375
0 0.028125 0.4078125 0.05546875 0.11328125
0 0.76171875 0.240625 0.04921875 0.08046875
0 0.1015625 0.07890625 0.06015625 0.09296875
0 0.1921875 0.4765625 0.065625 0.134375
0 0.628125 0.32890625 0.04375 0.08046875
0 0.78359375 0.084375 0.0484375 0.078125
0 0.021875 0.12109375 0.04296875 0.1078125
0 0.16015625 0.159375 0.06015625 0.1046875
0 0.66875 0.128125 0.05625 0.08203125
0 0.83359375 0.06953125 0.03828125 0.0671875
0 0.81171875 0.20078125 0.0453125 0.08203125
0 0.2984375 0.2109375 0.05546875 0.09921875
0 0.921875 0.7953125 0.03515625 0.07890625
0 0.0796875 0.5375 0.06796875 0.1203125
0 0.54921875 0.91328125 0.0859375 0.16796875
0 0.64296875 0.825 0.05703125 0.0953125
0 0.29375 0.39140625 0.065625 0.10625
0 0.94765625 0.27734375 0.04296875 0.07734375
0 0.7890625 0.3984375 0.053125 0.0921875
0 0.45546875 0.47109375 0.04453125 0.0953125
0 0.26484375 0.6234375 0.078125 0.12890625
0 0.54609375 0.2203125 0.053125 0.0875
0 0.22265625 0.2640625 0.0625 0.09453125
0 0.55078125 0.63984375 0.04453125 0.0921875
0 0.4484375 0.715625 0.0640625 0.134375
0 0.12734375 0.95 0.0984375 0.0921875
0 0.63984375 0.54921875 0.04375 0.09296875
0 0.55078125 0.40078125 0.040625 0.09609375
0 0.06015625 0.2203125 0.06484375 0.0921875
0 0.71484375 0.46328125 0.05859375 0.1046875
0 0.24140625 0.9 0.06796875 0.1453125
0 0.46640625 0.26484375 0.04765625 0.09609375
0 0.3546875 0.81796875 0.07265625 0.15625
0 0.36171875 0.5546875 0.05859375 0.11171875
0 0.65390625 0.025 0.040625 0.05
0 0.37109375 0.33125 0.04765625 0.075
0 0.03828125 0.8078125 0.06953125 0.15078125
0 0.159375 0.728125 0.07890625 0.159375
0 0.83515625 0.89140625 0.0421875 0.0984375
0 0.73515625 0.70390625 0.05234375 0.09140625