0 0.95078125 0.91953125 0.07734375 0.134375
0 0.83515625 0.9203125 0.078125 0.115625
0 0.71640625 0.9359375 0.09921875 0.11171875
0 0.59921875 0.9390625 0.075 0.121875
0 0.48125 0.9328125 0.08984375 0.13359375
0 0.371875 0.94453125 0.08359375 0.1109375
0 0.25546875 0.95234375 0.0875 0.0953125
0 0.271875 0.78984375 0.0859375 0.103125
0 0.375 0.78359375 0.07578125 0.1125
0 0.47421875 0.78515625 0.0734375 0.11953125
0 0.57578125 0.76171875 0.07109375 0.0921875
0 0.6859375 0.7609375 0.0828125 0.125
0 0.7875 0.75546875 0.0796875 0.10859375
0 0.89609375 0.7421875 0.08515625 0.12265625
0 0.98359375 0.7453125 0.0328125 0.090625
0 0.9515625 0.6140625 0.084375 0.1
0 0.85546875 0.6234375 0.0828125 0.1125
0 0.75546875 0.6265625 0.06484375 0.0984375
0 0.66640625 0.63359375 0.06953125 0.109375
0 0.56953125 0.6265625 0.06953125 0.10703125
0 0.478125 0.63671875 0.06484375 0.1109375
0 0.38828125 0.6484375 0.07734375 0.096875
0 0.290625 0.66328125 0.08046875 0.11953125
0 0.23515625 0.5640625 0.06328125 0.1015625
0 0.3046875 0.55234375 0.05859375 0.08125
0 0.3828125 0.54375 0.05703125 0.08203125
0 0.475 0.5359375 0.0609375 0.09375
0 0.56171875 0.52265625 0.07109375 0.08671875
0 0.64140625 0.52265625 0.06328125 0.0953125
0 0.7265625 0.51484375 0.06171875 0.09296875
0 0.81953125 0.50859375 0.0484375 0.0875
0 0.9109375 0.50625 0.071875 0.10390625
0 0.9796875 0.49453125 0.040625 0.09140625
0 0.946875 0.40234375 0.065625 0.0859375
0 0.8734375 0.41015625 0.0640625 0.07265625
0 0.7953125 0.42578125 0.06328125 0.0890625
0 0.709375 0.428125 0.06640625 0.08125
0 0.6296875 0.43515625 0.05859375 0.08203125
0 0.55 0.44296875 0.06796875 0.1015625
0 0.47109375 0.44609375 0.0609375 0.090625
0 0.39453125 0.453125 0.07578125 0.08515625
0 0.31328125 0.46328125 0.075 0.07734375
0 0.24609375 0.478125 0.053125 0.07734375
0 0.26015625 0.4046875 0.05546875 0.0828125
0 0.4015625 0.378125 0.05703125 0.0859375
0 0.32109375 0.38828125 0.04765625 0.07890625
0 0.46640625 0.3640625 0.06015625 0.078125
0 0.54296875 0.3609375 0.0578125 0.0578125
0 0.61875 0.35390625 0.06875 0.075
0 0.6890625 0.353125 0.05234375 0.078125
0 0.77109375 0.33515625 0.05703125 0.0796875
0 0.83359375 0.3359375 0.03984375 0.0578125
0 0.91328125 0.328125 0.0390625 0.078125
0 0.97890625 0.3125 0.04140625 0.08984375
0 0.9484375 0.25234375 0.05625 0.08125
0 0.878125 0.27109375 0.05703125 0.07109375
0 0.81171875 0.2734375 0.04921875 0.06953125
0 0.74140625 0.28203125 0.04921875 0.059375
0 0.67265625 0.290625 0.053125 0.07578125
0 0.728125 0.2265625 0.0609375 0.0828125
0 0.790625 0.21875 0.05546875 0.06640625
0 0.85625 0.209375 0.0515625 0.0609375
0 0.91328125 0.196875 0.05 0.0625
0 0.88984375 0.15 0.05390625 0.08046875
0 0.95234375 0.13671875 0.04140625 0.06328125
0 0.9828125 0.17109375 0.034375 0.0453125
0 0.98203125 0.08125 0.03125 0.046875
0 0.9921875 0.034375 0.01484375 0.0359375
0 0.95 0.03984375 0.04921875 0.04921875
0 0.92578125 0.01796875 0.0328125 0.0359375
0 0.92734375 0.09140625 0.05390625 0.05
0 0.9 0.04921875 0.03828125 0.04453125
0 0.88046875 0.02109375 0.03671875 0.03515625
0 0.821875 0.02421875 0.0359375 0.04453125
0 0.84375 0.0578125 0.034375 0.04140625
0 0.8625 0.09765625 0.04296875 0.04921875
0 0.82734375 0.15390625 0.05 0.06015625
0 0.80703125 0.1125 0.03671875 0.05625
0 0.78828125 0.07421875 0.0421875 0.06015625
0 0.77109375 0.04140625 0.0359375 0.04375
0 0.75703125 0.01953125 0.0390625 0.0390625
0 0.76796875 0.17109375 0.04609375 0.06484375
0 0.753125 0.12109375 0.0421875 0.06640625
0 0.7328125 0.08515625 0.0421875 0.0625
0 0.71640625 0.05078125 0.0390625 0.05390625
0 0.7078125 0.01953125 0.0375 0.0390625
0 0.659375 0.02578125 0.0390625 0.04609375
0 0.6703125 0.053125 0.034375 0.040625
0 0.68203125 0.0859375 0.04140625 0.0421875
0 0.69296875 0.12421875 0.0453125 0.04140625
0 0.70703125 0.16328125 0.04609375 0.053125
0 0.6640625 0.2265625 0.05234375 0.05546875
0 0.646875 0.175 0.04375 0.0484375
0 0.6390625 0.13828125 0.0484375 0.059375
0 0.628125 0.09375 0.0375 0.04140625
0 0.6203125 0.06171875 0.04296875 0.0515625
0 0.6125 0.0265625 0.03359375 0.034375
0 0.60078125 0.29140625 0.053125 0.0703125
0 0.5984375 0.23125 0.0484375 0.0703125
0 0.5875 0.17734375 0.04765625 0.05859375
0 0.58125 0.13046875 0.04140625 0.053125
0 0.57421875 0.09765625 0.0375 0.0640625
0 0.56796875 0.05859375 0.03828125 0.053125
0 0.56328125 0.025 0.04140625 0.03828125
0 0.53515625 0.29609375 0.0625 0.0828125
0 0.534375 0.23515625 0.0640625 0.0640625
0 0.528125 0.18125 0.04453125 0.06640625
0 0.5234375 0.1359375 0.03984375 0.05234375
0 0.51875 0.07421875 0.03046875 0.05390625
0 0.46875 0.2953125 0.0515625 0.0546875
0 0.46875 0.2390625 0.04453125 0.05546875
0 0.46875 0.1890625 0.03984375 0.06875
0 0.46875 0.1203125 0.0390625 0.0515625
0 0.465625 0.04921875 0.06328125 0.09375
0 0.51484375 0.040625 0.03125 0.04609375
0 0.5140625 0.0140625 0.03125 0.028125
0 0.42109375 0.05390625 0.0296875 0.0625
0 0.41640625 0.1109375 0.04140625 0.05546875
0 0.4171875 0.15 0.03671875 0.04375
0 0.4140625 0.20078125 0.03984375 0.04296875
0 0.409375 0.24296875 0.046875 0.05546875
0 0.40703125 0.3078125 0.05 0.05859375
0 0.33984375 0.32421875 0.04296875 0.0578125
0 0.35 0.2671875 0.040625 0.0625
0 0.35546875 0.21328125 0.04140625 0.05625
0 0.3625 0.17265625 0.04140625 0.05546875
0 0.36640625 0.12421875 0.03046875 0.0421875
0 0.37578125 0.09609375 0.034375 0.05078125
0 0.38203125 0.0578125 0.03203125 0.04765625
0 0.3890625 0.02265625 0.034375 0.0453125
0 0.353125 0.01484375 0.034375 0.0296875
0 0.3375 0.04765625 0.03046875 0.0359375
0 0.33359375 0.084375 0.0328125 0.034375
0 0.3234375 0.1125 0.03984375 0.03828125
0 0.3203125 0.14609375 0.03828125 0.04375
0 0.309375 0.18203125 0.0421875 0.03828125
0 0.29921875 0.22578125 0.04453125 0.0609375
0 0.28359375 0.28203125 0.05703125 0.04453125
0 0.27734375 0.33203125 0.05 0.05625
0 0.25859375 0.20078125 0.0390625 0.05
0 0.27109375 0.15703125 0.02578125 0.0453125
0 0.2859375 0.12578125 0.03203125 0.04453125
0 0.29609375 0.0859375 0.0359375 0.03125
0 0.0390625 0.75625 0.07734375 0.10390625
0 0.05546875 0.6375 0.0734375 0.09375
0 0.05078125 0.55 0.1015625 0.1
0 0.0828125 0.48203125 0.0734375 0.07265625
0 0.034375 0.4453125 0.05546875 0.06875
0 0.09765625 0.365625 0.08046875 0.075
0 0.08984375 0.42421875 0.06328125 0.0484375
0 0.0359375 0.34140625 0.04140625 0.06328125
0 0.009375 0.4015625 0.01875 0.04140625
0 0.015625 0.3046875 0.03125 0.05
0 0.02890625 0.26328125 0.0578125 0.04453125
0 0.06875 0.2921875 0.04765625 0.04375
0 0.1078125 0.26015625 0.05859375 0.06328125
0 0.05859375 0.21328125 0.04921875 0.05703125
0 0.01484375 0.22265625 0.02890625 0.05078125
0 0.01640625 0.1515625 0.0328125 0.05
0 0.034375 0.18515625 0.046875 0.04921875
0 0.0875 0.184375 0.03828125 0.04765625
0 0.13359375 0.17890625 0.034375 0.03515625
0 0.12578125 0.21328125 0.03828125 0.0390625
0 0.0125 0.1015625 0.02421875 0.04921875
0 0.02265625 0.071875 0.03125 0.04453125
0 0.01171875 0.04609375 0.0234375 0.04453125
0 0.02421875 0.02421875 0.0296875 0.02734375
0 0.05390625 0.01328125 0.0234375 0.0265625
0 0.053125 0.04453125 0.03515625 0.03125
0 0.078125 0.02734375 0.0328125 0.05
0 0.10078125 0.01796875 0.0359375 0.03515625
0 0.10390625 0.05 0.03046875 0.0359375
0 0.12421875 0.0265625 0.03359375 0.03671875
0 0.1625 0.021875 0.0328125 0.03984375
0 0.15234375 0.04765625 0.03046875 0.02734375
0 0.16953125 0.1046875 0.04375 0.0625
0 0.18984375 0.0546875 0.04296875 0.0484375
0 0.2109375 0.02265625 0.05 0.0453125