0 0.1640625 0.0828125 0.08828125 0.11796875
0 0.03828125 0.3984375 0.0765625 0.1390625
0 0.2078125 0.32734375 0.08125 0.13671875
0 0.3578125 0.11328125 0.07890625 0.1046875
0 0.6984375 0.09765625 0.07109375 0.13515625
0 0.0640625 0.83515625 0.12734375 0.23046875
0 0.61171875 0.30234375 0.0796875 0.14296875
0 0.8875 0.18671875 0.07734375 0.12265625
0 0.02734375 0.26015625 0.0546875 0.1328125
0 0.8453125 0.3984375 0.08046875 0.14765625
0 0.30703125 0.71875 0.07734375 0.153125
0 0.96875 0.36171875 0.0625 0.17734375
0 0.925 0.03984375 0.075 0.0796875
0 0.8203125 0.07421875 0.065625 0.10703125
0 0.3265625 0.034375 0.08515625 0.06875
0 0.69453125 0.48984375 0.07578125 0.13125
0 0.92734375 0.59765625 0.08515625 0.1640625
0 0.5859375 0.79609375 0.08828125 0.21640625
0 0.446875 0.40390625 0.08203125 0.13046875
0 0.38671875 0.24765625 0.07734375 0.10859375
0 0.25078125 0.4875 0.08828125 0.1578125
0 0.63828125 0.0359375 0.06953125 0.071875
0 0.025 0.140625 0.05 0.1171875
0 0.52734375 0.58359375 0.07109375 0.11953125
0 0.7625 0.25390625 0.0734375 0.12734375
0 0.78515625 0.68359375 0.08515625 0.1671875
0 0.55703125 0.16796875 0.05859375 0.1046875
0 0.50078125 0.0609375 0.06015625 0.10859375
0 0.046875 0.59765625 0.0890625 0.13515625
0 0.18671875 0.19921875 0.06953125 0.10703125