0 0.4890625 0.07890625 0.0515625 0.08671875
0 0.703125 0.0703125 0.0453125 0.0765625
0 0.25390625 0.07265625 0.06875 0.10234375
0 0.3125 0.1515625 0.07265625 0.11328125
0 0.565625 0.04140625 0.0578125 0.078125
0 0.41015625 0.121875 0.0609375 0.11484375
0 0.090625 0.25546875 0.06796875 0.11328125
0 0.24296875 0.67734375 0.0890625 0.1375
0 0.9609375 0.8765625 0.078125 0.1625
0 0.5453125 0.159375 0.059375 0.1046875
0 0.59296875 0.4453125 0.078125 0.14765625
0 0.35 0.0375 0.06171875 0.075
0 0.76640625 0.028125 0.04296875 0.05625
0 0.14921875 0.95390625 0.11484375 0.084375
0 0.3625 0.2625 0.075 0.125
0 0.4609375 0.2125 0.06015625 0.1109375
0 0.9203125 0.2453125 0.04140625 0.07421875
0 0.1578125 0.11484375 0.0640625 0.1078125
0 0.60703125 0.28203125 0.0671875 0.09765625
0 0.690625 0.228125 0.06953125 0.1046875
0 0.01875 0.06640625 0.03671875 0.10390625
0 0.55078125 0.6515625 0.07578125 0.13828125
0 0.91953125 0.07890625 0.0328125 0.06796875
0 0.52734375 0.321875 0.0640625 0.1171875
0 0.425 0.3734375 0.071875 0.11640625
0 0.10625 0.03203125 0.0609375 0.0640625
0 0.66328125 0.5765625 0.0640625 0.11796875
0 0.51484375 0.94453125 0.08671875 0.10390625
0 0.25078125 0.31640625 0.06171875 0.11015625
0 0.3703125 0.57421875 0.0671875 0.12890625
0 0.1359375 0.37421875 0.084375 0.14140625
0 0.09609375 0.78671875 0.071875 0.15078125
0 0.68671875 0.3890625 0.0640625 0.115625
0 0.6203125 0.12421875 0.05703125 0.09765625
0 0.8421875 0.2953125 0.0640625 0.10390625
0 0.2015625 0.21796875 0.06484375 0.1125
0 0.4828125 0.5046875 0.07265625 0.1078125
0 0.8390625 0.12890625 0.04453125 0.078125
0 0.865625 0.94921875 0.0953125 0.0953125
0 0.31328125 0.43671875 0.06328125 0.128125
0 0.84921875 0.46875 0.05859375 0.1078125
0 0.0421875 0.61015625 0.07578125 0.1734375
0 0.76640625 0.18125 0.046875 0.0828125
0 0.1921875 0.5109375 0.071875 0.11171875
0 0.7609375 0.53046875 0.0609375 0.10859375
0 0.0234375 0.45859375 0.046875 0.11640625
0 0.91796875 0.41953125 0.065625 0.125
0 0.4296875 0.75625 0.06796875 0.14375
0 0.76953125 0.33984375 0.06640625 0.1234375
0 0.0390625 0.1671875 0.0640625 0.090625
0 0.64765625 0.85078125 0.05390625 0.15
0 0.94140625 0.62578125 0.07578125 0.1421875
0 0.753125 0.76875 0.08125 0.15625
0 0.31171875 0.84765625 0.08671875 0.140625
0 0.85859375 0.68828125 0.0671875 0.10703125