0 0.52578125 0.12734375 0.075 0.1546875
0 0.7890625 0.153125 0.07578125 0.1421875
0 0.7109375 0.05078125 0.071875 0.1015625
0 0.61875 0.07421875 0.07265625 0.1421875
0 0.9515625 0.0609375 0.08203125 0.121875
0 0.3828125 0.9 0.10859375 0.2
0 0.87109375 0.753125 0.10703125 0.18359375
0 0.690625 0.19375 0.07578125 0.15
0 0.2578125 0.07890625 0.07265625 0.13515625
0 0.77890625 0.34140625 0.09140625 0.16484375
0 0.42734375 0.1671875 0.07890625 0.12578125
0 0.771875 0.56328125 0.0984375 0.1765625
0 0.37421875 0.05390625 0.07265625 0.103125
0 0.965625 0.23046875 0.06875 0.153125
0 0.88359375 0.10703125 0.08359375 0.12421875
0 0.66484375 0.6734375 0.11953125 0.1828125
0 0.7953125 0.03359375 0.075 0.0671875
0 0.56875 0.47890625 0.08671875 0.16015625
0 0.75078125 0.87109375 0.084375 0.1796875
0 0.034375 0.3921875 0.0671875 0.15234375
0 0.2296875 0.4703125 0.09765625 0.16875
0 0.68046875 0.3984375 0.08203125 0.16484375
0 0.0890625 0.03359375 0.07265625 0.06640625
0 0.48515625 0.30390625 0.078125 0.15
0 0.59375 0.24921875 0.06875 0.140625
0 0.965625 0.428125 0.06796875 0.15703125
0 0.37109375 0.378125 0.0796875 0.15078125
0 0.2015625 0.02421875 0.06640625 0.0484375
0 0.46640625 0.04375 0.0625 0.0875
0 0.51953125 0.7671875 0.08046875 0.13828125
0 0.43515625 0.56640625 0.06640625 0.13359375
0 0.29453125 0.684375 0.06640625 0.13046875
0 0.15703125 0.78515625 0.0859375 0.1625
0 0.08203125 0.578125 0.0703125 0.1484375
0 0.17109375 0.29296875 0.071875 0.12109375
0 0.13125 0.12578125 0.071875 0.11328125
0 0.8828125 0.47890625 0.06875 0.11171875