0 0.86640625 0.06171875 0.1109375 0.1234375
0 0.8765625 0.375 0.14609375 0.25078125
0 0.73671875 0.19453125 0.103125 0.19375
0 0.63515625 0.09140625 0.0796875 0.16171875
0 0.65546875 0.75703125 0.20390625 0.315625
0 0.5265625 0.428125 0.13515625 0.21015625
0 0.4703125 0.26484375 0.0921875 0.13984375
0 0.4078125 0.10859375 0.0890625 0.11875
0 0.16640625 0.82265625 0.175 0.3140625
0 0.16953125 0.5171875 0.109375 0.18515625
0 0.1859375 0.334375 0.11640625 0.16953125
0 0.1765625 0.1953125 0.08515625 0.15
0 0.1875 0.06640625 0.07109375 0.0921875