0 0.9078125 0.8890625 0.09921875 0.14375
0 0.9421875 0.49453125 0.071875 0.1265625
0 0.8546875 0.60078125 0.08671875 0.1265625
0 0.75390625 0.71875 0.0875 0.14921875
0 0.63828125 0.8890625 0.103125 0.14765625
0 0.2484375 0.909375 0.07265625 0.13984375
0 0.38203125 0.821875 0.0765625 0.128125
0 0.51171875 0.70703125 0.07265625 0.13515625
0 0.62265625 0.5859375 0.0828125 0.1421875
0 0.72109375 0.4828125 0.0796875 0.13046875
0 0.815625 0.37890625 0.071875 0.13203125
0 0.9 0.29765625 0.07421875 0.11171875
0 0.965625 0.228125 0.06875 0.103125
0 0.97734375 0.05546875 0.0453125 0.08203125
0 0.915625 0.10625 0.04765625 0.07265625
0 0.85078125 0.14375 0.059375 0.0953125
0 0.7828125 0.209375 0.06875 0.0875
0 0.69140625 0.275 0.05390625 0.0875
0 0.61015625 0.35625 0.07421875 0.11484375
0 0.5140625 0.46328125 0.09609375 0.153125
0 0.39453125 0.5421875 0.06875 0.11171875
0 0.27265625 0.60703125 0.065625 0.134375
0 0.1546875 0.6953125 0.05390625 0.103125
0 0.02578125 0.803125 0.05078125 0.11796875
0 0.06953125 0.55078125 0.0578125 0.10859375
0 0.190625 0.48515625 0.07421875 0.115625
0 0.31484375 0.425 0.078125 0.12578125
0 0.40703125 0.33203125 0.06171875 0.1078125
0 0.49921875 0.25703125 0.07109375 0.09140625
0 0.5921875 0.1859375 0.0640625 0.0859375
0 0.678125 0.1234375 0.0546875 0.09921875
0 0.74765625 0.084375 0.065625 0.10234375
0 0.81328125 0.04765625 0.06484375 0.08203125
0 0.65390625 0.03359375 0.05703125 0.0671875
0 0.58125 0.0546875 0.06484375 0.0765625
0 0.5109375 0.10625 0.0578125 0.08125
0 0.41796875 0.178125 0.0671875 0.0984375
0 0.325 0.2375 0.06953125 0.09765625
0 0.22890625 0.30546875 0.065625 0.09921875
0 0.12734375 0.359375 0.078125 0.1015625
0 0.0578125 0.2671875 0.05859375 0.1015625
0 0.165625 0.20859375 0.05234375 0.0953125
0 0.25625 0.16328125 0.04609375 0.0609375
0 0.33828125 0.09296875 0.04921875 0.0921875
0 0.43203125 0.0484375 0.053125 0.084375
0 0.1890625 0.071875 0.0546875 0.084375
0 0.10390625 0.1140625 0.05703125 0.08515625
0 0.04765625 0.04375 0.05234375 0.08671875