0 0.38125 0.19921875 0.05 0.08125
0 0.67578125 0.30390625 0.04453125 0.0890625
0 0.91328125 0.28984375 0.04609375 0.0921875
0 0.20390625 0.03984375 0.0484375 0.07109375
0 0.1078125 0.484375 0.08359375 0.14609375
0 0.55234375 0.0875 0.04609375 0.08046875
0 0.24609375 0.13984375 0.05234375 0.07890625
0 0.29296875 0.2546875 0.06015625 0.08359375
0 0.97578125 0.078125 0.0484375 0.090625
0 0.909375 0.1328125 0.0609375 0.08828125
0 0.83828125 0.034375 0.046875 0.06875
0 0.38515625 0.484375 0.06171875 0.11328125
0 0.66640625 0.49296875 0.0734375 0.125
0 0.76875 0.0765625 0.05234375 0.08671875
0 0.2921875 0.5671875 0.0703125 0.1203125
0 0.34453125 0.7109375 0.08359375 0.13203125
0 0.75078125 0.63203125 0.07734375 0.13984375
0 0.6078125 0.94296875 0.08671875 0.10859375
0 0.64296875 0.70703125 0.075 0.14140625
0 0.93203125 0.69609375 0.07890625 0.13046875
0 0.83515625 0.175 0.04921875 0.0859375
0 0.44375 0.3234375 0.0609375 0.09921875
0 0.75546875 0.44921875 0.053125 0.10078125
0 0.15703125 0.609375 0.0828125 0.15859375
0 0.065625 0.353125 0.06796875 0.10625
0 0.84375 0.78203125 0.0875 0.13828125
0 0.22734375 0.43359375 0.0703125 0.1234375
0 0.34453125 0.35625 0.05859375 0.0921875
0 0.459375 0.6265625 0.0703125 0.11796875
0 0.41015625 0.8671875 0.08828125 0.16328125
0 0.18125 0.30546875 0.0671875 0.09921875
0 0.47109375 0.15 0.04375 0.08515625
0 0.05625 0.9078125 0.0796875 0.1421875
0 0.25703125 0.9515625 0.0921875 0.08984375
0 0.921875 0.49609375 0.0515625 0.10234375
0 0.63359375 0.02578125 0.03984375 0.0515625
0 0.7328125 0.88984375 0.09140625 0.17109375
0 0.8453125 0.55859375 0.06640625 0.125
0 0.14375 0.19609375 0.06796875 0.08359375
0 0.42265625 0.04609375 0.0421875 0.06875
0 0.03125 0.2390625 0.0625 0.103125
0 0.690625 0.14140625 0.05234375 0.0765625
0 0.528125 0.25390625 0.046875 0.0890625
0 0.98203125 0.23515625 0.0359375 0.1140625
0 0.59140625 0.3828125 0.053125 0.09453125
0 0.2171875 0.78671875 0.07890625 0.15859375
0 0.984375 0.6296875 0.03125 0.11875
0 0.4953125 0.42265625 0.05390625 0.09921875
0 0.571875 0.54453125 0.06484375 0.14609375
0 0.61875 0.19140625 0.040625 0.06796875
0 0.98203125 0.4296875 0.03515625 0.12265625
0 0.5296875 0.78515625 0.0875 0.171875
0 0.1046875 0.084375 0.04296875 0.07265625
0 0.01875 0.7078125 0.0375 0.109375
0 0.33984375 0.09453125 0.06015625 0.078125
0 0.834375 0.35703125 0.0671875 0.096875
0 0.7640625 0.234375 0.0609375 0.1015625