0 0.11484375 0.8921875 0.05390625 0.125
0 0.096875 0.7296875 0.05078125 0.10703125
0 0.0859375 0.5671875 0.059375 0.10546875
0 0.065625 0.4234375 0.040625 0.103125
0 0.04296875 0.31796875 0.05078125 0.0890625
0 0.03046875 0.234375 0.04765625 0.07421875
0 0.01953125 0.15546875 0.03203125 0.0734375
0 0.0125 0.084375 0.025 0.06953125
0 0.0921875 0.02421875 0.04375 0.0484375
0 0.1078125 0.0859375 0.04140625 0.0671875
0 0.12421875 0.1625 0.05078125 0.08125
0 0.14375 0.26484375 0.0578125 0.090625
0 0.19453125 0.0328125 0.04453125 0.065625
0 0.215625 0.103125 0.05390625 0.08515625
0 0.234375 0.19296875 0.05 0.0890625
0 0.25546875 0.28359375 0.0546875 0.09296875
0 0.1890625 0.47734375 0.0578125 0.12109375
0 0.20546875 0.63671875 0.06171875 0.109375
0 0.23125 0.790625 0.07109375 0.1265625
0 0.30234375 0.40078125 0.059375 0.09453125
0 0.31484375 0.55390625 0.0546875 0.1140625
0 0.334375 0.728125 0.05546875 0.13515625
0 0.3828125 0.896875 0.06640625 0.0875
0 0.4765625 0.7953125 0.06015625 0.1140625
0 0.43515625 0.61328125 0.0546875 0.10703125
0 0.4109375 0.46484375 0.05234375 0.08828125
0 0.38828125 0.3390625 0.040625 0.08671875
0 0.353125 0.23046875 0.05703125 0.12421875
0 0.33125 0.134375 0.04140625 0.09453125
0 0.3 0.05 0.059375 0.1
0 0.3859375 0.034375 0.05625 0.06875
0 0.4203125 0.0921875 0.05703125 0.0859375
0 0.44609375 0.17578125 0.0578125 0.08671875
0 0.48671875 0.2796875 0.046875 0.07578125
0 0.496875 0.03828125 0.0515625 0.0765625
0 0.52890625 0.125 0.05625 0.08203125
0 0.6015625 0.08359375 0.04765625 0.08984375
0 0.68671875 0.03671875 0.05234375 0.07265625
0 0.72734375 0.109375 0.04921875 0.0796875
0 0.65546875 0.16171875 0.0609375 0.08046875
0 0.60703125 0.325 0.06484375 0.11171875
0 0.6859375 0.26015625 0.0453125 0.0765625
0 0.79921875 0.06953125 0.03515625 0.053125
0 0.865625 0.02421875 0.046875 0.0484375
0 0.97265625 0.07109375 0.0546875 0.078125
0 0.9 0.11796875 0.0328125 0.06015625
0 0.84375 0.16015625 0.0515625 0.06484375
0 0.7703125 0.21953125 0.04765625 0.0890625
0 0.6453125 0.4703125 0.06171875 0.10703125
0 0.5453125 0.51328125 0.03671875 0.07421875
0 0.57734375 0.6890625 0.04921875 0.08828125
0 0.678125 0.59609375 0.04921875 0.10859375
0 0.7734375 0.50546875 0.0546875 0.10703125
0 0.7234375 0.37109375 0.04375 0.075
0 0.81484375 0.31953125 0.046875 0.096875
0 0.8828125 0.26328125 0.034375 0.09140625
0 0.94453125 0.19765625 0.0484375 0.0859375
0 0.9796875 0.3109375 0.03984375 0.07890625
0 0.921875 0.3765625 0.04453125 0.071875
0 0.85859375 0.43125 0.03984375 0.078125
0 0.97734375 0.50703125 0.0453125 0.10390625
0 0.8921875 0.59453125 0.05234375 0.10078125
0 0.81328125 0.65859375 0.04921875 0.090625
0 0.87265625 0.8390625 0.06640625 0.08046875
0 0.96171875 0.73828125 0.06328125 0.11015625
0 0.7640625 0.9234375 0.065625 0.1234375
0 0.73046875 0.76171875 0.04765625 0.0734375