0 0.33046875 0.12734375 0.04921875 0.08125
0 0.190625 0.06484375 0.05859375 0.08828125
0 0.5453125 0.29453125 0.06171875 0.096875
0 0.53671875 0.14375 0.046875 0.0796875
0 0.925 0.8640625 0.109375 0.1640625
0 0.23125 0.33828125 0.0703125 0.121875
0 0.13203125 0.40859375 0.0765625 0.12265625
0 0.6078125 0.25390625 0.05234375 0.08046875
0 0.4640625 0.353125 0.053125 0.0890625
0 0.05703125 0.0328125 0.05234375 0.06484375
0 0.39765625 0.2265625 0.07109375 0.11640625
0 0.0234375 0.16171875 0.04609375 0.10234375
0 0.31796875 0.290625 0.06796875 0.1015625
0 0.475 0.1984375 0.04609375 0.090625
0 0.68046875 0.20625 0.06484375 0.10234375
0 0.47578125 0.05625 0.04921875 0.0875
0 0.1640625 0.215625 0.05859375 0.1203125
0 0.090625 0.6234375 0.075 0.11484375
0 0.11015625 0.10859375 0.05625 0.1125
0 0.02734375 0.48671875 0.05390625 0.12421875
0 0.659375 0.06875 0.05234375 0.07578125
0 0.78984375 0.1234375 0.05546875 0.090625
0 0.6015625 0.10625 0.046875 0.07890625
0 0.3875 0.40078125 0.0640625 0.1359375
0 0.3 0.4578125 0.0625 0.10078125
0 0.64140625 0.6234375 0.05078125 0.103125
0 0.8109375 0.26640625 0.0640625 0.0921875
0 0.85234375 0.43359375 0.06640625 0.121875
0 0.46484375 0.821875 0.06640625 0.1140625
0 0.1953125 0.5421875 0.06015625 0.0984375
0 0.80546875 0.678125 0.065625 0.0984375
0 0.71171875 0.5671875 0.05859375 0.103125
0 0.4703125 0.55546875 0.06171875 0.09609375
0 0.05703125 0.91796875 0.0703125 0.15234375
0 0.06953125 0.27578125 0.0625 0.10546875
0 0.734375 0.80546875 0.046875 0.08203125
0 0.61875 0.42421875 0.0515625 0.0953125
0 0.3734375 0.63515625 0.04765625 0.10703125
0 0.27109375 0.03125 0.05078125 0.06171875
0 0.56171875 0.73125 0.059375 0.1125
0 0.66953125 0.91640625 0.06796875 0.11171875
0 0.4 0.08984375 0.046875 0.0953125
0 0.75546875 0.31953125 0.05 0.1078125
0 0.35625 0.9359375 0.0703125 0.12109375
0 0.684375 0.365625 0.0609375 0.10390625
0 0.27734375 0.7296875 0.07421875 0.121875
0 0.26015625 0.16484375 0.04140625 0.08828125
0 0.15234375 0.83828125 0.06640625 0.15390625
0 0.7859375 0.49453125 0.0609375 0.10390625
0 0.71953125 0.04296875 0.05078125 0.07421875
0 0.88125 0.62265625 0.046875 0.0953125