0 0.9515625 0.8296875 0.078125 0.1078125
0 0.965625 0.3921875 0.04921875 0.0609375
0 0.91328125 0.50546875 0.06796875 0.0859375
0 0.8734375 0.62734375 0.0671875 0.0609375
0 0.79296875 0.75703125 0.05546875 0.08828125
0 0.72890625 0.88359375 0.06640625 0.12734375
0 0.48046875 0.94140625 0.078125 0.11640625
0 0.58125 0.803125 0.0671875 0.09296875
0 0.671875 0.67109375 0.05546875 0.0890625
0 0.7375 0.55703125 0.0390625 0.07109375
0 0.7984375 0.4546875 0.05 0.0734375
0 0.85390625 0.35703125 0.04765625 0.07421875
0 0.89375 0.2640625 0.05 0.0578125
0 0.92890625 0.18984375 0.0421875 0.059375
0 0.9734375 0.10859375 0.0484375 0.05625
0 0.92109375 0.03125 0.025 0.0359375
0 0.88359375 0.08046875 0.05234375 0.059375
0 0.84765625 0.146875 0.04609375 0.040625
0 0.79453125 0.21875 0.0546875 0.05078125
0 0.75546875 0.31328125 0.03203125 0.05390625
0 0.68984375 0.3953125 0.05390625 0.0921875
0 0.63046875 0.50390625 0.07578125 0.065625
0 0.53125 0.60703125 0.05 0.075
0 0.4328125 0.728125 0.05234375 0.10234375
0 0.32265625 0.86953125 0.065625 0.10859375
0 0.8015625 0.04453125 0.03828125 0.05390625
0 0.75625 0.11640625 0.03828125 0.07734375
0 0.7140625 0.18515625 0.034375 0.06171875
0 0.6484375 0.271875 0.0453125 0.06328125
0 0.590625 0.35078125 0.0375 0.0625
0 0.5140625 0.43671875 0.0546875 0.065625
0 0.42734375 0.54375 0.05234375 0.07421875
0 0.3203125 0.65078125 0.05 0.08203125
0 0.20703125 0.78125 0.0671875 0.10390625
0 0.08203125 0.94765625 0.06328125 0.07578125
0 0.71953125 0.02890625 0.04453125 0.0484375
0 0.66875 0.084375 0.02421875 0.0375
0 0.615625 0.15859375 0.046875 0.05703125
0 0.54765625 0.22421875 0.0328125 0.053125
0 0.48359375 0.3 0.04921875 0.0609375
0 0.40859375 0.3796875 0.040625 0.05234375
0 0.31015625 0.47890625 0.0390625 0.04921875
0 0.21328125 0.578125 0.0515625 0.0796875
0 0.09609375 0.68671875 0.06796875 0.07421875
0 0.0953125 0.5234375 0.0578125 0.0671875
0 0.2140625 0.43125 0.046875 0.06328125
0 0.30390625 0.33671875 0.04921875 0.05078125
0 0.3859375 0.25625 0.040625 0.05
0 0.45625 0.18203125 0.04609375 0.06484375
0 0.52578125 0.10859375 0.0484375 0.05234375
0 0.5859375 0.04375 0.03359375 0.04453125
0 0.446875 0.07890625 0.04375 0.046875
0 0.37265625 0.15078125 0.0421875 0.05390625
0 0.3 0.2203125 0.0515625 0.0546875
0 0.21953125 0.2890625 0.034375 0.05390625
0 0.10859375 0.3953125 0.04453125 0.07734375
0 0.0359375 0.34453125 0.071875 0.078125
0 0.1234375 0.2625 0.04609375 0.06796875
0 0.215625 0.2015625 0.03515625 0.059375
0 0.2875 0.11875 0.04609375 0.06796875
0 0.35703125 0.0453125 0.0265625 0.046875
0 0.29453125 0.03203125 0.03671875 0.04375
0 0.20625 0.1046875 0.0375 0.0609375
0 0.13203125 0.1625 0.0546875 0.0796875
0 0.05078125 0.23984375 0.05 0.078125
0 0.0625 0.14453125 0.05078125 0.06328125
0 0.13984375 0.08359375 0.0546875 0.06171875
0 0.14765625 0.021875 0.04375 0.04375
0 0.078125 0.07109375 0.04609375 0.05703125
0 0.021875 0.05625 0.04375 0.065625