0 0.25 0.03828125 0.03046875 0.07578125
0 0.2203125 0.0875 0.03046875 0.06328125
0 0.2484375 0.09140625 0.021875 0.04375
0 0.246875 0.1296875 0.02578125 0.0328125
0 0.24609375 0.1703125 0.02265625 0.0453125
0 0.24296875 0.215625 0.02578125 0.05390625
0 0.2453125 0.26328125 0.025 0.0484375
0 0.24140625 0.30859375 0.025 0.040625
0 0.23828125 0.35390625 0.028125 0.053125
0 0.23671875 0.44609375 0.03046875 0.0640625
0 0.26484375 0.45 0.025 0.04765625
0 0.26640625 0.4015625 0.021875 0.046875
0 0.26640625 0.346875 0.03359375 0.05625
0 0.27109375 0.29921875 0.02265625 0.03828125
0 0.2734375 0.26484375 0.02109375 0.03203125
0 0.27265625 0.21953125 0.02265625 0.059375
0 0.22109375 0.1359375 0.0234375 0.03359375
0 0.21875 0.17421875 0.021875 0.0359375
0 0.21796875 0.2140625 0.0171875 0.0515625
0 0.27734375 0.15234375 0.02578125 0.07109375
0 0.27890625 0.08828125 0.03125 0.04609375
0 0.27890625 0.05078125 0.025 0.04296875
0 0.2796875 0.01328125 0.0203125 0.02578125
0 0.234375 0.5296875 0.03359375 0.04609375
0 0.2328125 0.5765625 0.01953125 0.03515625
0 0.2609375 0.5765625 0.021875 0.040625
0 0.2890625 0.58359375 0.0265625 0.04921875
0 0.29140625 0.5359375 0.0234375 0.04296875
0 0.2265625 0.67734375 0.034375 0.05859375
0 0.2609375 0.69921875 0.03125 0.0890625
0 0.23046875 0.73046875 0.02578125 0.04375
0 0.22734375 0.76875 0.03125 0.04375
0 0.25546875 0.7734375 0.02890625 0.0546875
0 0.22734375 0.8203125 0.02890625 0.0515625
0 0.25703125 0.86015625 0.03671875 0.065625
0 0.22578125 0.90859375 0.0234375 0.053125
0 0.253125 0.91328125 0.025 0.053125
0 0.2546875 0.95859375 0.0359375 0.0609375
0 0.28203125 0.96640625 0.03046875 0.0515625
0 0.284375 0.91640625 0.0265625 0.04765625
0 0.28515625 0.8671875 0.02578125 0.053125
0 0.3140625 0.8671875 0.02890625 0.05390625
0 0.31484375 0.91796875 0.03125 0.04921875
0 0.31328125 0.96953125 0.0328125 0.05390625
0 0.3421875 0.96640625 0.02734375 0.04765625
0 0.3421875 0.9171875 0.03046875 0.04765625
0 0.34140625 0.87421875 0.03515625 0.04140625
0 0.34453125 0.7796875 0.028125 0.0484375
0 0.3140625 0.78125 0.03203125 0.0578125
0 0.2859375 0.7765625 0.03046875 0.05546875
0 0.28359375 0.72265625 0.02890625 0.05390625
0 0.3140625 0.72109375 0.0203125 0.04296875
0 0.3453125 0.73046875 0.02578125 0.05390625
0 0.34296875 0.67734375 0.0265625 0.05078125
0 0.315625 0.67421875 0.02109375 0.05078125
0 0.3484375 0.5828125 0.02578125 0.04921875
0 0.31796875 0.58828125 0.02890625 0.0609375
0 0.3203125 0.5390625 0.021875 0.0375
0 0.35078125 0.5359375 0.0296875 0.053125
0 0.35 0.44921875 0.0234375 0.0453125
0 0.325 0.44296875 0.02421875 0.04296875
0 0.2921875 0.44609375 0.03046875 0.04296875
0 0.29453125 0.396875 0.02578125 0.04375
0 0.3234375 0.3953125 0.0296875 0.046875
0 0.3546875 0.35234375 0.028125 0.04765625
0 0.32421875 0.34921875 0.034375 0.0453125
0 0.2953125 0.34609375 0.028125 0.0484375
0 0.2984375 0.3015625 0.02265625 0.03828125
0 0.328125 0.30234375 0.025 0.03984375
0 0.35390625 0.30859375 0.028125 0.05078125
0 0.35703125 0.2609375 0.02421875 0.04296875
0 0.32890625 0.26015625 0.0234375 0.04140625
0 0.30078125 0.2625 0.02421875 0.04375
0 0.30078125 0.21640625 0.025 0.05390625
0 0.32890625 0.2171875 0.02734375 0.04765625
0 0.35859375 0.21796875 0.0296875 0.0421875
0 0.33203125 0.1703125 0.0234375 0.03984375
0 0.303125 0.16328125 0.021875 0.0421875
0 0.30546875 0.13359375 0.0234375 0.05078125
0 0.3328125 0.1328125 0.028125 0.04296875
0 0.36015625 0.13203125 0.0265625 0.046875
0 0.36328125 0.090625 0.0234375 0.03984375
0 0.36328125 0.0515625 0.0265625 0.0453125
0 0.365625 0.01484375 0.0171875 0.0296875
0 0.33359375 0.0921875 0.0234375 0.03828125
0 0.30703125 0.0859375 0.02265625 0.040625
0 0.3078125 0.03515625 0.0296875 0.06328125
0 0.33671875 0.0375 0.0296875 0.075
0 0.37109375 0.9703125 0.02890625 0.04140625
0 0.403125 0.97109375 0.02734375 0.04921875
0 0.3984375 0.91953125 0.028125 0.0484375
0 0.371875 0.921875 0.02109375 0.046875
0 0.3734375 0.87421875 0.02734375 0.0546875
0 0.4015625 0.87265625 0.0265625 0.04765625
0 0.43125 0.865625 0.02578125 0.046875
0 0.43359375 0.91796875 0.02421875 0.05703125
0 0.43125 0.96640625 0.0234375 0.040625
0 0.46484375 0.965625 0.0265625 0.0421875
0 0.4640625 0.915625 0.02265625 0.046875
0 0.4640625 0.87265625 0.028125 0.046875
0 0.49453125 0.8796875 0.0328125 0.05
0 0.49453125 0.9265625 0.028125 0.05
0 0.496875 0.96953125 0.02578125 0.04140625
0 0.52421875 0.965625 0.02890625 0.03828125
0 0.52421875 0.91953125 0.0265625 0.04765625
0 0.52578125 0.87109375 0.0265625 0.05078125
0 0.553125 0.87421875 0.0265625 0.04296875
0 0.5546875 0.9203125 0.02734375 0.04765625
0 0.55390625 0.9734375 0.0296875 0.0484375
0 0.58359375 0.96953125 0.0296875 0.04375
0 0.58359375 0.9203125 0.0359375 0.05
0 0.58671875 0.875 0.03203125 0.04921875
0 0.40390625 0.7734375 0.02890625 0.0453125
0 0.3765625 0.7265625 0.0328125 0.05234375
0 0.378125 0.6796875 0.028125 0.05234375
0 0.409375 0.6796875 0.0296875 0.0484375
0 0.403125 0.72890625 0.0296875 0.0484375
0 0.4359375 0.72890625 0.03203125 0.04375
0 0.434375 0.77421875 0.0296875 0.046875
0 0.46484375 0.778125 0.028125 0.059375
0 0.465625 0.728125 0.028125 0.0421875
0 0.46640625 0.68046875 0.028125 0.04765625
0 0.496875 0.6828125 0.03125 0.0484375
0 0.4953125 0.77890625 0.02734375 0.05703125
0 0.5234375 0.778125 0.02890625 0.0515625
0 0.52734375 0.73125 0.021875 0.034375
0 0.525 0.6796875 0.02734375 0.0578125
0 0.55859375 0.784375 0.02734375 0.05859375
0 0.55390625 0.7390625 0.03125 0.05234375
0 0.55390625 0.68515625 0.02578125 0.0546875
0 0.584375 0.68671875 0.02578125 0.0484375
0 0.58828125 0.73203125 0.025 0.04296875
0 0.584375 0.77890625 0.02578125 0.053125
0 0.37890625 0.58828125 0.025 0.05390625
0 0.37890625 0.53359375 0.0234375 0.05234375
0 0.40625 0.53515625 0.0296875 0.04921875
0 0.40546875 0.5875 0.0296875 0.053125
0 0.4375 0.5875 0.02890625 0.05078125
0 0.4375 0.54140625 0.0234375 0.03828125
0 0.46640625 0.5375 0.02734375 0.0453125
0 0.46484375 0.58828125 0.02421875 0.0515625
0 0.496875 0.5859375 0.0265625 0.04609375
0 0.49609375 0.53984375 0.02578125 0.04453125
0 0.52734375 0.59140625 0.0265625 0.05390625
0 0.559375 0.590625 0.02421875 0.0453125
0 0.559375 0.53828125 0.02734375 0.06015625
0 0.5875 0.54375 0.0234375 0.04921875
0 0.5859375 0.59296875 0.02734375 0.05078125
0 0.584375 0.453125 0.025 0.0546875
0 0.55703125 0.45234375 0.0234375 0.04921875
0 0.52578125 0.4515625 0.02734375 0.0515625
0 0.49921875 0.44765625 0.02734375 0.04375
0 0.46875 0.44609375 0.0296875 0.03671875
0 0.43984375 0.45 0.01953125 0.0484375
0 0.41015625 0.453125 0.0265625 0.0578125
0 0.38203125 0.44609375 0.0265625 0.0578125
0 0.38125 0.39609375 0.02109375 0.04296875
0 0.41015625 0.3984375 0.02578125 0.04765625
0 0.43828125 0.40078125 0.0296875 0.05
0 0.46953125 0.403125 0.0265625 0.0484375
0 0.49921875 0.40234375 0.02734375 0.0578125
0 0.52734375 0.40234375 0.0296875 0.053125
0 0.55859375 0.403125 0.03046875 0.05859375
0 0.58359375 0.40390625 0.02734375 0.04609375
0 0.58671875 0.35859375 0.02578125 0.046875
0 0.55546875 0.36015625 0.02421875 0.04921875
0 0.503125 0.3515625 0.02734375 0.0515625
0 0.53046875 0.3578125 0.025 0.05
0 0.4703125 0.35625 0.03203125 0.04921875
0 0.43984375 0.35703125 0.02734375 0.0546875
0 0.4109375 0.346875 0.02734375 0.05234375
0 0.3828125 0.34453125 0.02890625 0.06484375
0 0.3828125 0.3 0.02734375 0.03125
0 0.41484375 0.30234375 0.021875 0.03515625
0 0.4421875 0.3078125 0.02265625 0.03828125
0 0.4703125 0.30859375 0.02734375 0.03828125
0 0.5015625 0.30703125 0.02265625 0.04140625
0 0.528125 0.3125 0.0265625 0.0453125
0 0.5578125 0.31171875 0.02421875 0.040625
0 0.58359375 0.31640625 0.02421875 0.04140625
0 0.3859375 0.26796875 0.0265625 0.0390625
0 0.41328125 0.26328125 0.025 0.0375
0 0.4453125 0.2640625 0.025 0.03984375
0 0.47109375 0.26328125 0.028125 0.05
0 0.5015625 0.26640625 0.03203125 0.03828125
0 0.5296875 0.27109375 0.0234375 0.04296875
0 0.559375 0.26953125 0.0234375 0.04375
0 0.58828125 0.27109375 0.025 0.03671875
0 0.58984375 0.22734375 0.025 0.04921875
0 0.56015625 0.2234375 0.0234375 0.04921875
0 0.53046875 0.22578125 0.0296875 0.04296875
0 0.50390625 0.2234375 0.03046875 0.05078125
0 0.47265625 0.21484375 0.02578125 0.0453125
0 0.44453125 0.2203125 0.0296875 0.05078125
0 0.41328125 0.21640625 0.028125 0.05078125
0 0.38515625 0.2203125 0.025 0.05390625
0 0.590625 0.1875 0.02890625 0.03125
0 0.58984375 0.14453125 0.0234375 0.0515625
0 0.5625 0.18359375 0.0203125 0.02421875
0 0.56015625 0.14453125 0.01796875 0.0546875
0 0.5609375 0.09296875 0.0265625 0.03359375
0 0.5890625 0.1 0.02578125 0.04140625
0 0.5875 0.0578125 0.0234375 0.04921875
0 0.56171875 0.05546875 0.02734375 0.0453125
0 0.56171875 0.0171875 0.02578125 0.034375
0 0.58828125 0.01796875 0.02421875 0.03515625
0 0.5328125 0.18125 0.0296875 0.0453125
0 0.50078125 0.17734375 0.028125 0.04765625
0 0.4734375 0.17265625 0.0203125 0.03984375
0 0.4453125 0.17734375 0.025 0.03671875
0 0.41796875 0.17265625 0.02578125 0.0421875
0 0.3875 0.1734375 0.025 0.04921875
0 0.38984375 0.1296875 0.025 0.04375
0 0.38984375 0.09140625 0.021875 0.04296875
0 0.39140625 0.03671875 0.0265625 0.0734375
0 0.41875 0.12421875 0.02578125 0.0578125
0 0.41875 0.0796875 0.021875 0.02890625
0 0.42265625 0.04375 0.025 0.0375
0 0.4203125 0.01484375 0.0203125 0.028125
0 0.44609375 0.13359375 0.025 0.05
0 0.44375 0.0875 0.02421875 0.04921875
0 0.4453125 0.04609375 0.01953125 0.0375
0 0.4484375 0.0109375 0.01875 0.021875
0 0.4734375 0.1296875 0.0296875 0.05078125
0 0.47578125 0.08984375 0.028125 0.04765625
0 0.47421875 0.04921875 0.02421875 0.04609375
0 0.5046875 0.12890625 0.02578125 0.0453125
0 0.53125 0.13828125 0.03046875 0.03984375
0 0.53046875 0.09765625 0.0265625 0.04375
0 0.503125 0.08671875 0.0234375 0.0453125
0 0.5046875 0.04609375 0.0296875 0.04609375
0 0.5015625 0.0140625 0.028125 0.028125
0 0.47734375 0.01484375 0.028125 0.0296875
0 0.5328125 0.05703125 0.0328125 0.04765625
0 0.5328125 0.01796875 0.028125 0.03515625
0 0.61328125 0.965625 0.03203125 0.0515625
0 0.64375 0.965625 0.021875 0.040625
0 0.67109375 0.96328125 0.0296875 0.04375
0 0.6984375 0.96875 0.0296875 0.04296875
0 0.72734375 0.95859375 0.028125 0.04140625
0 0.75703125 0.959375 0.02578125 0.046875
0 0.78671875 0.96171875 0.02734375 0.04375
0 0.81484375 0.95546875 0.02578125 0.04296875
0 0.8125 0.9125 0.02265625 0.0390625
0 0.78515625 0.91328125 0.02734375 0.0375
0 0.75625 0.9171875 0.025 0.0390625
0 0.72890625 0.9203125 0.02421875 0.0359375
0 0.70078125 0.91328125 0.02265625 0.04375
0 0.67109375 0.91484375 0.0296875 0.05
0 0.6421875 0.91796875 0.01953125 0.03828125
0 0.61328125 0.91328125 0.02890625 0.04609375
0 0.615625 0.87109375 0.02734375 0.0453125
0 0.64296875 0.87578125 0.03203125 0.05390625
0 0.6734375 0.871875 0.025 0.03984375
0 0.70234375 0.871875 0.02421875 0.0375
0 0.7265625 0.86875 0.02421875 0.03984375
0 0.75625 0.87265625 0.0296875 0.05703125
0 0.7875 0.86640625 0.02421875 0.03984375
0 0.809375 0.8640625 0.02421875 0.04609375
0 0.8140625 0.81484375 0.028125 0.03671875
0 0.784375 0.82109375 0.02265625 0.03671875
0 0.75703125 0.82265625 0.02890625 0.03984375
0 0.72734375 0.8265625 0.02578125 0.04140625
0 0.70234375 0.82890625 0.025 0.0421875
0 0.67109375 0.82421875 0.02578125 0.04609375
0 0.61484375 0.81796875 0.025 0.0546875
0 0.6140625 0.76875 0.02109375 0.04375
0 0.64609375 0.78125 0.02421875 0.0546875
0 0.671875 0.7765625 0.02734375 0.04140625
0 0.70234375 0.78046875 0.02734375 0.05234375
0 0.72734375 0.78046875 0.0203125 0.0421875
0 0.7578125 0.7796875 0.02890625 0.05390625
0 0.7875 0.7828125 0.0234375 0.0375
0 0.7578125 0.7328125 0.0265625 0.04140625
0 0.728125 0.73359375 0.01875 0.04453125
0 0.7 0.73125 0.025 0.0375
0 0.67421875 0.72890625 0.03125 0.0484375
0 0.64296875 0.734375 0.02421875 0.04140625
0 0.64296875 0.684375 0.02265625 0.0453125
0 0.6734375 0.68515625 0.02734375 0.04609375
0 0.7015625 0.68046875 0.021875 0.0578125
0 0.72734375 0.68828125 0.02421875 0.05078125
0 0.75859375 0.6859375 0.02421875 0.04609375
0 0.78515625 0.7296875 0.01953125 0.0359375
0 0.809375 0.73203125 0.0265625 0.04765625
0 0.81328125 0.68203125 0.028125 0.05234375
0 0.78359375 0.68671875 0.0234375 0.04609375
0 0.615625 0.6421875 0.01875 0.03984375
0 0.6171875 0.59140625 0.02734375 0.04296875
0 0.6171875 0.5453125 0.028125 0.06171875
0 0.6453125 0.55 0.02109375 0.03671875
0 0.64453125 0.59375 0.02734375 0.05
0 0.67265625 0.5953125 0.02578125 0.0421875
0 0.67578125 0.546875 0.02421875 0.046875
0 0.70078125 0.55078125 0.02421875 0.04453125
0 0.70234375 0.5953125 0.02265625 0.03828125
0 0.73046875 0.59296875 0.028125 0.03984375
0 0.7578125 0.5953125 0.02421875 0.03671875
0 0.7859375 0.590625 0.02578125 0.0390625
0 0.81015625 0.55546875 0.025 0.03125
0 0.78359375 0.54921875 0.01875 0.034375
0 0.7578125 0.54765625 0.025 0.04609375
0 0.72734375 0.55078125 0.02578125 0.04921875
0 0.7015625 0.49921875 0.0234375 0.0375
0 0.728125 0.5046875 0.02109375 0.0421875
0 0.7265625 0.46015625 0.02578125 0.059375
0 0.7 0.45546875 0.02578125 0.0515625
0 0.6734375 0.4546875 0.02890625 0.04921875
0 0.646875 0.45390625 0.021875 0.053125
0 0.6171875 0.4515625 0.02265625 0.04921875
0 0.815625 0.5046875 0.03125 0.04609375
0 0.8484375 0.475 0.028125 0.05078125
0 0.81171875 0.45390625 0.0203125 0.03984375
0 0.78359375 0.459375 0.02109375 0.040625
0 0.75546875 0.459375 0.02421875 0.0359375
0 0.78515625 0.50703125 0.0203125 0.03828125
0 0.809375 0.4109375 0.021875 0.03828125
0 0.78125 0.41171875 0.02109375 0.04375
0 0.75546875 0.41796875 0.0265625 0.05546875
0 0.7296875 0.41171875 0.02421875 0.03828125
0 0.6984375 0.4109375 0.028125 0.0375
0 0.671875 0.40546875 0.0234375 0.04375
0 0.6453125 0.409375 0.02265625 0.0375
0 0.6140625 0.40546875 0.028125 0.03828125
0 0.615625 0.3578125 0.0296875 0.05078125
0 0.64375 0.36171875 0.03125 0.053125
0 0.6140625 0.315625 0.0265625 0.040625
0 0.675 0.36328125 0.03203125 0.04375
0 0.6765625 0.321875 0.02421875 0.04453125
0 0.64609375 0.31484375 0.02890625 0.046875
0 0.69921875 0.36484375 0.0296875 0.05078125
0 0.69921875 0.31953125 0.025 0.0421875
0 0.728125 0.3671875 0.03125 0.06328125
0 0.728125 0.321875 0.02265625 0.03359375
0 0.7546875 0.37109375 0.025 0.04375
0 0.75390625 0.32421875 0.02265625 0.0453125
0 0.78046875 0.36953125 0.03125 0.0421875
0 0.78203125 0.325 0.02421875 0.03671875
0 0.809375 0.3703125 0.02578125 0.0390625
0 0.80546875 0.3296875 0.021875 0.04375
0 0.80546875 0.28828125 0.0234375 0.040625
0 0.78203125 0.28046875 0.0234375 0.03828125
0 0.75234375 0.2875 0.0234375 0.0421875
0 0.72578125 0.2828125 0.0203125 0.040625
0 0.696875 0.278125 0.0234375 0.0453125
0 0.67265625 0.27890625 0.0234375 0.03984375
0 0.64296875 0.2734375 0.02421875 0.034375
0 0.615625 0.2734375 0.02109375 0.0390625
0 0.61875 0.23046875 0.02734375 0.05078125
0 0.64375 0.23125 0.02578125 0.059375
0 0.66953125 0.2375 0.03203125 0.05390625
0 0.696875 0.23046875 0.02578125 0.05234375
0 0.728125 0.23984375 0.02734375 0.0484375
0 0.753125 0.24375 0.0296875 0.0625
0 0.7828125 0.2390625 0.02421875 0.04921875
0 0.80859375 0.24375 0.025 0.04453125
0 0.61875 0.18515625 0.025 0.040625
0 0.61640625 0.1390625 0.02578125 0.05234375
0 0.61484375 0.09296875 0.02265625 0.04765625
0 0.615625 0.05859375 0.01640625 0.02890625
0 0.61484375 0.0234375 0.02421875 0.04609375
0 0.6421875 0.02109375 0.025 0.04140625
0 0.63984375 0.06875 0.0296875 0.04375
0 0.6421875 0.10078125 0.02265625 0.04609375
0 0.6453125 0.14140625 0.0265625 0.05390625
0 0.64296875 0.18828125 0.02421875 0.04453125
0 0.66953125 0.1875 0.0265625 0.04609375
0 0.69921875 0.18671875 0.02734375 0.0359375
0 0.6984375 0.14921875 0.02265625 0.03828125
0 0.67109375 0.1453125 0.0234375 0.04765625
0 0.67109375 0.1046875 0.025 0.05078125
0 0.66875 0.06171875 0.02265625 0.04921875
0 0.66640625 0.0234375 0.02421875 0.04609375
0 0.69765625 0.0203125 0.0234375 0.03984375
0 0.69609375 0.06484375 0.02421875 0.0546875
0 0.69765625 0.109375 0.02421875 0.05703125
0 0.725 0.190625 0.02421875 0.05390625
0 0.72578125 0.1453125 0.02421875 0.04453125
0 0.725 0.10703125 0.02578125 0.04296875
0 0.721875 0.0671875 0.025 0.0484375
0 0.7203125 0.0234375 0.01953125 0.046875
0 0.753125 0.18671875 0.02734375 0.053125
0 0.753125 0.14296875 0.0265625 0.04296875
0 0.75 0.11328125 0.02265625 0.03515625
0 0.75 0.0734375 0.02421875 0.05078125
0 0.7484375 0.02421875 0.0234375 0.0484375
0 0.78203125 0.1953125 0.0234375 0.04375
0 0.80546875 0.203125 0.02421875 0.0421875
0 0.80546875 0.15390625 0.01875 0.0421875
0 0.7796875 0.153125 0.025 0.04609375
0 0.77578125 0.10546875 0.025 0.040625
0 0.80625 0.11015625 0.0265625 0.0453125
0 0.80390625 0.065625 0.0203125 0.0390625
0 0.77421875 0.0671875 0.025 0.02890625
0 0.775 0.028125 0.03125 0.05625
0 0.8015625 0.0234375 0.02109375 0.0453125
0 0.84375 0.04921875 0.0265625 0.04140625
0 0.8421875 0.0875 0.0234375 0.05078125
0 0.84609375 0.19375 0.0265625 0.05859375
0 0.8453125 0.23515625 0.0265625 0.040625
0 0.84609375 0.296875 0.028125 0.06328125
0 0.85 0.3421875 0.03203125 0.04609375
0 0.85 0.38984375 0.03125 0.0578125
0 0.8546875 0.66484375 0.02421875 0.046875
0 0.85 0.73046875 0.01953125 0.04609375
0 0.85234375 0.7765625 0.0296875 0.04921875
0 0.85234375 0.82578125 0.02578125 0.0421875
0 0.8546875 0.88671875 0.02578125 0.04375
0 0.85390625 0.93671875 0.028125 0.05625
0 0.2171875 0.26484375 0.0234375 0.0421875
0 0.215625 0.30625 0.02421875 0.0453125
0 0.21171875 0.3515625 0.021875 0.0375