0 0.97734375 0.7546875 0.02578125 0.040625
0 0.9921875 0.671875 0.01484375 0.04453125
0 0.97265625 0.68828125 0.025 0.03671875
0 0.94921875 0.69765625 0.0265625 0.046875
0 0.98515625 0.59921875 0.02578125 0.04765625
0 0.9609375 0.6140625 0.0234375 0.04296875
0 0.934375 0.625 0.028125 0.0484375
0 0.9109375 0.64375 0.025 0.0484375
0 0.8875 0.65859375 0.02578125 0.0484375
0 0.85 0.60078125 0.02265625 0.04375
0 0.87421875 0.58828125 0.02109375 0.03515625
0 0.90078125 0.57421875 0.0265625 0.04140625
0 0.92578125 0.55859375 0.02265625 0.04765625
0 0.94921875 0.546875 0.0234375 0.0453125
0 0.971875 0.52734375 0.01875 0.0375
0 0.99296875 0.51640625 0.01328125 0.04296875
0 0.9875 0.44375 0.021875 0.04375
0 0.96171875 0.45703125 0.02265625 0.03203125
0 0.93984375 0.475 0.025 0.03671875
0 0.91328125 0.48671875 0.02265625 0.03125
0 0.890625 0.50390625 0.0203125 0.034375
0 0.86640625 0.51640625 0.02421875 0.03984375
0 0.83984375 0.53125 0.0171875 0.0265625
0 0.81640625 0.540625 0.02421875 0.03671875
0 0.790625 0.55859375 0.034375 0.05625
0 0.73046875 0.5125 0.02265625 0.04140625
0 0.75546875 0.50234375 0.0265625 0.04453125
0 0.7796875 0.48515625 0.0234375 0.0484375
0 0.8046875 0.4703125 0.0234375 0.04375
0 0.82890625 0.45703125 0.025 0.04375
0 0.85234375 0.4421875 0.01796875 0.0359375
0 0.878125 0.43046875 0.025 0.040625
0 0.903125 0.4203125 0.021875 0.04453125
0 0.9265625 0.4 0.0234375 0.03984375
0 0.953125 0.3890625 0.0296875 0.04609375
0 0.978125 0.37421875 0.025 0.04609375
0 0.9890625 0.28515625 0.02109375 0.0453125
0 0.965625 0.30078125 0.0234375 0.0359375
0 0.93984375 0.31484375 0.02734375 0.046875
0 0.91640625 0.3296875 0.02578125 0.0421875
0 0.88984375 0.3421875 0.01875 0.04140625
0 0.86640625 0.3609375 0.02421875 0.05078125
0 0.84296875 0.3734375 0.02265625 0.04453125
0 0.81484375 0.3859375 0.025 0.04296875
0 0.79140625 0.39765625 0.02734375 0.040625
0 0.76328125 0.4171875 0.02734375 0.0484375
0 0.73984375 0.428125 0.02109375 0.04375
0 0.7125 0.440625 0.02265625 0.04296875
0 0.6875 0.4546875 0.02421875 0.040625
0 0.665625 0.47109375 0.02265625 0.05703125
0 0.63828125 0.48203125 0.0203125 0.040625
0 0.61328125 0.4953125 0.025 0.04296875
0 0.58828125 0.51328125 0.02578125 0.0453125
0 0.98125 0.215625 0.02578125 0.05
0 0.9546875 0.228125 0.0265625 0.04765625
0 0.93046875 0.240625 0.0234375 0.04375
0 0.90546875 0.25625 0.0171875 0.040625
0 0.8828125 0.2671875 0.03125 0.05390625
0 0.8546875 0.2875 0.0265625 0.046875
0 0.828125 0.29609375 0.02109375 0.04765625
0 0.80703125 0.31171875 0.02265625 0.05078125
0 0.78046875 0.33203125 0.021875 0.0453125
0 0.75390625 0.34140625 0.025 0.05390625
0 0.72890625 0.3546875 0.0265625 0.046875
0 0.70234375 0.37265625 0.03046875 0.0546875
0 0.67734375 0.3875 0.0203125 0.0421875
0 0.65234375 0.4015625 0.0234375 0.046875
0 0.62578125 0.41015625 0.025 0.04453125
0 0.60078125 0.42421875 0.0234375 0.0515625
0 0.57265625 0.44296875 0.02109375 0.040625
0 0.990625 0.12578125 0.01875 0.0421875
0 0.96953125 0.1375 0.025 0.05390625
0 0.94296875 0.14921875 0.02578125 0.04765625
0 0.91875 0.16953125 0.021875 0.05234375
0 0.89453125 0.18203125 0.0265625 0.05390625
0 0.86796875 0.19296875 0.02265625 0.0484375
0 0.8421875 0.21015625 0.02734375 0.04765625
0 0.81796875 0.22421875 0.02265625 0.0515625
0 0.79453125 0.2390625 0.021875 0.04609375
0 0.76640625 0.2515625 0.021875 0.05234375
0 0.74140625 0.265625 0.025 0.053125
0 0.715625 0.28125 0.0265625 0.05078125
0 0.690625 0.2953125 0.0265625 0.05625
0 0.66484375 0.3109375 0.02421875 0.04453125
0 0.63828125 0.32578125 0.02265625 0.04609375
0 0.6109375 0.3359375 0.02578125 0.0453125
0 0.58671875 0.3546875 0.01953125 0.03984375
0 0.5625 0.371875 0.02421875 0.04140625
0 0.98359375 0.05625 0.0234375 0.03828125
0 0.95703125 0.0671875 0.025 0.05
0 0.93203125 0.07890625 0.02578125 0.05
0 0.90703125 0.09765625 0.0203125 0.0515625
0 0.8828125 0.10703125 0.02421875 0.046875
0 0.85546875 0.12734375 0.0203125 0.0546875
0 0.8296875 0.13984375 0.01953125 0.0421875
0 0.80625 0.15 0.0203125 0.04296875
0 0.78125 0.165625 0.02421875 0.04453125
0 0.75546875 0.18515625 0.025 0.053125
0 0.73125 0.1921875 0.02421875 0.0515625
0 0.703125 0.20546875 0.02421875 0.046875
0 0.67734375 0.22421875 0.02265625 0.05625
0 0.65234375 0.2359375 0.028125 0.05703125
0 0.6265625 0.25703125 0.02265625 0.0453125
0 0.60078125 0.26640625 0.025 0.053125
0 0.57578125 0.284375 0.021875 0.053125
0 0.55234375 0.29296875 0.0265625 0.05546875
0 0.52578125 0.3078125 0.02890625 0.0515625
0 0.53671875 0.3828125 0.02734375 0.0546875
0 0.5484375 0.45703125 0.025 0.046875
0 0.91953125 0.01640625 0.02421875 0.03203125
0 0.89375 0.02734375 0.025 0.046875
0 0.86796875 0.03671875 0.0234375 0.0484375
0 0.84453125 0.05 0.02265625 0.04609375
0 0.82109375 0.06015625 0.02421875 0.04453125
0 0.79453125 0.0765625 0.02890625 0.04765625
0 0.76796875 0.09375 0.02734375 0.06171875
0 0.74453125 0.10078125 0.02265625 0.05234375
0 0.71953125 0.11875 0.02578125 0.059375
0 0.69375 0.13046875 0.0296875 0.06015625
0 0.665625 0.1484375 0.02421875 0.0546875
0 0.6390625 0.1625 0.025 0.0453125
0 0.61328125 0.1734375 0.02421875 0.04375
0 0.58828125 0.18828125 0.021875 0.04609375
0 0.5625 0.20078125 0.025 0.04765625
0 0.53671875 0.2203125 0.02578125 0.0515625
0 0.51015625 0.2328125 0.02421875 0.0515625
0 0.75546875 0.02265625 0.025 0.04453125
0 0.72890625 0.0296875 0.0265625 0.0484375
0 0.7046875 0.04375 0.0234375 0.0546875
0 0.67890625 0.0609375 0.025 0.05
0 0.653125 0.07265625 0.02421875 0.05234375
0 0.62734375 0.0890625 0.02421875 0.04765625
0 0.59921875 0.10390625 0.02734375 0.04765625
0 0.5734375 0.115625 0.02734375 0.0484375
0 0.5484375 0.12890625 0.0203125 0.04140625
0 0.521875 0.146875 0.025 0.04140625
0 0.49765625 0.16328125 0.02265625 0.04609375
0 0.61328125 0.0171875 0.02109375 0.034375
0 0.590625 0.03046875 0.025 0.0515625
0 0.56015625 0.04296875 0.02734375 0.05546875
0 0.53359375 0.05703125 0.0265625 0.05859375
0 0.50859375 0.07265625 0.02109375 0.0515625
0 0.48359375 0.08515625 0.028125 0.05546875
0 0.471875 0.01796875 0.0234375 0.03515625
0 0.525 0.47265625 0.025 0.05078125
0 0.4984375 0.4890625 0.0265625 0.05390625
0 0.47265625 0.50234375 0.02265625 0.05
0 0.44609375 0.5171875 0.0234375 0.04921875
0 0.421875 0.52890625 0.0234375 0.05078125
0 0.39453125 0.5421875 0.0328125 0.053125
0 0.36796875 0.56015625 0.025 0.05546875
0 0.3421875 0.571875 0.0265625 0.0484375
0 0.3140625 0.58359375 0.0265625 0.04921875
0 0.5078125 0.396875 0.02578125 0.053125
0 0.48203125 0.4125 0.02578125 0.03984375
0 0.4578125 0.4265625 0.0234375 0.046875
0 0.4328125 0.43984375 0.02421875 0.0421875
0 0.40625 0.45703125 0.0203125 0.034375
0 0.38203125 0.47421875 0.01796875 0.040625
0 0.35390625 0.4875 0.0265625 0.0484375
0 0.32734375 0.49921875 0.02578125 0.04453125
0 0.303125 0.51640625 0.02421875 0.05234375
0 0.275 0.53359375 0.0234375 0.04765625
0 0.24921875 0.53984375 0.02578125 0.04609375
0 0.2234375 0.55703125 0.02890625 0.046875
0 0.196875 0.56796875 0.02578125 0.04921875
0 0.1734375 0.58984375 0.02734375 0.03515625
0 0.1453125 0.60390625 0.02734375 0.04296875
0 0.11875 0.6171875 0.02578125 0.0375
0 0.090625 0.63125 0.02890625 0.0484375
0 0.06484375 0.6484375 0.02421875 0.0359375
0 0.03984375 0.6640625 0.02890625 0.034375
0 0.01328125 0.6765625 0.0234375 0.03671875
0 0.4984375 0.32421875 0.021875 0.046875
0 0.47109375 0.3359375 0.0265625 0.0515625
0 0.44375 0.35390625 0.02890625 0.046875
0 0.4203125 0.365625 0.02578125 0.04921875
0 0.39453125 0.38515625 0.02734375 0.04453125
0 0.36640625 0.4 0.02734375 0.04140625
0 0.34140625 0.4125 0.02734375 0.0484375
0 0.3140625 0.428125 0.02734375 0.046875
0 0.28828125 0.44375 0.025 0.0484375
0 0.2625 0.4578125 0.0296875 0.05390625
0 0.2375 0.46640625 0.0234375 0.04375
0 0.1859375 0.4984375 0.0296875 0.03984375
0 0.159375 0.5140625 0.02109375 0.03671875
0 0.13203125 0.5296875 0.02890625 0.0390625
0 0.10546875 0.5421875 0.025 0.034375
0 0.05390625 0.57734375 0.034375 0.03828125
0 0.02578125 0.5921875 0.02421875 0.03125
0 0.48515625 0.25234375 0.02109375 0.0515625
0 0.459375 0.265625 0.0265625 0.0484375
0 0.4328125 0.28046875 0.02578125 0.0578125
0 0.4078125 0.29609375 0.02578125 0.04375
0 0.378125 0.3109375 0.02890625 0.046875
0 0.353125 0.32578125 0.028125 0.053125
0 0.32890625 0.3390625 0.02421875 0.0421875
0 0.303125 0.353125 0.028125 0.0453125
0 0.275 0.36796875 0.0328125 0.05078125
0 0.24765625 0.3828125 0.02421875 0.04296875
0 0.22265625 0.39375 0.025 0.0484375
0 0.196875 0.4125 0.02578125 0.04453125
0 0.171875 0.4265625 0.02421875 0.0359375
0 0.1453125 0.44375 0.0328125 0.04375
0 0.11640625 0.45703125 0.0265625 0.0390625
0 0.09296875 0.471875 0.02421875 0.03828125
0 0.06328125 0.4859375 0.02890625 0.04921875
0 0.03671875 0.5 0.0296875 0.05078125
0 0.01484375 0.5125 0.02578125 0.034375
0 0.47109375 0.17578125 0.0265625 0.05703125
0 0.44375 0.18984375 0.028125 0.05
0 0.4203125 0.20546875 0.01875 0.03984375
0 0.39453125 0.22421875 0.02578125 0.0390625
0 0.36875 0.23671875 0.0234375 0.03203125
0 0.34296875 0.253125 0.02578125 0.0375
0 0.315625 0.2640625 0.01640625 0.03671875
0 0.28828125 0.2796875 0.0296875 0.0453125
0 0.26171875 0.29765625 0.02578125 0.04140625
0 0.23671875 0.31171875 0.03046875 0.04140625
0 0.209375 0.32421875 0.02734375 0.0453125
0 0.184375 0.34140625 0.025 0.05078125
0 0.45703125 0.1 0.0265625 0.0578125
0 0.4296875 0.1140625 0.0265625 0.0609375
0 0.40625 0.1296875 0.02890625 0.04765625
0 0.3796875 0.1421875 0.0265625 0.04921875
0 0.353125 0.15859375 0.021875 0.0390625
0 0.325 0.17421875 0.02265625 0.04140625
0 0.30234375 0.19453125 0.02734375 0.04609375
0 0.275 0.203125 0.02734375 0.053125
0 0.24921875 0.21953125 0.0265625 0.04453125
0 0.2203125 0.23515625 0.0265625 0.04921875
0 0.19609375 0.24609375 0.02421875 0.04765625
0 0.16953125 0.2671875 0.03125 0.0453125
0 0.140625 0.2796875 0.0265625 0.04609375
0 0.11796875 0.29375 0.028125 0.053125
0 0.09296875 0.309375 0.02578125 0.05078125
0 0.06875 0.328125 0.02890625 0.04921875
0 0.03828125 0.34140625 0.02734375 0.05
0 0.01171875 0.35546875 0.021875 0.05234375
0 0.159375 0.3546875 0.02265625 0.0484375
0 0.13203125 0.36953125 0.02421875 0.04609375
0 0.1046875 0.38359375 0.02578125 0.03984375
0 0.0765625 0.40078125 0.02109375 0.04453125
0 0.05390625 0.41015625 0.0234375 0.04609375
0 0.0296875 0.4265625 0.02734375 0.05078125
0 0.446875 0.028125 0.0296875 0.04765625
0 0.41875 0.040625 0.02890625 0.0515625
0 0.390625 0.0546875 0.02890625 0.05234375
0 0.36640625 0.07109375 0.025 0.04296875
0 0.3421875 0.084375 0.028125 0.05234375
0 0.3140625 0.1015625 0.028125 0.04765625
0 0.28828125 0.1125 0.02578125 0.05078125
0 0.26171875 0.128125 0.03046875 0.05859375
0 0.23359375 0.14453125 0.0296875 0.0546875
0 0.2078125 0.1578125 0.02890625 0.05703125
0 0.18203125 0.17734375 0.02578125 0.06171875
0 0.15859375 0.19296875 0.0296875 0.04921875
0 0.13203125 0.20546875 0.02890625 0.0546875
0 0.1078125 0.22421875 0.0265625 0.04609375
0 0.08125 0.23671875 0.021875 0.0421875
0 0.053125 0.253125 0.03046875 0.05546875
0 0.021875 0.26328125 0.03359375 0.05
0 0.30078125 0.02578125 0.028125 0.05
0 0.27265625 0.0390625 0.028125 0.05859375
0 0.24765625 0.05625 0.02734375 0.053125
0 0.22109375 0.071875 0.028125 0.05546875
0 0.19140625 0.08046875 0.034375 0.05625
0 0.16640625 0.096875 0.02734375 0.0546875
0 0.14140625 0.11796875 0.02578125 0.06015625
0 0.115625 0.13125 0.025 0.05234375
0 0.0875 0.14453125 0.0265625 0.046875
0 0.0625 0.1578125 0.028125 0.04375
0 0.0359375 0.17265625 0.028125 0.04375
0 0.15625 0.02578125 0.02421875 0.0515625
0 0.128125 0.03515625 0.03046875 0.05078125
0 0.103125 0.05234375 0.02578125 0.04765625
0 0.07578125 0.06328125 0.03046875 0.04765625
0 0.04609375 0.07890625 0.0265625 0.0421875
0 0.0203125 0.0921875 0.02734375 0.03984375
0 0.2140625 0.48671875 0.01875 0.028125
0 0.08359375 0.5609375 0.015625 0.0234375