0 0.27421875 0.0546875 0.04453125 0.08515625
0 0.83203125 0.10078125 0.06328125 0.09609375
0 0.15859375 0.28203125 0.05859375 0.09375
0 0.0375 0.96640625 0.075 0.06640625
0 0.4875 0.04609375 0.06640625 0.0921875
0 0.6390625 0.27421875 0.0515625 0.08984375
0 0.484375 0.21875 0.04453125 0.0796875
0 0.5609375 0.15 0.06015625 0.08984375
0 0.234375 0.42109375 0.04453125 0.0921875
0 0.3328125 0.16171875 0.04453125 0.07890625
0 0.72265625 0.39921875 0.05390625 0.09296875
0 0.06328125 0.36328125 0.05078125 0.09921875
0 0.05078125 0.06171875 0.04140625 0.07890625
0 0.28828125 0.80234375 0.09296875 0.1515625
0 0.1921875 0.11171875 0.04140625 0.08203125
0 0.62265625 0.096875 0.0578125 0.08828125
0 0.70390625 0.2078125 0.07421875 0.10703125
0 0.58046875 0.80390625 0.0640625 0.11484375
0 0.67890625 0.95078125 0.10078125 0.0921875
0 0.56171875 0.34296875 0.06171875 0.1015625
0 0.0296875 0.5765625 0.059375 0.11953125
0 0.6578125 0.465625 0.0671875 0.12265625
0 0.37265625 0.95546875 0.090625 0.0828125
0 0.0171875 0.23359375 0.034375 0.0859375
0 0.478125 0.40078125 0.05 0.09765625
0 0.3984375 0.2765625 0.05 0.10234375
0 0.7921875 0.17421875 0.07890625 0.09296875
0 0.10859375 0.1609375 0.0484375 0.08359375
0 0.3015625 0.55859375 0.05078125 0.11171875
0 0.6953125 0.059375 0.06484375 0.09375
0 0.85859375 0.74140625 0.0703125 0.12890625
0 0.128125 0.5140625 0.0515625 0.15
0 0.19921875 0.6515625 0.05546875 0.13046875
0 0.25234375 0.20390625 0.03984375 0.07421875
0 0.384375 0.73828125 0.06015625 0.11171875
0 0.76796875 0.865625 0.06953125 0.12578125
0 0.1640625 0.9078125 0.0734375 0.171875
0 0.315625 0.35078125 0.0625 0.09765625
0 0.66484375 0.69921875 0.0796875 0.1359375
0 0.4140625 0.10234375 0.05234375 0.09296875
0 0.4765625 0.62734375 0.0578125 0.109375
0 0.4828125 0.89296875 0.07109375 0.1421875
0 0.08984375 0.72109375 0.06015625 0.1140625
0 0.85546875 0.26875 0.0453125 0.09765625
0 0.56953125 0.54140625 0.05546875 0.10859375
0 0.74609375 0.60703125 0.06484375 0.1359375
0 0.82109375 0.52109375 0.0515625 0.109375
0 0.8 0.33203125 0.05859375 0.096875
0 0.3984375 0.46796875 0.0578125 0.0984375