0 0.85625 0.08828125 0.0578125 0.08828125
0 0.70703125 0.03984375 0.0640625 0.0796875
0 0.78984375 0.91953125 0.10625 0.1609375
0 0.8 0.13515625 0.07265625 0.109375
0 0.8953125 0.24453125 0.0734375 0.1140625
0 0.75078125 0.3953125 0.08984375 0.15
0 0.740625 0.19140625 0.0671875 0.1109375
0 0.32109375 0.10546875 0.0671875 0.1265625
0 0.16171875 0.06171875 0.0734375 0.115625
0 0.38828125 0.228125 0.07109375 0.13515625
0 0.66640625 0.4734375 0.09140625 0.15703125
0 0.48203125 0.03984375 0.06171875 0.07890625
0 0.93046875 0.44609375 0.0703125 0.128125
0 0.47578125 0.6421875 0.07734375 0.15546875
0 0.840625 0.31640625 0.0671875 0.121875
0 0.46875 0.37109375 0.0703125 0.15703125
0 0.56640625 0.134375 0.07109375 0.11875
0 0.95625 0.19375 0.07265625 0.11484375
0 0.9203125 0.0578125 0.0609375 0.0875
0 0.29765625 0.29765625 0.06640625 0.12734375
0 0.9609375 0.73046875 0.07109375 0.19609375
0 0.06875 0.46171875 0.07109375 0.1421875
0 0.56953125 0.31484375 0.0796875 0.13125
0 0.1953125 0.37734375 0.0734375 0.13671875
0 0.64375 0.08203125 0.0625 0.09453125
0 0.025 0.29140625 0.05 0.1421875
0 0.890625 0.80234375 0.08359375 0.15
0 0.8578125 0.53984375 0.0828125 0.12734375
0 0.65703125 0.25234375 0.06875 0.1359375
0 0.1484375 0.6453125 0.07890625 0.1515625
0 0.771875 0.6234375 0.08828125 0.11484375
0 0.25625 0.034375 0.06015625 0.06875
0 0.05859375 0.09921875 0.065625 0.11328125
0 0.4609375 0.94375 0.071875 0.1125
0 0.578125 0.55390625 0.07578125 0.1328125
0 0.67578125 0.71796875 0.09296875 0.1453125
0 0.121875 0.23046875 0.065625 0.125
0 0.35625 0.753125 0.06953125 0.14765625
0 0.23203125 0.175 0.06875 0.13828125
0 0.025 0.759375 0.05 0.1640625
0 0.3765625 0.459375 0.0671875 0.125
0 0.57578125 0.84921875 0.0859375 0.14765625
0 0.234375 0.8515625 0.046875 0.09453125
0 0.26953125 0.55 0.06953125 0.10625