0 0.72734375 0.06640625 0.0546875 0.0953125
0 0.37265625 0.04453125 0.053125 0.084375
0 0.2875 0.084375 0.06328125 0.09453125
0 0.58046875 0.68828125 0.06796875 0.1125
0 0.93359375 0.10546875 0.05 0.08125
0 0.42265625 0.1234375 0.05390625 0.0765625
0 0.03515625 0.1078125 0.06640625 0.0890625
0 0.50859375 0.0734375 0.053125 0.08671875
0 0.5796875 0.0359375 0.05 0.071875
0 0.1328125 0.05390625 0.06875 0.090625
0 0.02265625 0.0328125 0.0453125 0.065625
0 0.78828125 0.31953125 0.05859375 0.1015625
0 0.33125 0.17890625 0.05859375 0.08359375
0 0.86953125 0.265625 0.05234375 0.0828125
0 0.184375 0.1375 0.0625 0.09453125
0 0.5671875 0.16796875 0.05390625 0.08046875
0 0.103125 0.303125 0.07265625 0.109375
0 0.94921875 0.234375 0.05078125 0.08984375
0 0.8625 0.12578125 0.0484375 0.07421875
0 0.54140625 0.31640625 0.0609375 0.09765625
0 0.44453125 0.3921875 0.0625 0.11640625
0 0.2609375 0.73046875 0.084375 0.1296875
0 0.71328125 0.21015625 0.0515625 0.0875
0 0.79296875 0.0375 0.0546875 0.075
0 0.79453125 0.1703125 0.0484375 0.075
0 0.1515625 0.4328125 0.0640625 0.0875
0 0.659375 0.1234375 0.065625 0.0890625
0 0.1234375 0.83515625 0.09140625 0.16953125
0 0.37734375 0.2828125 0.0609375 0.1046875
0 0.05859375 0.63984375 0.0875 0.15390625
0 0.59921875 0.4515625 0.06875 0.11484375
0 0.5125 0.521875 0.075 0.11796875
0 0.45703125 0.8125 0.07109375 0.14765625
0 0.27265625 0.33515625 0.06875 0.11328125
0 0.03046875 0.490625 0.06015625 0.1171875
0 0.059375 0.2078125 0.08203125 0.11640625
0 0.7015625 0.38046875 0.053125 0.09140625
0 0.2046875 0.5703125 0.08046875 0.1390625
0 0.63203125 0.26171875 0.05703125 0.1015625
0 0.2265625 0.228125 0.0625 0.10078125
0 0.884375 0.45546875 0.065625 0.1140625
0 0.31875 0.909375 0.078125 0.15859375
0 0.325 0.46953125 0.075 0.1125
0 0.77265625 0.7890625 0.05078125 0.1078125
0 0.8859375 0.69609375 0.046875 0.0953125
0 0.6609375 0.9109375 0.0625 0.13671875
0 0.79140625 0.50859375 0.05625 0.11875
0 0.48203125 0.21640625 0.0671875 0.09453125
0 0.6921875 0.6015625 0.08046875 0.096875
0 0.3875 0.62734375 0.0828125 0.13671875
0 0.97578125 0.5984375 0.04375 0.0875
0 0.96015625 0.3734375 0.03984375 0.0890625