0 0.1203125 0.9109375 0.08515625 0.17734375
0 0.1 0.759375 0.0828125 0.2546875
0 0.08828125 0.54765625 0.0828125 0.22734375
0 0.0671875 0.38671875 0.06484375 0.21484375
0 0.065625 0.20234375 0.0640625 0.1484375
0 0.04609375 0.06875 0.06640625 0.13671875
0 0.1640625 0.1078125 0.0546875 0.175
0 0.17734375 0.24921875 0.05625 0.18515625
0 0.184375 0.43359375 0.07265625 0.2671875
0 0.21796875 0.584375 0.05625 0.2125
0 0.23046875 0.76953125 0.06328125 0.23359375
0 0.36875 0.82890625 0.06640625 0.2
0 0.33828125 0.64609375 0.0625 0.25234375
0 0.315625 0.4375 0.0625 0.1890625
0 0.29140625 0.29375 0.06171875 0.190625
0 0.25703125 0.1421875 0.06796875 0.19921875
0 0.3546875 0.06484375 0.04453125 0.12734375
0 0.378125 0.178125 0.046875 0.18984375
0 0.4 0.334375 0.06328125 0.22421875
0 0.434375 0.515625 0.05390625 0.2828125
0 0.4703125 0.66953125 0.0609375 0.2515625
0 0.49921875 0.8828125 0.071875 0.23359375
0 0.6296875 0.9015625 0.0640625 0.196875
0 0.5921875 0.7171875 0.0625 0.21171875
0 0.553125 0.5203125 0.059375 0.228125
0 0.51796875 0.3765625 0.04921875 0.1875
0 0.76640625 0.91328125 0.06875 0.1734375
0 0.71484375 0.76171875 0.075 0.21875
0 0.675 0.5578125 0.06328125 0.21796875
0 0.6390625 0.4078125 0.05 0.17109375
0 0.6 0.265625 0.04140625 0.2296875
0 0.58203125 0.10234375 0.04765625 0.17890625
0 0.5421875 0.053125 0.040625 0.10625
0 0.49140625 0.2171875 0.0515625 0.21328125
0 0.4625 0.08984375 0.05703125 0.17421875
0 0.71484375 0.28046875 0.05703125 0.24140625
0 0.7578125 0.4296875 0.05546875 0.215625
0 0.8046875 0.60078125 0.05703125 0.23359375
0 0.7890625 0.13203125 0.04453125 0.18203125
0 0.8390625 0.2875 0.05625 0.203125
0 0.75546875 0.04296875 0.04609375 0.084375
0 0.853125 0.0703125 0.046875 0.140625
0 0.90078125 0.16015625 0.06015625 0.2078125
0 0.95 0.33359375 0.05703125 0.225
0 0.88125 0.44609375 0.0609375 0.23203125
0 0.921875 0.61640625 0.0640625 0.24375
0 0.96640625 0.803125 0.06640625 0.24765625
0 0.85625 0.77890625 0.06484375 0.2375
0 0.903125 0.9109375 0.06875 0.178125