0 0.04921875 0.184375 0.06953125 0.1375
0 0.0359375 0.065625 0.0484375 0.07109375
0 0.03046875 0.01953125 0.04453125 0.0390625
0 0.06796875 0.32109375 0.09453125 0.13515625
0 0.08203125 0.4578125 0.109375 0.1453125
0 0.10703125 0.6296875 0.11171875 0.17421875
0 0.13046875 0.840625 0.2109375 0.31875
0 0.42734375 0.7390625 0.128125 0.228125
0 0.325 0.55078125 0.1078125 0.1859375
0 0.26796875 0.38125 0.0921875 0.15859375
0 0.2375 0.27734375 0.06875 0.11171875
0 0.2109375 0.18203125 0.059375 0.109375
0 0.1796875 0.128125 0.05859375 0.10546875
0 0.15859375 0.06171875 0.04765625 0.07890625
0 0.1484375 0.01484375 0.0578125 0.02734375
0 0.2671875 0.0484375 0.05625 0.09296875
0 0.2953125 0.1046875 0.04375 0.0765625
0 0.3359375 0.1609375 0.06640625 0.11953125
0 0.384375 0.240625 0.0625 0.1125
0 0.43046875 0.3390625 0.05078125 0.140625
0 0.52578125 0.4734375 0.10078125 0.1625
0 0.6296875 0.65078125 0.1109375 0.2171875
0 0.79296875 0.8984375 0.13359375 0.203125
0 0.9671875 0.7625 0.065625 0.209375
0 0.8046875 0.55234375 0.12734375 0.21640625
0 0.67265625 0.39453125 0.09296875 0.16328125
0 0.94609375 0.49296875 0.1078125 0.1921875
0 0.8125 0.3109375 0.13203125 0.246875
0 0.92578125 0.30859375 0.0859375 0.1375
0 0.57421875 0.27265625 0.07265625 0.12578125
0 0.696875 0.259375 0.07578125 0.12265625
0 0.50703125 0.20546875 0.0609375 0.13515625
0 0.45078125 0.15 0.05703125 0.1140625
0 0.4078125 0.09375 0.05078125 0.09140625
0 0.37265625 0.046875 0.03828125 0.08125
0 0.33359375 0.03359375 0.0484375 0.0671875
0 0.459375 0.04609375 0.04296875 0.0921875
0 0.5046875 0.0703125 0.05390625 0.08671875
0 0.546875 0.03984375 0.04296875 0.07890625
0 0.559375 0.13046875 0.05 0.09921875
0 0.5875 0.053125 0.05703125 0.08671875
0 0.67109375 0.03671875 0.0515625 0.0734375
0 0.65703125 0.109375 0.065625 0.0875
0 0.6234375 0.1828125 0.05859375 0.11796875
0 0.72109375 0.15234375 0.06640625 0.09453125
0 0.74140625 0.08125 0.05859375 0.0875
0 0.7453125 0.02109375 0.04375 0.0421875
0 0.81875 0.01953125 0.05703125 0.03515625
0 0.81640625 0.06171875 0.040625 0.0671875
0 0.81796875 0.13359375 0.0609375 0.109375
0 0.9125 0.1828125 0.0578125 0.08671875
0 0.89765625 0.103125 0.0734375 0.08828125
0 0.89453125 0.040625 0.04921875 0.03671875
0 0.9515625 0.03125 0.0515625 0.05234375
0 0.96953125 0.09375 0.0609375 0.084375
0 0.978125 0.17265625 0.04375 0.1234375