0 0.1578125 0.77265625 0.0890625 0.17265625
0 0.07734375 0.575 0.0625 0.20078125
0 0.0578125 0.2703125 0.07421875 0.12890625
0 0.096875 0.1203125 0.065625 0.121875
0 0.190625 0.0546875 0.0625 0.1015625
0 0.278125 0.03125 0.06171875 0.0625
0 0.25625 0.146875 0.0875 0.13828125
0 0.15859375 0.1875 0.07734375 0.11484375
0 0.2328125 0.29609375 0.06796875 0.1171875
0 0.1265625 0.36796875 0.09296875 0.18828125
0 0.2078125 0.475 0.08828125 0.16015625
0 0.30078125 0.6265625 0.10234375 0.18125
0 0.41640625 0.8390625 0.09140625 0.2046875
0 0.53671875 0.72109375 0.090625 0.17421875
0 0.42421875 0.5421875 0.096875 0.17421875
0 0.32109375 0.4109375 0.078125 0.14609375
0 0.33203125 0.23125 0.06640625 0.12265625
0 0.34609375 0.10078125 0.06796875 0.11796875
0 0.44296875 0.05625 0.05859375 0.09375
0 0.434375 0.175 0.0875 0.13671875
0 0.5234375 0.1375 0.0765625 0.11015625
0 0.434375 0.34140625 0.08046875 0.1390625
0 0.515625 0.2703125 0.08046875 0.14765625
0 0.609375 0.23515625 0.0765625 0.1328125
0 0.60234375 0.07265625 0.06015625 0.11640625
0 0.7078125 0.16328125 0.0859375 0.14609375
0 0.78828125 0.0796875 0.07578125 0.13125
0 0.9578125 0.09921875 0.084375 0.14296875
0 0.89921875 0.16953125 0.0765625 0.14140625
0 0.8140625 0.24765625 0.08125 0.15234375
0 0.7265625 0.34609375 0.084375 0.1625
0 0.6296875 0.4125 0.07734375 0.13984375
0 0.53984375 0.4640625 0.0765625 0.16640625
0 0.6578125 0.61328125 0.071875 0.178125
0 0.77109375 0.565625 0.1546875 0.16875
0 0.8546875 0.45859375 0.08671875 0.14609375
0 0.93515625 0.3328125 0.0875 0.1453125
0 0.89609375 0.70625 0.096875 0.1890625
0 0.78515625 0.8296875 0.10078125 0.16796875
0 0.6921875 0.9125 0.096875 0.15625