0 0.934375 0.6046875 0.13046875 0.21875
0 0.896875 0.3671875 0.153125 0.23046875
0 0.82421875 0.2453125 0.1421875 0.15546875
0 0.78515625 0.11015625 0.10546875 0.14765625
0 0.71484375 0.640625 0.19453125 0.28046875
0 0.665625 0.44765625 0.16484375 0.17890625
0 0.6171875 0.2671875 0.13046875 0.18671875
0 0.59375 0.10859375 0.12734375 0.21640625
0 0.4359375 0.6953125 0.12109375 0.30234375
0 0.4234375 0.46328125 0.146875 0.25234375
0 0.43203125 0.3 0.128125 0.16796875
0 0.41640625 0.1703125 0.10703125 0.13671875
0 0.13828125 0.7359375 0.1671875 0.22578125
0 0.1640625 0.5171875 0.1328125 0.215625
0 0.21796875 0.32890625 0.1328125 0.22578125
0 0.2453125 0.1078125 0.0921875 0.15078125
0 0.0546875 0.23125 0.10859375 0.19453125