0 0.49140625 0.14140625 0.0515625 0.08125
0 0.56171875 0.096875 0.053125 0.08984375
0 0.4328125 0.0453125 0.05703125 0.090625
0 0.0171875 0.04296875 0.034375 0.08359375
0 0.34375 0.22421875 0.05625 0.08984375
0 0.2890625 0.12890625 0.06484375 0.10546875
0 0.11015625 0.2375 0.0546875 0.0953125
0 0.1453125 0.07421875 0.05546875 0.09375
0 0.68125 0.0375 0.0640625 0.075
0 0.3578125 0.0953125 0.059375 0.08671875
0 0.6140625 0.0671875 0.05 0.071875
0 0.10703125 0.77265625 0.078125 0.14921875
0 0.775 0.27109375 0.0484375 0.08359375
0 0.79765625 0.0859375 0.05390625 0.07734375
0 0.57265625 0.4359375 0.04921875 0.0828125
0 0.2015625 0.18125 0.0625 0.10625
0 0.034375 0.61796875 0.0671875 0.15078125
0 0.0640625 0.12734375 0.0484375 0.08671875
0 0.22890625 0.0359375 0.0578125 0.07109375
0 0.07421875 0.41484375 0.04921875 0.0828125
0 0.62734375 0.20078125 0.0484375 0.08828125
0 0.64765625 0.3546875 0.04609375 0.084375
0 0.7890625 0.40546875 0.053125 0.0859375
0 0.728125 0.50078125 0.04609375 0.0984375
0 0.42890625 0.184375 0.05234375 0.10625
0 0.2140625 0.71015625 0.06875 0.12890625
0 0.3203125 0.6546875 0.0609375 0.12578125
0 0.50078125 0.4984375 0.05546875 0.096875
0 0.3890625 0.81875 0.0671875 0.1203125
0 0.7125 0.31640625 0.05234375 0.08984375
0 0.15703125 0.559375 0.06015625 0.1296875
0 0.746875 0.1265625 0.05078125 0.090625
0 0.50234375 0.30078125 0.05234375 0.08359375
0 0.16875 0.340625 0.05625 0.09296875
0 0.9390625 0.79296875 0.07890625 0.11640625
0 0.23203125 0.49453125 0.0609375 0.11953125
0 0.8328125 0.2171875 0.06640625 0.11484375
0 0.68359375 0.15859375 0.0546875 0.0859375
0 0.496875 0.73359375 0.05625 0.103125
0 0.5671875 0.24921875 0.04140625 0.07734375
0 0.41171875 0.36015625 0.04296875 0.0890625
0 0.41015625 0.590625 0.05859375 0.11640625
0 0.8921875 0.55234375 0.07890625 0.1375
0 0.2609375 0.28515625 0.06015625 0.0953125
0 0.3375 0.43125 0.06328125 0.09609375
0 0.75859375 0.74609375 0.0640625 0.12578125
0 0.2953125 0.91640625 0.0703125 0.16640625
0 0.8609375 0.36953125 0.04296875 0.084375
0 0.6046875 0.90625 0.0546875 0.09765625
0 0.0265625 0.2984375 0.05078125 0.0890625
0 0.671875 0.5828125 0.053125 0.0921875
0 0.68359375 0.81953125 0.06171875 0.115625
0 0.88984375 0.903125 0.0796875 0.11953125
0 0.59609375 0.678125 0.059375 0.10546875