0 0.8453125 0.8578125 0.18828125 0.21796875
0 0.94296875 0.7171875 0.1140625 0.1609375
0 0.959375 0.1796875 0.08125 0.1265625
0 0.9046875 0.24921875 0.0875 0.11328125
0 0.84609375 0.3765625 0.1 0.128125
0 0.75390625 0.47890625 0.0984375 0.165625
0 0.659375 0.6203125 0.12578125 0.21015625
0 0.5171875 0.7546875 0.15390625 0.24453125
0 0.884375 0.04921875 0.07890625 0.09765625
0 0.8234375 0.109375 0.07890625 0.10859375
0 0.76875 0.17265625 0.07734375 0.1078125
0 0.70390625 0.24453125 0.10078125 0.13828125
0 0.62265625 0.33671875 0.07734375 0.1296875
0 0.52109375 0.42421875 0.13359375 0.190625
0 0.3890625 0.5234375 0.12734375 0.190625
0 0.2546875 0.63671875 0.11171875 0.17734375
0 0.05546875 0.81015625 0.11015625 0.2359375
0 0.71875 0.05390625 0.0796875 0.10234375
0 0.65703125 0.1015625 0.0734375 0.0875
0 0.58359375 0.15625 0.07109375 0.09609375
0 0.515625 0.23125 0.07578125 0.13203125
0 0.4125 0.28203125 0.08515625 0.15078125
0 0.3171875 0.35234375 0.103125 0.17265625
0 0.1765625 0.421875 0.134375 0.16875
0 0.58515625 0.04375 0.07421875 0.0875
0 0.50859375 0.0828125 0.06328125 0.11796875
0 0.4328125 0.13125 0.08359375 0.12265625
0 0.33046875 0.175 0.07109375 0.13359375
0 0.2359375 0.2265625 0.09453125 0.13125
0 0.09140625 0.309375 0.0875 0.15390625
0 0.36640625 0.05625 0.06328125 0.103125
0 0.28359375 0.08671875 0.078125 0.1265625
0 0.18046875 0.15234375 0.078125 0.1140625
0 0.2296875 0.040625 0.059375 0.08125
0 0.16015625 0.075 0.0671875 0.0859375
0 0.04609375 0.109375 0.0609375 0.09140625
0 0.07578125 0.2 0.09765625 0.1296875