0 0.5046875 0.36171875 0.04453125 0.07578125
0 0.66953125 0.078125 0.01796875 0.028125
0 0.6171875 0.0671875 0.02109375 0.028125
0 0.7328125 0.30703125 0.034375 0.04921875
0 0.74140625 0.4390625 0.04140625 0.0625
0 0.46640625 0.04453125 0.01953125 0.02734375
0 0.43359375 0.04453125 0.0203125 0.0296875
0 0.59375 0.04296875 0.01640625 0.0234375
0 0.34765625 0.1046875 0.02890625 0.03671875
0 0.24140625 0.23671875 0.03984375 0.0578125
0 0.56640625 0.04765625 0.01875 0.02578125
0 0.696875 0.178125 0.0203125 0.03203125
0 0.50234375 0.04609375 0.01875 0.02421875
0 0.48828125 0.16484375 0.03046875 0.04140625
0 0.34140625 0.17734375 0.03515625 0.0484375
0 0.6984375 0.265625 0.03125 0.0390625
0 0.49140625 0.06953125 0.01953125 0.028125
0 0.66796875 0.1140625 0.0171875 0.02734375
0 0.41640625 0.215625 0.03828125 0.05
0 0.09921875 0.28359375 0.04140625 0.06171875
0 0.6453125 0.05859375 0.01796875 0.025
0 0.5015625 0.1234375 0.021875 0.03359375
0 0.5453125 0.42890625 0.04765625 0.0734375
0 0.54296875 0.2375 0.02734375 0.04140625
0 0.72734375 0.21484375 0.02265625 0.0359375
0 0.415625 0.01875 0.01875 0.02578125
0 0.92421875 0.5109375 0.03984375 0.06015625
0 0.2453125 0.11328125 0.03046875 0.0390625
0 0.49765625 0.25 0.03515625 0.05
0 0.35625 0.3453125 0.04453125 0.06796875
0 0.88671875 0.36875 0.03671875 0.06171875
0 0.93828125 0.4171875 0.03203125 0.0515625
0 0.953125 0.60859375 0.0453125 0.07578125
0 0.4546875 0.0671875 0.0203125 0.02890625
0 0.12578125 0.4125 0.04609375 0.0703125
0 0.63125 0.1546875 0.021875 0.03125
0 0.5328125 0.2953125 0.03828125 0.05390625
0 0.60625 0.41328125 0.03984375 0.06015625
0 0.46171875 0.12734375 0.02734375 0.04296875
0 0.4734375 0.3140625 0.03671875 0.0546875
0 0.69453125 0.3140625 0.0296875 0.04375
0 0.35078125 0.05 0.01953125 0.0296875
0 0.78828125 0.1921875 0.021875 0.03359375
0 0.44140625 0.1671875 0.02890625 0.04296875
0 0.2625 0.2953125 0.03828125 0.06171875
0 0.553125 0.06640625 0.01796875 0.0234375
0 0.69609375 0.14765625 0.01796875 0.0234375
0 0.5546875 0.2 0.02421875 0.034375
0 0.41796875 0.0671875 0.0203125 0.0265625
0 0.66015625 0.22578125 0.03046875 0.04296875
0 0.3921875 0.0453125 0.01953125 0.02734375
0 0.7296875 0.2546875 0.0265625 0.040625
0 0.66484375 0.15 0.02109375 0.03125
0 0.765625 0.2484375 0.02421875 0.0359375
0 0.30546875 0.0515625 0.02265625 0.0328125
0 0.33046875 0.2859375 0.04140625 0.0625
0 0.65703125 0.2734375 0.0234375 0.03359375
0 0.5140625 0.20078125 0.0265625 0.0421875
0 0.27734375 0.0203125 0.01875 0.025
0 0.75546875 0.1640625 0.0203125 0.03359375
0 0.79765625 0.2875 0.0296875 0.0453125
0 0.76796875 0.2984375 0.025 0.0390625
0 0.57734375 0.09453125 0.01953125 0.021875
0 0.16171875 0.2015625 0.040625 0.05703125
0 0.58984375 0.06875 0.01796875 0.0234375
0 0.87421875 0.30859375 0.02890625 0.04453125
0 0.41953125 0.12890625 0.02890625 0.04609375
0 0.7359375 0.36171875 0.03359375 0.05078125
0 0.62890625 0.18984375 0.025 0.03515625
0 0.8203125 0.4078125 0.03515625 0.0546875
0 0.26953125 0.14296875 0.034375 0.0453125
0 0.58203125 0.23828125 0.02734375 0.0359375
0 0.39375 0.096875 0.0234375 0.03671875
0 0.83984375 0.3296875 0.03125 0.046875
0 0.2359375 0.465625 0.04921875 0.075
0 0.85546875 0.25234375 0.02265625 0.0359375
0 0.3890625 0.271875 0.0421875 0.05859375
0 0.3203125 0.13828125 0.03125 0.04296875
0 0.4859375 0.4546875 0.0453125 0.08046875
0 0.39296875 0.175 0.03359375 0.04609375
0 0.32890625 0.07421875 0.02265625 0.03359375
0 0.77421875 0.3546875 0.03125 0.05
0 0.79375 0.49921875 0.03671875 0.059375
0 0.26328125 0.5546875 0.04375 0.07109375
0 0.621875 0.03203125 0.015625 0.02421875
0 0.66171875 0.184375 0.02421875 0.03359375
0 0.81640625 0.1765625 0.02265625 0.03515625
0 0.1171875 0.340625 0.040625 0.05078125
0 0.4734375 0.21171875 0.0359375 0.04765625
0 0.871875 0.46015625 0.03671875 0.05
0 0.21484375 0.378125 0.04609375 0.07109375
0 0.64375 0.09296875 0.01953125 0.02578125
0 0.2953125 0.10546875 0.03046875 0.04296875
0 0.334375 0.0265625 0.01796875 0.0265625
0 0.36953125 0.13671875 0.02734375 0.03984375
0 0.603125 0.11875 0.01953125 0.02734375
0 0.4484375 0.021875 0.0171875 0.0265625
0 0.82421875 0.22421875 0.028125 0.0390625
0 0.9015625 0.28984375 0.02890625 0.046875
0 0.69921875 0.3734375 0.034375 0.0546875
0 0.625 0.23359375 0.0265625 0.03671875
0 0.03359375 0.3578125 0.04765625 0.05625
0 0.52421875 0.159375 0.02421875 0.0328125
0 0.61953125 0.27890625 0.03203125 0.0390625
0 0.38671875 0.41171875 0.0453125 0.07421875
0 0.640625 0.11953125 0.01875 0.02734375
0 0.56484375 0.34140625 0.040625 0.0625
0 0.64921875 0.478125 0.04453125 0.08125
0 0.23359375 0.025 0.0171875 0.028125
0 0.53984375 0.11875 0.02109375 0.02890625
0 0.28984375 0.034375 0.01796875 0.02578125
0 0.43984375 0.09140625 0.02421875 0.03515625
0 0.959375 0.496875 0.034375 0.06328125
0 0.28515625 0.1828125 0.03671875 0.05078125
0 0.54765625 0.09375 0.01875 0.02578125
0 0.303125 0.2296875 0.0359375 0.0546875
0 0.659375 0.32421875 0.0328125 0.046875
0 0.53515625 0.04296875 0.0171875 0.0234375
0 0.696875 0.2234375 0.02421875 0.04296875
0 0.54375 0.0234375 0.0171875 0.025
0 0.89296875 0.5453125 0.03984375 0.0625
0 0.5890625 0.50546875 0.04375 0.08125
0 0.09140625 0.225 0.04921875 0.0671875
0 0.61328125 0.33125 0.03671875 0.05390625
0 0.853125 0.39375 0.0359375 0.05625
0 0.634375 0.58671875 0.0578125 0.10546875
0 0.18984375 0.034375 0.01875 0.03046875
0 0.9046875 0.4421875 0.03828125 0.059375
0 0.4578125 0.57109375 0.0546875 0.1
0 0.8109375 0.3484375 0.02890625 0.05
0 0.17265625 0.25234375 0.0421875 0.06640625
0 0.5640625 0.15703125 0.021875 0.0359375
0 0.69765625 0.07265625 0.01875 0.028125
0 0.725 0.17265625 0.02265625 0.0375
0 0.753125 0.6375 0.05546875 0.10703125
0 0.44609375 0.2640625 0.0375 0.0515625
0 0.74921875 0.08203125 0.01953125 0.02578125
0 0.1875 0.31015625 0.0390625 0.0640625
0 0.78125 0.41875 0.0375 0.06484375
0 0.5734375 0.62265625 0.05 0.0953125
0 0.7921875 0.2375 0.02734375 0.04140625
0 0.69765625 0.45 0.03984375 0.0640625
0 0.9875 0.46953125 0.02421875 0.05546875
0 0.80546875 0.60078125 0.0515625 0.0875
0 0.78203125 0.15 0.01953125 0.03046875
0 0.45625 0.3875 0.03984375 0.06484375
0 0.57734375 0.2875 0.0328125 0.04453125
0 0.96875 0.1546875 0.01953125 0.0296875
0 0.1015625 0.75 0.05 0.07265625
0 0.084375 0.615625 0.040625 0.06953125
0 0.671875 0.0484375 0.01640625 0.025
0 0.72265625 0.059375 0.0171875 0.02421875
0 0.315625 0.43515625 0.0484375 0.0765625
0 0.22109375 0.18828125 0.03671875 0.05703125
0 0.4203125 0.33046875 0.0375 0.0609375
0 0.28515625 0.36328125 0.04453125 0.06015625
0 0.06171875 0.1140625 0.03828125 0.04453125
0 0.85234375 0.21171875 0.0234375 0.0375
0 0.3796875 0.8890625 0.0421875 0.0859375
0 0.6984375 0.109375 0.01875 0.02734375
0 0.3765625 0.07109375 0.01953125 0.0265625
0 0.20546875 0.0484375 0.0171875 0.0265625
0 0.50234375 0.6625 0.0515625 0.12265625
0 0.725 0.13203125 0.01953125 0.028125
0 0.35625 0.0109375 0.01875 0.02109375
0 0.93828125 0.7890625 0.0546875 0.0921875
0 0.8296875 0.27421875 0.02265625 0.04296875
0 0.22890625 0.08828125 0.02890625 0.03671875
0 0.38515625 0.59375 0.0515625 0.10078125
0 0.6890625 0.6734375 0.0578125 0.0953125
0 0.60078125 0.15390625 0.0203125 0.03046875
0 0.5734375 0.12109375 0.0203125 0.03046875
0 0.77890625 0.10703125 0.02109375 0.03359375
0 0.75859375 0.20859375 0.02578125 0.03359375
0 0.36875 0.21953125 0.034375 0.05078125
0 0.525 0.52734375 0.046875 0.0765625
0 0.11875 0.01953125 0.02109375 0.03515625
0 0.72421875 0.09765625 0.01953125 0.0265625
0 0.15859375 0.48828125 0.04453125 0.0703125
0 0.84609375 0.56171875 0.04453125 0.0765625
0 0.753125 0.11953125 0.01953125 0.02890625
0 0.1703125 0.5765625 0.04609375 0.07421875
0 0.74609375 0.521875 0.04140625 0.071875
0 0.421875 0.48203125 0.0421875 0.084375
0 0.2671875 0.965625 0.04609375 0.06875
0 0.61171875 0.096875 0.01875 0.025
0 0.24765625 0.04453125 0.01796875 0.0296875
0 0.6578125 0.39375 0.03828125 0.06015625
0 0.48515625 0.0203125 0.0140625 0.02421875
0 0.6953125 0.54765625 0.05546875 0.0875
0 0.2421875 0.80546875 0.0484375 0.06953125
0 0.39453125 0.009375 0.01796875 0.01796875
0 0.47734375 0.09296875 0.01640625 0.0265625
0 0.3765625 0.021875 0.01796875 0.02421875
0 0.98125 0.73125 0.0375 0.084375
0 0.21171875 0.15 0.03515625 0.04453125
0 0.528125 0.0671875 0.01640625 0.025
0 0.06953125 0.01640625 0.0296875 0.0328125
0 0.59140625 0.196875 0.02109375 0.03125
0 0.20859375 0.68828125 0.05234375 0.0859375
0 0.83203125 0.4765625 0.03828125 0.05546875
0 0.52421875 0.9515625 0.06015625 0.090625
0 0.0609375 0.5265625 0.0421875 0.06171875
0 0.4359375 0.7 0.05390625 0.1
0 0.75390625 0.78515625 0.05390625 0.10625
0 0.11328125 0.0984375 0.02890625 0.04140625
0 0.6078125 0.8984375 0.05390625 0.1
0 0.34765625 0.50625 0.05546875 0.096875
0 0.51328125 0.09375 0.02109375 0.025
0 0.91171875 0.65390625 0.05234375 0.09296875
0 0.815625 0.72734375 0.05625 0.0921875
0 0.1203125 0.8875 0.06328125 0.0859375
0 0.221875 0.0171875 0.01484375 0.0265625
0 0.04921875 0.07890625 0.03046875 0.034375
0 0.9828125 0.5859375 0.034375 0.071875
0 0.56953125 0.02109375 0.015625 0.0203125
0 0.49296875 0.00859375 0.0171875 0.0171875
0 0.5203125 0.00859375 0.01875 0.0171875
0 0.9890625 0.13828125 0.021875 0.03203125
0 0.88828125 0.834375 0.05390625 0.0859375
0 0.21484375 0.06171875 0.0234375 0.03125
0 0.33984375 0.74296875 0.05546875 0.090625
0 0.62421875 0.71796875 0.05859375 0.09765625
0 0.0359375 0.0484375 0.02578125 0.03125
0 0.1328125 0.034375 0.0171875 0.02578125
0 0.0421875 0.43515625 0.05390625 0.07109375
0 0.68203125 0.83203125 0.0578125 0.11171875
0 0.303125 0.0078125 0.01875 0.015625
0 0.59765625 0.0125 0.01640625 0.0234375
0 0.03046875 0.29765625 0.040625 0.0578125
0 0.09765625 0.0609375 0.02578125 0.03046875
0 0.9828125 0.19453125 0.02421875 0.034375
0 0.1421875 0.1609375 0.0359375 0.05546875
0 0.746875 0.053125 0.01640625 0.02265625
0 0.26328125 0.01171875 0.01953125 0.021875
0 0.8671875 0.67265625 0.04921875 0.0890625
0 0.76015625 0.9515625 0.0625 0.090625
0 0.96171875 0.39375 0.02734375 0.04765625
0 0.91953125 0.35078125 0.0234375 0.03984375
0 0.94609375 0.16953125 0.0234375 0.0328125
0 0.26171875 0.05703125 0.02109375 0.0265625
0 0.67265625 0.0125 0.015625 0.02265625
0 0.8109375 0.13515625 0.0171875 0.028125
0 0.08359375 0.04140625 0.021875 0.02734375
0 0.271875 0.01484375 0.01796875 0.02734375
0 0.553125 0.0078125 0.0171875 0.01484375
0 0.2109375 0.0546875 0.02265625 0.03671875
0 0.321875 0.0140625 0.01484375 0.02421875
0 0.5203125 0.09453125 0.025 0.02734375
0 0.47421875 0.82890625 0.0546875 0.09140625
0 0.14921875 0.0484375 0.0296875 0.02734375
0 0.82109375 0.8921875 0.0453125 0.0734375
0 0.55078125 0.75703125 0.059375 0.1
0 0.30625 0.646875 0.0546875 0.09765625