0 0.8640625 0.7140625 0.10078125 0.1546875
0 0.6859375 0.83671875 0.08671875 0.13828125
0 0.91171875 0.45625 0.07421875 0.12265625
0 0.7734375 0.56640625 0.09375 0.13359375
0 0.6109375 0.66328125 0.08984375 0.15390625
0 0.4328125 0.79453125 0.103125 0.14765625
0 0.225 0.9234375 0.115625 0.153125
0 0.94765625 0.2515625 0.0796875 0.1390625
0 0.8203125 0.33515625 0.06875 0.12265625
0 0.69140625 0.42265625 0.09375 0.11953125
0 0.55234375 0.50234375 0.11796875 0.15
0 0.3734375 0.603125 0.09609375 0.1578125
0 0.18203125 0.72890625 0.11171875 0.18046875
0 0.96796875 0.10234375 0.06328125 0.1078125
0 0.90546875 0.04140625 0.06171875 0.0828125
0 0.8671875 0.16171875 0.08046875 0.1125
0 0.76640625 0.23671875 0.07265625 0.12265625
0 0.64140625 0.29921875 0.07109375 0.13046875
0 0.49921875 0.384375 0.08515625 0.15625
0 0.33828125 0.4703125 0.09375 0.14296875
0 0.171875 0.56796875 0.10703125 0.16640625
0 0.80859375 0.08671875 0.071875 0.1171875
0 0.70234375 0.16015625 0.08984375 0.12578125
0 0.5890625 0.2046875 0.08203125 0.13046875
0 0.45390625 0.26953125 0.08046875 0.13515625
0 0.30703125 0.3515625 0.10234375 0.1546875
0 0.134375 0.44140625 0.11640625 0.1578125
0 0.5328125 0.1359375 0.090625 0.121875
0 0.42421875 0.19609375 0.07421875 0.10859375
0 0.2703125 0.2578125 0.08515625 0.1234375
0 0.14296875 0.33125 0.09296875 0.12734375
0 0.49765625 0.06171875 0.07421875 0.12265625
0 0.38125 0.11796875 0.071875 0.11328125
0 0.26640625 0.1578125 0.08515625 0.1171875
0 0.12265625 0.22421875 0.1 0.121875
0 0.35390625 0.04375 0.0671875 0.0875
0 0.234375 0.090625 0.08046875 0.0875
0 0.10390625 0.13828125 0.0640625 0.0984375
0 0.09765625 0.07265625 0.07421875 0.1078125