0 0.29453125 0.15546875 0.07109375 0.12890625
0 0.2515625 0.0640625 0.05625 0.09140625
0 0.346875 0.2453125 0.07109375 0.1171875
0 0.7453125 0.05625 0.04921875 0.08125
0 0.95 0.0421875 0.05078125 0.08203125
0 0.1203125 0.02734375 0.053125 0.0546875
0 0.18671875 0.19765625 0.0609375 0.10703125
0 0.01875 0.05 0.03671875 0.090625
0 0.04140625 0.15625 0.05625 0.08984375
0 0.44296875 0.2234375 0.059375 0.10234375
0 0.51328125 0.17421875 0.05390625 0.10390625
0 0.5640625 0.4171875 0.06640625 0.12578125
0 0.0875 0.2546875 0.0609375 0.109375
0 0.5515625 0.06171875 0.05234375 0.08671875
0 0.734375 0.33203125 0.06796875 0.12734375
0 0.746875 0.18828125 0.0609375 0.115625
0 0.89609375 0.384375 0.0734375 0.125
0 0.5828125 0.2625 0.0640625 0.115625
0 0.67578125 0.109375 0.0515625 0.09296875
0 0.46953125 0.08359375 0.04921875 0.084375
0 0.14765625 0.11328125 0.059375 0.096875
0 0.40078125 0.35234375 0.071875 0.125
0 0.8140625 0.2875 0.0671875 0.13046875
0 0.14375 0.9421875 0.09140625 0.1125
0 0.33671875 0.03828125 0.06015625 0.0765625
0 0.81640625 0.15703125 0.04921875 0.0828125
0 0.64765625 0.375 0.07109375 0.14140625
0 0.60078125 0.140625 0.0515625 0.09296875
0 0.4171875 0.71171875 0.09296875 0.146875
0 0.89375 0.2453125 0.06328125 0.1109375
0 0.29765625 0.4234375 0.06484375 0.09921875
0 0.49453125 0.31640625 0.06796875 0.10546875
0 0.9609375 0.19375 0.046875 0.090625
0 0.23671875 0.30703125 0.0515625 0.10078125
0 0.34296875 0.559375 0.07265625 0.14921875
0 0.9703125 0.3421875 0.059375 0.12265625
0 0.66796875 0.228125 0.05859375 0.10546875
0 0.8125 0.459375 0.07109375 0.134375
0 0.715625 0.49296875 0.07421875 0.12109375
0 0.49453125 0.9140625 0.07265625 0.1640625
0 0.38125 0.12109375 0.06015625 0.09921875
0 0.615625 0.03125 0.05546875 0.0625
0 0.16875 0.49921875 0.07265625 0.12578125
0 0.91171875 0.81171875 0.0703125 0.15078125
0 0.7203125 0.71953125 0.0765625 0.12109375
0 0.6390625 0.54609375 0.06953125 0.1390625
0 0.13125 0.3515625 0.05234375 0.10546875
0 0.5375 0.62734375 0.08671875 0.11796875
0 0.03984375 0.58046875 0.07734375 0.13046875
0 0.82265625 0.92890625 0.0765625 0.1421875
0 0.45390625 0.47578125 0.0703125 0.125
0 0.90546875 0.578125 0.06328125 0.1125
0 0.6125 0.80625 0.0796875 0.1265625
0 0.88203125 0.1 0.0484375 0.0828125
0 0.8234375 0.0234375 0.059375 0.046875
0 0.81796875 0.6359375 0.06796875 0.125
0 0.0890625 0.73984375 0.07890625 0.121875
0 0.2234375 0.66484375 0.07265625 0.1453125
0 0.290625 0.8234375 0.08359375 0.1453125