0 0.96328125 0.60703125 0.07265625 0.128125
0 0.86796875 0.7015625 0.05703125 0.1125
0 0.7296875 0.81484375 0.07890625 0.134375
0 0.5765625 0.9359375 0.08125 0.128125
0 0.9578125 0.3609375 0.07265625 0.12734375
0 0.86171875 0.44375 0.0703125 0.12109375
0 0.74453125 0.52734375 0.065625 0.11796875
0 0.60078125 0.61484375 0.0703125 0.109375
0 0.478125 0.71953125 0.08671875 0.13671875
0 0.296875 0.8421875 0.09296875 0.13515625
0 0.94765625 0.15546875 0.07265625 0.09375
0 0.84765625 0.234375 0.06875 0.11484375
0 0.7515625 0.29609375 0.07578125 0.1359375
0 0.634375 0.3890625 0.07421875 0.1140625
0 0.51484375 0.4671875 0.07421875 0.115625
0 0.38203125 0.578125 0.071875 0.1265625
0 0.225 0.67421875 0.0953125 0.1609375
0 0.0484375 0.8109375 0.09375 0.1515625
0 0.8515625 0.0640625 0.07578125 0.1
0 0.753125 0.14296875 0.07421875 0.11953125
0 0.6671875 0.2 0.071875 0.12421875
0 0.56015625 0.271875 0.08359375 0.13828125
0 0.42890625 0.35390625 0.0671875 0.125
0 0.309375 0.434375 0.0765625 0.11796875
0 0.17109375 0.51171875 0.09296875 0.16171875
0 0.66875 0.053125 0.065625 0.10625
0 0.58125 0.1078125 0.06484375 0.0921875
0 0.47890625 0.18203125 0.0859375 0.11953125
0 0.38125 0.2515625 0.06640625 0.11640625
0 0.253125 0.3125 0.06171875 0.11328125
0 0.1140625 0.4015625 0.08125 0.128125
0 0.51328125 0.053125 0.06640625 0.10625
0 0.42421875 0.10859375 0.06640625 0.11484375
0 0.31953125 0.17890625 0.078125 0.12578125
0 0.19921875 0.23046875 0.07578125 0.13359375
0 0.06875 0.29140625 0.08515625 0.13359375
0 0.36640625 0.0453125 0.053125 0.090625
0 0.25625 0.1 0.0375 0.08515625
0 0.15078125 0.153125 0.0765625 0.13984375
0 0.1125 0.07890625 0.0734375 0.11796875
0 0.040625 0.21171875 0.0671875 0.0953125