0 0.82421875 0.12421875 0.07734375 0.16640625
0 0.596875 0.19921875 0.07890625 0.13671875
0 0.89375 0.234375 0.07421875 0.1484375
0 0.26328125 0.1921875 0.07109375 0.10078125
0 0.54296875 0.0796875 0.07578125 0.1421875
0 0.925 0.075 0.0734375 0.1390625
0 0.109375 0.26953125 0.06640625 0.125
0 0.725 0.15625 0.0765625 0.13203125
0 0.78671875 0.29609375 0.08203125 0.1453125
0 0.6640625 0.04453125 0.071875 0.0890625
0 0.94765625 0.67578125 0.1046875 0.1828125
0 0.765625 0.03671875 0.07265625 0.0734375
0 0.084375 0.121875 0.0453125 0.08671875
0 0.41640625 0.12578125 0.06953125 0.11953125
0 0.2328125 0.040625 0.05859375 0.08046875
0 0.13984375 0.4578125 0.059375 0.09765625
0 0.96796875 0.4078125 0.06328125 0.19140625
0 0.98125 0.18828125 0.03671875 0.165625
0 0.85234375 0.465625 0.08046875 0.1515625
0 0.35078125 0.57734375 0.06875 0.14765625
0 0.79375 0.7859375 0.08828125 0.165625
0 0.46328125 0.26171875 0.06796875 0.1109375
0 0.1734375 0.678125 0.06875 0.134375
0 0.6546875 0.37421875 0.05859375 0.1125
0 0.72265625 0.553125 0.071875 0.15078125
0 0.56953125 0.6671875 0.12109375 0.1625
0 0.64453125 0.928125 0.0765625 0.14375
0 0.41015625 0.78046875 0.0734375 0.16484375
0 0.50234375 0.46015625 0.05703125 0.0984375
0 0.28359375 0.37109375 0.0859375 0.128125
0 0.23828125 0.9234375 0.0703125 0.153125