0 0.85234375 0.61484375 0.04609375 0.0703125
0 0.4828125 0.09140625 0.01953125 0.03046875
0 0.728125 0.26796875 0.02890625 0.04296875
0 0.728125 0.16875 0.02421875 0.03515625
0 0.75703125 0.11328125 0.01953125 0.0296875
0 0.4953125 0.0609375 0.01796875 0.02890625
0 0.9328125 0.56015625 0.04609375 0.0703125
0 0.4421875 0.09765625 0.01953125 0.028125
0 0.46640625 0.11875 0.0234375 0.0328125
0 0.50625 0.22109375 0.03203125 0.04921875
0 0.728125 0.21640625 0.028125 0.040625
0 0.53046875 0.05078125 0.01953125 0.02734375
0 0.4015625 0.10234375 0.01953125 0.02734375
0 0.21328125 0.4765625 0.046875 0.0734375
0 0.19296875 0.4015625 0.046875 0.06484375
0 0.38125 0.19296875 0.03046875 0.04765625
0 0.55625 0.17578125 0.02734375 0.0390625
0 0.640625 0.6140625 0.0484375 0.06953125
0 0.59296875 0.02734375 0.0203125 0.028125
0 0.628125 0.1640625 0.02421875 0.0375
0 0.7390625 0.465625 0.03984375 0.06171875
0 0.82890625 0.2203125 0.0265625 0.03984375
0 0.23984375 0.31484375 0.0453125 0.06796875
0 0.5765625 0.25234375 0.02734375 0.040625
0 0.459375 0.2234375 0.03125 0.05
0 0.575 0.103125 0.0234375 0.0359375
0 0.64296875 0.07578125 0.0203125 0.03671875
0 0.38125 0.0828125 0.0203125 0.0265625
0 0.51796875 0.084375 0.02109375 0.03203125
0 0.5046875 0.11484375 0.0234375 0.03515625
0 0.31640625 0.30625 0.0421875 0.05859375
0 0.7625 0.20078125 0.02734375 0.04140625
0 0.41328125 0.3453125 0.04453125 0.0625
0 0.59765625 0.1703125 0.03125 0.04453125
0 0.52265625 0.3125 0.034375 0.053125
0 0.66171875 0.1984375 0.03203125 0.046875
0 0.5671875 0.1421875 0.02578125 0.03515625
0 0.94375 0.44140625 0.0359375 0.05
0 0.32734375 0.20078125 0.03359375 0.04765625
0 0.5421875 0.1078125 0.025 0.03359375
0 0.44453125 0.40546875 0.0421875 0.0640625
0 0.66640625 0.10546875 0.021875 0.03125
0 0.1859375 0.1921875 0.0296875 0.03515625
0 0.6953125 0.34140625 0.0328125 0.04296875
0 0.58046875 0.06328125 0.01796875 0.0296875
0 0.26953125 0.38515625 0.04609375 0.06953125
0 0.58046875 0.209375 0.02578125 0.03828125
0 0.69609375 0.234375 0.02578125 0.04296875
0 0.53046875 0.1421875 0.0234375 0.03359375
0 0.7 0.584375 0.040625 0.0640625
0 0.8296875 0.7796875 0.04765625 0.078125
0 0.4890625 0.265625 0.03125 0.0484375
0 0.7 0.40859375 0.03828125 0.0546875
0 0.378125 0.28515625 0.03515625 0.05859375
0 0.665625 0.15078125 0.021875 0.03359375
0 0.49296875 0.146875 0.02109375 0.03125
0 0.66015625 0.246875 0.03125 0.04140625
0 0.4390625 0.271875 0.03515625 0.05703125
0 0.15078125 0.2859375 0.04140625 0.05625
0 0.803125 0.640625 0.04453125 0.071875
0 0.6453125 0.04375 0.0171875 0.02421875
0 0.40546875 0.15390625 0.025 0.040625
0 0.53984375 0.0171875 0.01796875 0.025
0 0.409375 0.23359375 0.03203125 0.05
0 0.60234375 0.1359375 0.0234375 0.03046875
0 0.28671875 0.1484375 0.02578125 0.0375
0 0.31640625 0.1171875 0.02265625 0.03515625
0 0.28125 0.0859375 0.02109375 0.03125
0 0.4515625 0.15625 0.025 0.03515625
0 0.4609375 0.071875 0.01875 0.03203125
0 0.35859375 0.10703125 0.021875 0.03203125
0 0.303125 0.17109375 0.02734375 0.04296875
0 0.61796875 0.24921875 0.0265625 0.04296875
0 0.8234375 0.4328125 0.0328125 0.04765625
0 0.9109375 0.4640625 0.03828125 0.05546875
0 0.76640625 0.25546875 0.02734375 0.03984375
0 0.9171875 0.70625 0.0421875 0.06875
0 0.471875 0.3328125 0.04140625 0.05703125
0 0.69765625 0.4921875 0.0375 0.0546875
0 0.62578125 0.2015625 0.0265625 0.0390625
0 0.653125 0.28984375 0.02890625 0.040625
0 0.13671875 0.2421875 0.0390625 0.0453125
0 0.8703125 0.25234375 0.02890625 0.04453125
0 0.375 0.434375 0.05 0.0734375
0 0.2703125 0.1265625 0.0203125 0.03515625
0 0.55 0.21484375 0.02734375 0.0390625
0 0.3546875 0.23984375 0.03359375 0.0484375
0 0.7328125 0.390625 0.0359375 0.046875
0 0.790625 0.1859375 0.02421875 0.0390625
0 0.51796875 0.1765625 0.02578125 0.04296875
0 0.8796875 0.31328125 0.0296875 0.0453125
0 0.56015625 0.040625 0.01796875 0.02890625
0 0.478125 0.18046875 0.02890625 0.04140625
0 0.265625 0.2171875 0.034375 0.04921875
0 0.5671875 0.30078125 0.03046875 0.04453125
0 0.35703125 0.1609375 0.02578125 0.03984375
0 0.76015625 0.153125 0.0234375 0.0359375
0 0.11328125 0.18515625 0.03203125 0.0328125
0 0.5515625 0.07578125 0.01875 0.02734375
0 0.1140625 0.50546875 0.046875 0.084375
0 0.878125 0.49375 0.03515625 0.05078125
0 0.41171875 0.50546875 0.0484375 0.07265625
0 0.60859375 0.36328125 0.0375 0.059375
0 0.90859375 0.2921875 0.025 0.04140625
0 0.78515625 0.45703125 0.040625 0.06640625
0 0.53828125 0.2609375 0.0296875 0.04453125
0 0.34375 0.36328125 0.040625 0.0546875
0 0.79765625 0.23984375 0.0296875 0.04453125
0 0.609375 0.0890625 0.025 0.03671875
0 0.72578125 0.11875 0.02265625 0.034375
0 0.171875 0.17109375 0.02890625 0.0375
0 0.3828125 0.12890625 0.02265625 0.0375
0 0.56796875 0.01015625 0.0203125 0.0203125
0 0.84609375 0.34375 0.0296875 0.05390625
0 0.89375 0.390625 0.0328125 0.04921875
0 0.49375 0.69765625 0.053125 0.090625
0 0.98359375 0.8 0.03203125 0.07890625
0 0.98203125 0.41328125 0.03515625 0.0515625
0 0.44140625 0.053125 0.01953125 0.03671875
0 0.7546875 0.0828125 0.0171875 0.02421875
0 0.696875 0.284375 0.028125 0.0390625
0 0.50625 0.39296875 0.04140625 0.059375
0 0.25546875 0.1125 0.01875 0.03046875
0 0.57265625 0.64453125 0.0515625 0.0796875
0 0.6953125 0.1828125 0.02578125 0.0359375
0 0.69921875 0.70625 0.05390625 0.0953125
0 0.3421875 0.0890625 0.01953125 0.0296875
0 0.16796875 0.33828125 0.04296875 0.05703125
0 0.43046875 0.18671875 0.028125 0.04453125
0 0.04609375 0.1828125 0.03046875 0.034375
0 0.20390625 0.23046875 0.03046875 0.04140625
0 0.403125 0.03125 0.0171875 0.02734375
0 0.7953125 0.540625 0.040625 0.059375
0 0.29765625 0.09765625 0.0203125 0.03125
0 0.453125 0.03046875 0.01796875 0.028125
0 0.63515625 0.12265625 0.02421875 0.028125
0 0.23046875 0.1609375 0.0265625 0.03359375
0 0.96875 0.5265625 0.03515625 0.06484375
0 0.5296875 0.5578125 0.0453125 0.07421875
0 0.43515625 0.015625 0.01640625 0.0265625
0 0.14609375 0.1328125 0.025 0.0453125
0 0.42421875 0.04453125 0.01640625 0.03046875
0 0.29765625 0.45078125 0.04921875 0.06796875
0 0.371875 0.04453125 0.01484375 0.025
0 0.77578125 0.37734375 0.03125 0.04765625
0 0.50625 0.03203125 0.01875 0.025
0 0.8125 0.36015625 0.0296875 0.05
0 0.61328125 0.053125 0.0171875 0.025
0 0.834375 0.2765625 0.03359375 0.04140625
0 0.24453125 0.18203125 0.03046875 0.0421875
0 0.5421875 0.81171875 0.06875 0.11328125
0 0.33671875 0.13828125 0.0265625 0.034375
0 0.59609375 0.44140625 0.0375 0.0546875
0 0.55703125 0.37265625 0.034375 0.05
0 0.90078125 0.896875 0.05390625 0.090625
0 0.0859375 0.1421875 0.028125 0.03671875
0 0.76796875 0.31328125 0.025 0.03828125
0 0.1234375 0.21171875 0.0328125 0.0328125
0 0.21484375 0.13828125 0.028125 0.03671875
0 0.85625 0.41484375 0.03515625 0.05390625
0 0.74296875 0.559375 0.03359375 0.04921875
0 0.4875 0.01484375 0.01875 0.02734375
0 0.36640625 0.07109375 0.01796875 0.02734375
0 0.33203125 0.53046875 0.0484375 0.07734375
0 0.48671875 0.47265625 0.0453125 0.0703125
0 0.6390625 0.50859375 0.0375 0.05625
0 0.72578125 0.08515625 0.021875 0.028125
0 0.87578125 0.734375 0.046875 0.08515625
0 0.05078125 0.21953125 0.03828125 0.03984375
0 0.9265625 0.3609375 0.03203125 0.0484375
0 0.403125 0.06484375 0.01796875 0.02890625
0 0.340625 0.02421875 0.0140625 0.03046875
0 0.73203125 0.32890625 0.03046875 0.0421875
0 0.446875 0.590625 0.04921875 0.08125
0 0.47734375 0.046875 0.0171875 0.028125
0 0.946875 0.8453125 0.0515625 0.0875
0 0.16015625 0.71640625 0.04921875 0.09453125
0 0.8375 0.5109375 0.0390625 0.06328125
0 0.02265625 0.5359375 0.0453125 0.0921875
0 0.6484375 0.425 0.03046875 0.04609375
0 0.615625 0.29765625 0.025 0.03984375
0 0.89453125 0.584375 0.03671875 0.05625
0 0.76015625 0.67109375 0.04296875 0.06875
0 0.29375 0.05859375 0.0140625 0.0234375
0 0.31953125 0.04765625 0.015625 0.0265625
0 0.7 0.13359375 0.01796875 0.02890625
0 0.6046875 0.9453125 0.06953125 0.10703125
0 0.028125 0.6390625 0.05546875 0.11015625
0 0.784375 0.1109375 0.01875 0.028125
0 0.95859375 0.6796875 0.03984375 0.06640625
0 0.54609375 0.45546875 0.0375 0.0625
0 0.0546875 0.26484375 0.034375 0.0484375
0 0.80546875 0.296875 0.028125 0.0421875
0 0.584375 0.52890625 0.03984375 0.071875
0 0.78515625 0.14453125 0.01796875 0.03046875
0 0.69609375 0.096875 0.02109375 0.03125
0 0.64921875 0.01328125 0.01796875 0.0265625
0 0.82265625 0.17578125 0.02265625 0.0328125
0 0.2359375 0.1 0.0203125 0.03046875
0 0.65390625 0.34609375 0.02890625 0.046875
0 0.984375 0.63125 0.03125 0.0734375
0 0.140625 0.59609375 0.0515625 0.08125
0 0.10234375 0.16328125 0.028125 0.0296875
0 0.23671875 0.56796875 0.04609375 0.08359375
0 0.03203125 0.15703125 0.0296875 0.03125
0 0.4234375 0.07734375 0.01796875 0.02734375
0 0.990625 0.49375 0.0171875 0.0484375
0 0.4203125 0.01015625 0.01640625 0.01953125
0 0.30703125 0.06953125 0.01484375 0.0234375
0 0.67265625 0.07109375 0.01953125 0.0265625
0 0.84453125 0.94765625 0.06640625 0.0953125
0 0.31015625 0.80546875 0.065625 0.103125
0 0.371875 0.0109375 0.01484375 0.021875
0 0.0640625 0.915625 0.065625 0.08671875
0 0.328125 0.01953125 0.0125 0.02578125
0 0.2203125 0.2703125 0.03984375 0.046875
0 0.403125 0.75234375 0.05234375 0.09296875
0 0.51875 0.009375 0.0203125 0.01796875
0 0.425 0.12421875 0.01796875 0.03046875
0 0.59765625 0.00703125 0.01953125 0.0140625
0 0.2703125 0.07421875 0.015625 0.03203125
0 0.47265625 0.04140625 0.01640625 0.02890625
0 0.26796875 0.67578125 0.05078125 0.090625
0 0.3875 0.021875 0.015625 0.02734375
0 0.3859375 0.05234375 0.0171875 0.0296875
0 0.465625 0.00859375 0.01796875 0.01640625
0 0.18359375 0.10859375 0.0203125 0.03515625
0 0.12734375 0.04609375 0.01875 0.02734375
0 0.33359375 0.05703125 0.01328125 0.02265625
0 0.096875 0.0546875 0.0234375 0.03515625
0 0.28984375 0.2578125 0.0328125 0.046875
0 0.17109375 0.096875 0.02109375 0.03671875
0 0.1609375 0.15078125 0.025 0.0375
0 0.07890625 0.1140625 0.02890625 0.0328125
0 0.67265625 0.0421875 0.015625 0.02421875
0 0.14453125 0.0609375 0.01875 0.03125
0 0.12109375 0.1015625 0.025 0.04375
0 0.6203125 0.0171875 0.015625 0.028125
0 0.29140625 0.0296875 0.01171875 0.0203125
0 0.771875 0.82890625 0.05078125 0.084375
0 0.1296875 0.115625 0.01875 0.0328125
0 0.1453125 0.01015625 0.015625 0.0203125
0 0.0390625 0.775 0.04609375 0.09453125
0 0.26953125 0.04765625 0.0140625 0.025
0 0.62421875 0.75 0.05 0.09765625
0 0.4625 0.88125 0.05703125 0.1078125
0 0.7015625 0.0140625 0.015625 0.0234375
0 0.35390625 0.0328125 0.0140625 0.02421875
0 0.15625 0.08125 0.021875 0.034375
0 0.17265625 0.0453125 0.01640625 0.03046875
0 0.0703125 0.10859375 0.025 0.0328125
0 0.19140625 0.0203125 0.01328125 0.0234375
0 0.7015625 0.88984375 0.0515625 0.09375
0 0.7515625 0.05859375 0.015625 0.0234375
0 0.3671875 0.62734375 0.06015625 0.0953125
0 0.35 0.9515625 0.06640625 0.096875
0 0.1953125 0.8765625 0.065625 0.1015625