0 0.2 0.91171875 0.10625 0.1765625
0 0.03515625 0.8609375 0.0703125 0.134375
0 0.1796875 0.7453125 0.10859375 0.13046875
0 0.02578125 0.6953125 0.04921875 0.1359375
0 0.021875 0.546875 0.04375 0.1203125
0 0.02578125 0.44375 0.0515625 0.1125
0 0.16875 0.60390625 0.1296875 0.16875
0 0.14609375 0.46875 0.06328125 0.10078125
0 0.140625 0.3734375 0.06171875 0.09609375
0 0.1265625 0.29375 0.0765625 0.109375
0 0.10625 0.21328125 0.06875 0.10703125
0 0.09765625 0.14453125 0.05078125 0.07421875
0 0.0921875 0.078125 0.059375 0.08671875
0 0.1890625 0.040625 0.0484375 0.07109375
0 0.2 0.1 0.053125 0.08046875
0 0.21328125 0.16875 0.05625 0.08671875
0 0.23203125 0.2421875 0.0671875 0.0890625
0 0.2515625 0.31171875 0.07421875 0.1
0 0.275 0.3984375 0.0640625 0.09609375
0 0.30546875 0.503125 0.08515625 0.134375
0 0.3375 0.6359375 0.0640625 0.1265625
0 0.29921875 0.0609375 0.0328125 0.0625
0 0.3234375 0.11484375 0.05546875 0.075
0 0.3359375 0.1953125 0.06328125 0.08515625
0 0.3734375 0.25 0.06640625 0.0890625
0 0.390625 0.33046875 0.0703125 0.10546875
0 0.43125 0.43515625 0.08515625 0.11015625
0 0.47109375 0.534375 0.08984375 0.13671875
0 0.534375 0.6734375 0.0921875 0.16875
0 0.3828125 0.77265625 0.0671875 0.12265625
0 0.41953125 0.93046875 0.0953125 0.1390625
0 0.56640625 0.8078125 0.090625 0.16875
0 0.81484375 0.875 0.11015625 0.13984375
0 0.73671875 0.709375 0.08828125 0.16171875
0 0.66875 0.5734375 0.07109375 0.1546875
0 0.60625 0.46640625 0.0671875 0.15078125
0 0.5578125 0.38984375 0.04609375 0.08828125
0 0.51484375 0.29375 0.05625 0.1
0 0.475 0.22265625 0.04921875 0.109375
0 0.446875 0.1453125 0.05703125 0.10859375
0 0.41640625 0.0796875 0.04296875 0.08046875
0 0.39140625 0.04296875 0.0484375 0.08515625
0 0.50703125 0.04296875 0.040625 0.08046875
0 0.5359375 0.0921875 0.06328125 0.08828125
0 0.5890625 0.165625 0.05859375 0.11640625
0 0.625 0.2359375 0.05546875 0.1125
0 0.66796875 0.30859375 0.0625 0.0984375
0 0.7265625 0.403125 0.0546875 0.109375
0 0.7890625 0.49765625 0.0703125 0.1265625
0 0.625 0.0671875 0.0578125 0.1015625
0 0.675 0.1265625 0.06328125 0.10625
0 0.7125 0.03359375 0.04140625 0.0671875
0 0.753125 0.084375 0.0453125 0.08125
0 0.71171875 0.18046875 0.053125 0.0921875
0 0.7703125 0.2546875 0.06328125 0.11796875
0 0.80625 0.14296875 0.05078125 0.0890625
0 0.8359375 0.046875 0.05234375 0.08828125
0 0.88515625 0.12109375 0.0546875 0.12421875
0 0.9625 0.05625 0.05 0.08359375
0 0.9390625 0.16796875 0.0515625 0.103125
0 0.85625 0.2125 0.0578125 0.0875
0 0.9140625 0.28359375 0.04921875 0.1015625
0 0.97265625 0.37265625 0.0546875 0.1125
0 0.8265625 0.346875 0.06953125 0.115625
0 0.896875 0.43828125 0.0625 0.1078125
0 0.965625 0.553125 0.06875 0.15078125
0 0.86640625 0.62734375 0.06640625 0.1265625
0 0.946875 0.77734375 0.09765625 0.16796875