0 0.15625 0.7796875 0.09375 0.16328125
0 0.1375 0.6171875 0.0875 0.13828125
0 0.1109375 0.49765625 0.103125 0.1546875
0 0.1015625 0.38125 0.0859375 0.128125
0 0.0890625 0.30859375 0.0375 0.06484375
0 0.0765625 0.215625 0.0546875 0.096875
0 0.0640625 0.13984375 0.05 0.075
0 0.06875 0.0765625 0.0671875 0.07265625
0 0.17578125 0.0328125 0.06328125 0.065625
0 0.19296875 0.09453125 0.06796875 0.09765625
0 0.20625 0.16875 0.0640625 0.09609375
0 0.21875 0.2296875 0.07421875 0.09140625
0 0.2390625 0.328125 0.06875 0.1171875
0 0.26484375 0.4203125 0.0890625 0.13515625
0 0.28984375 0.55078125 0.0828125 0.13828125
0 0.325 0.68515625 0.0859375 0.1296875
0 0.35546875 0.875 0.096875 0.16875
0 0.546875 0.7734375 0.09609375 0.1640625
0 0.69609375 0.70703125 0.08828125 0.1703125
0 0.76484375 0.88359375 0.109375 0.20078125
0 0.91171875 0.75390625 0.11484375 0.2421875
0 0.82734375 0.6109375 0.09140625 0.15
0 0.95390625 0.515625 0.07734375 0.16328125
0 0.8671875 0.43125 0.0671875 0.16015625
0 0.7578125 0.4703125 0.0859375 0.15234375
0 0.61953125 0.54375 0.1203125 0.1671875
0 0.48203125 0.60078125 0.090625 0.1296875
0 0.44453125 0.490625 0.08203125 0.13125
0 0.42265625 0.35390625 0.0765625 0.10703125
0 0.37265625 0.26796875 0.06328125 0.115625
0 0.346875 0.18359375 0.0609375 0.10703125
0 0.309375 0.11328125 0.06171875 0.09765625
0 0.2953125 0.04375 0.05078125 0.07734375
0 0.3921875 0.02734375 0.05 0.0546875
0 0.41640625 0.07734375 0.0609375 0.1203125
0 0.45703125 0.14140625 0.06875 0.10234375
0 0.4890625 0.22421875 0.0734375 0.12109375
0 0.53203125 0.30859375 0.0734375 0.13984375
0 0.58125 0.4046875 0.0671875 0.10625
0 0.52421875 0.0484375 0.0546875 0.096875
0 0.55546875 0.09453125 0.05078125 0.090625
0 0.6 0.1671875 0.0703125 0.1171875
0 0.6515625 0.2546875 0.07578125 0.12734375
0 0.65625 0.06484375 0.0578125 0.1109375
0 0.703125 0.12734375 0.046875 0.0796875
0 0.74765625 0.2 0.07265625 0.128125
0 0.8 0.08046875 0.06640625 0.11796875
0 0.87578125 0.0421875 0.05234375 0.084375
0 0.9390625 0.10703125 0.06171875 0.090625
0 0.84765625 0.16484375 0.03984375 0.0734375
0 0.80546875 0.30625 0.07578125 0.13046875
0 0.69296875 0.35625 0.08828125 0.15078125
0 0.9671875 0.34296875 0.04296875 0.109375