0 0.7671875 0.20390625 0.0265625 0.04140625
0 0.596875 0.18359375 0.0296875 0.04609375
0 0.66875 0.1546875 0.02578125 0.040625
0 0.77578125 0.33359375 0.0328125 0.0484375
0 0.69921875 0.31015625 0.03671875 0.05625
0 0.7046875 0.140625 0.021875 0.034375
0 0.0390625 0.3234375 0.0421875 0.0453125
0 0.346875 0.2 0.03203125 0.04453125
0 0.63046875 0.16875 0.0296875 0.04296875
0 0.40078125 0.26484375 0.0375 0.05390625
0 0.66953125 0.11171875 0.02265625 0.03203125
0 0.35234375 0.1515625 0.0203125 0.03203125
0 0.29921875 0.34609375 0.04140625 0.0578125
0 0.596875 0.46875 0.03671875 0.05625
0 0.58046875 0.06484375 0.02421875 0.04140625
0 0.46796875 0.05859375 0.01875 0.0296875
0 0.28046875 0.496875 0.04765625 0.0640625
0 0.93984375 0.37734375 0.0375 0.05390625
0 0.85625 0.3609375 0.03671875 0.05703125
0 0.44296875 0.18046875 0.0234375 0.0375
0 0.76640625 0.1640625 0.0265625 0.03828125
0 0.03359375 0.28515625 0.0375 0.03671875
0 0.1140625 0.2953125 0.03984375 0.04609375
0 0.56796875 0.0125 0.0171875 0.025
0 0.2546875 0.42421875 0.04140625 0.0578125
0 0.7015625 0.24296875 0.0296875 0.0421875
0 0.7546875 0.6125 0.04765625 0.06953125
0 0.31953125 0.2421875 0.03359375 0.04765625
0 0.62109375 0.03046875 0.0171875 0.0234375
0 0.434375 0.07578125 0.01953125 0.03359375
0 0.7 0.1875 0.02734375 0.0390625
0 0.58515625 0.23828125 0.03359375 0.04453125
0 0.334375 0.13671875 0.0203125 0.03359375
0 0.29140625 0.21484375 0.02890625 0.04296875
0 0.32109375 0.1234375 0.01796875 0.03203125
0 0.77265625 0.26875 0.03046875 0.04453125
0 0.43203125 0.025 0.0171875 0.03046875
0 0.23671875 0.22734375 0.03359375 0.0453125
0 0.5171875 0.35078125 0.0375 0.05625
0 0.41953125 0.0609375 0.02265625 0.0328125
0 0.275 0.29609375 0.03828125 0.053125
0 0.46953125 0.2125 0.0296875 0.0421875
0 0.57421875 0.28203125 0.034375 0.04765625
0 0.2265625 0.365625 0.0421875 0.0609375
0 0.54921875 0.07890625 0.02109375 0.03046875
0 0.421875 0.11015625 0.02265625 0.03671875
0 0.1609375 0.45625 0.046875 0.0609375
0 0.38125 0.12265625 0.02265625 0.03828125
0 0.14609375 0.390625 0.04375 0.0546875
0 0.66015625 0.265625 0.03046875 0.05
0 0.50390625 0.0390625 0.021875 0.0375
0 0.75 0.51171875 0.040625 0.06015625
0 0.61953125 0.275 0.03515625 0.05390625
0 0.903125 0.40546875 0.03671875 0.0453125
0 0.28125 0.04765625 0.01796875 0.02890625
0 0.5671875 0.33828125 0.028125 0.04453125
0 0.6765625 0.0265625 0.0171875 0.02578125
0 0.1046875 0.265625 0.04296875 0.03671875
0 0.64609375 0.053125 0.01953125 0.0265625
0 0.69921875 0.36953125 0.034375 0.04921875
0 0.1734375 0.2453125 0.03515625 0.04375
0 0.259375 0.25546875 0.03359375 0.046875
0 0.34375 0.09921875 0.01953125 0.03515625
0 0.8234375 0.3875 0.0328125 0.05
0 0.53125 0.16640625 0.0265625 0.040625
0 0.0546875 0.3578125 0.04609375 0.0453125
0 0.5125 0.20234375 0.03046875 0.0421875
0 0.890625 0.3328125 0.03203125 0.0484375
0 0.31484375 0.58671875 0.04765625 0.07265625
0 0.46015625 0.3640625 0.040625 0.0546875
0 0.98828125 0.43203125 0.0234375 0.0515625
0 0.64296875 0.0796875 0.01875 0.0296875
0 0.83203125 0.85 0.04296875 0.06640625
0 0.565625 0.1546875 0.025 0.0359375
0 0.53359375 0.28828125 0.0359375 0.04921875
0 0.728125 0.1015625 0.01953125 0.028125
0 0.37421875 0.16875 0.02265625 0.0359375
0 0.4296875 0.31171875 0.03671875 0.05625
0 0.1859375 0.27578125 0.0359375 0.0421875
0 0.2 0.3125 0.03828125 0.05625
0 0.49296875 0.0765625 0.0234375 0.034375
0 0.5546875 0.19453125 0.03046875 0.0453125
0 0.4984375 0.246875 0.03125 0.0421875
0 0.36953125 0.3296875 0.040625 0.05703125
0 0.7296875 0.13515625 0.0203125 0.025
0 0.61484375 0.0578125 0.0203125 0.02890625
0 0.30546875 0.16171875 0.02265625 0.0296875
0 0.45390625 0.0984375 0.02109375 0.03515625
0 0.4796875 0.1140625 0.021875 0.0359375
0 0.5140625 0.10078125 0.02265625 0.03203125
0 0.575 0.10546875 0.021875 0.03203125
0 0.734375 0.28671875 0.0328125 0.0515625
0 0.61015625 0.09375 0.02265625 0.034375
0 0.48671875 0.17265625 0.0234375 0.03984375
0 0.39609375 0.18828125 0.02421875 0.034375
0 0.44140625 0.1265625 0.021875 0.03828125
0 0.72734375 0.07109375 0.01796875 0.02578125
0 0.54140625 0.12109375 0.025 0.03515625
0 0.13125 0.3375 0.03984375 0.05234375
0 0.884375 0.5265625 0.0375 0.06328125
0 0.375 0.23046875 0.03125 0.04765625
0 0.4015625 0.384375 0.0390625 0.06171875
0 0.4234375 0.21796875 0.02265625 0.0375
0 0.6390625 0.12109375 0.02109375 0.03125
0 0.49765625 0.41796875 0.03671875 0.0578125
0 0.4734375 0.52109375 0.04296875 0.06171875
0 0.3265625 0.17578125 0.028125 0.0375
0 0.11328125 0.6734375 0.05625 0.0921875
0 0.3578125 0.11015625 0.021875 0.0359375
0 0.4625 0.1515625 0.0234375 0.03984375
0 0.6640625 0.2109375 0.02890625 0.0359375
0 0.796875 0.196875 0.025 0.03671875
0 0.67109375 0.07734375 0.02109375 0.028125
0 0.60234375 0.1375 0.0234375 0.03515625
0 0.83046875 0.18984375 0.0203125 0.03515625
0 0.69609375 0.43984375 0.03671875 0.0515625
0 0.06875 0.48125 0.046875 0.0640625
0 0.44140625 0.6421875 0.0484375 0.078125
0 0.88984375 0.80390625 0.05625 0.078125
0 0.48046875 0.296875 0.03828125 0.0546875
0 0.79921875 0.58359375 0.04296875 0.06640625
0 0.53984375 0.48984375 0.03828125 0.05703125
0 0.65859375 0.31796875 0.0296875 0.04765625
0 0.62578125 0.225 0.03125 0.04296875
0 0.8796875 0.2734375 0.025 0.0421875
0 0.58046875 0.5765625 0.03828125 0.059375
0 0.846875 0.28828125 0.03125 0.0484375
0 0.9265625 0.5 0.03984375 0.065625
0 0.2203125 0.03359375 0.0140625 0.0234375
0 0.653125 0.38671875 0.03125 0.053125
0 0.73671875 0.225 0.025 0.03984375
0 0.80859375 0.24609375 0.03046875 0.04921875
0 0.7609375 0.128125 0.01953125 0.02734375
0 0.12890625 0.02421875 0.01796875 0.028125
0 0.75703125 0.09921875 0.01796875 0.02578125
0 0.6078125 0.32734375 0.02578125 0.04375
0 0.52421875 0.06015625 0.0234375 0.03515625
0 0.703125 0.10859375 0.0171875 0.0265625
0 0.1140625 0.059375 0.0171875 0.025
0 0.9828125 0.56328125 0.034375 0.0671875
0 0.7296875 0.171875 0.02421875 0.03359375
0 0.4859375 0.028125 0.01796875 0.03359375
0 0.87109375 0.4390625 0.0328125 0.046875
0 0.275 0.18515625 0.02890625 0.03828125
0 0.83671875 0.22890625 0.021875 0.03515625
0 0.215625 0.628125 0.0515625 0.08203125
0 0.08515625 0.56484375 0.0484375 0.07109375
0 0.45390625 0.2609375 0.0328125 0.04765625
0 0.6046875 0.39453125 0.0296875 0.0453125
0 0.15859375 0.21953125 0.03203125 0.04140625
0 0.365625 0.06640625 0.0171875 0.0328125
0 0.4359375 0.43515625 0.04296875 0.06875
0 0.334375 0.04453125 0.01484375 0.025
0 0.421875 0.16015625 0.021875 0.03125
0 0.390625 0.8140625 0.0578125 0.09375
0 0.7421875 0.42578125 0.03359375 0.0484375
0 0.20546875 0.0203125 0.01640625 0.02578125
0 0.14609375 0.04921875 0.015625 0.028125
0 0.20625 0.18515625 0.0265625 0.040625
0 0.30078125 0.11171875 0.0203125 0.03671875
0 0.95859375 0.4640625 0.03515625 0.053125
0 0.39921875 0.04921875 0.01640625 0.0265625
0 0.33671875 0.4 0.040625 0.05390625
0 0.38125 0.08046875 0.01953125 0.03671875
0 0.24140625 0.15234375 0.01953125 0.03671875
0 0.2890625 0.146875 0.021875 0.03125
0 0.84375 0.5578125 0.03984375 0.06328125
0 0.32890625 0.08359375 0.01796875 0.03515625
0 0.79296875 0.1578125 0.0234375 0.03125
0 0.22421875 0.20234375 0.0296875 0.03828125
0 0.25703125 0.16796875 0.025 0.03828125
0 0.90703125 0.63203125 0.04296875 0.06484375
0 0.31953125 0.03046875 0.01484375 0.02578125
0 0.03046875 0.25625 0.0390625 0.03359375
0 0.81328125 0.3109375 0.03203125 0.05625
0 0.54140625 0.24453125 0.0296875 0.040625
0 0.18515625 0.52734375 0.05078125 0.08046875
0 0.5015625 0.13515625 0.021875 0.03515625
0 0.3625 0.4609375 0.04296875 0.06953125
0 0.4 0.54765625 0.0484375 0.07734375
0 0.1 0.0328125 0.01875 0.03203125
0 0.09609375 0.23515625 0.03515625 0.03828125
0 0.94765625 0.60390625 0.04375 0.0734375
0 0.69765625 0.78359375 0.0421875 0.07421875
0 0.0296875 0.9828125 0.05234375 0.034375
0 0.49296875 0.74765625 0.04765625 0.08671875
0 0.978125 0.72109375 0.04375 0.078125
0 0.78046875 0.40078125 0.03515625 0.05390625
0 0.3421875 0.275 0.034375 0.0484375
0 0.09140625 0.10078125 0.0265625 0.034375
0 0.6515625 0.025 0.01796875 0.028125
0 0.3984375 0.0984375 0.01953125 0.0328125
0 0.06015625 0.41328125 0.05078125 0.06171875
0 0.70234375 0.0515625 0.0171875 0.025
0 0.815625 0.70078125 0.05078125 0.0859375
0 0.703125 0.07578125 0.0171875 0.0234375
0 0.646875 0.553125 0.03828125 0.06015625
0 0.24375 0.1109375 0.01640625 0.03125
0 0.22578125 0.13984375 0.02109375 0.0390625
0 0.7 0.9546875 0.06796875 0.084375
0 0.17890625 0.09296875 0.021875 0.03671875
0 0.01875 0.16953125 0.02421875 0.0265625
0 0.55703125 0.40546875 0.0359375 0.0578125
0 0.65 0.45546875 0.03203125 0.04453125
0 0.515625 0.61015625 0.0421875 0.075
0 0.3984375 0.14375 0.0234375 0.0359375
0 0.13359375 0.79609375 0.059375 0.10078125
0 0.4515625 0.0453125 0.01875 0.0328125
0 0.0421875 0.0796875 0.02109375 0.02421875
0 0.35078125 0.69609375 0.05625 0.0984375
0 0.1671875 0.071875 0.01796875 0.02734375
0 0.59765625 0.0125 0.0171875 0.025
0 0.1734375 0.02734375 0.01875 0.0265625
0 0.07265625 0.19453125 0.03203125 0.04375
0 0.14609375 0.19609375 0.0265625 0.040625
0 0.7 0.5234375 0.034375 0.0515625
0 0.17109375 0.14921875 0.028125 0.0453125
0 0.15546875 0.94609375 0.059375 0.1015625
0 0.23125 0.0984375 0.01953125 0.03359375
0 0.2953125 0.01953125 0.01484375 0.0265625
0 0.7375 0.35859375 0.03203125 0.04609375
0 0.19375 0.11484375 0.01953125 0.03828125
0 0.2609375 0.12109375 0.0171875 0.03125
0 0.4453125 0.95234375 0.07109375 0.0875
0 0.553125 0.89375 0.059375 0.10234375
0 0.7859375 0.121875 0.0171875 0.0265625
0 0.86875 0.67265625 0.0484375 0.0859375
0 0.20390625 0.0625 0.0171875 0.0296875
0 0.24453125 0.01875 0.0140625 0.02421875
0 0.3015625 0.02265625 0.01640625 0.02890625
0 0.34765625 0.0515625 0.01484375 0.02734375
0 0.83046875 0.46171875 0.034375 0.05078125
0 0.1296875 0.1734375 0.03046875 0.0453125
0 0.15703125 0.009375 0.0203125 0.01875
0 0.15625 0.1234375 0.02421875 0.03828125
0 0.21875 0.0828125 0.01796875 0.0328125
0 0.26640625 0.03359375 0.0140625 0.02578125
0 0.278125 0.08984375 0.01640625 0.034375
0 0.06796875 0.04609375 0.01875 0.02734375
0 0.3828125 0.02421875 0.01796875 0.03125
0 0.18984375 0.165625 0.02265625 0.03515625
0 0.5390625 0.0203125 0.01796875 0.0265625
0 0.0109375 0.11640625 0.021875 0.0265625
0 0.246875 0.7359375 0.05625 0.078125
0 0.90859375 0.96875 0.0609375 0.0625
0 0.6359375 0.675 0.046875 0.07109375
0 0.0140625 0.8515625 0.028125 0.1125
0 0.0140625 0.14296875 0.025 0.028125
0 0.55546875 0.03984375 0.01640625 0.02109375
0 0.4640625 0.01640625 0.01640625 0.0296875
0 0.76640625 0.74453125 0.046875 0.071875
0 0.1953125 0.05859375 0.0171875 0.0265625
0 0.93125 0.76328125 0.04765625 0.08046875
0 0.79609375 0.48984375 0.0375 0.05
0 0.315625 0.0734375 0.0140625 0.02890625
0 0.14375 0.1046875 0.021875 0.03828125
0 0.08984375 0.00859375 0.02109375 0.0171875
0 0.15625 0.06015625 0.01484375 0.0265625
0 0.121875 0.07578125 0.01953125 0.03046875
0 0.2296875 0.05 0.01328125 0.02421875
0 0.5921875 0.034375 0.015625 0.0203125
0 0.4453125 0.01015625 0.015625 0.01953125
0 0.67421875 0.05390625 0.01875 0.02265625
0 0.27109375 0.08828125 0.01640625 0.0328125
0 0.01953125 0.18984375 0.03125 0.02578125
0 0.3203125 0.0078125 0.015625 0.015625
0 0.2421875 0.059375 0.01484375 0.0265625
0 0.259375 0.07265625 0.015625 0.03046875
0 0.29296875 0.8765625 0.05625 0.10546875
0 0.115625 0.15234375 0.03203125 0.04375
0 0.696875 0.63671875 0.0359375 0.05546875
0 0.57734375 0.7078125 0.04375 0.0765625
0 0.6328125 0.83515625 0.05078125 0.08984375
0 0.7828125 0.9109375 0.0484375 0.08359375
0 0.9640625 0.9203125 0.04765625 0.08671875