0 0.934375 0.07109375 0.05703125 0.084375
0 0.96875 0.303125 0.059375 0.1046875
0 0.9078125 0.21953125 0.0421875 0.0796875
0 0.8484375 0.1328125 0.046875 0.09296875
0 0.7921875 0.05078125 0.05 0.08984375
0 0.94296875 0.4984375 0.0625 0.12265625
0 0.87578125 0.38359375 0.0484375 0.08515625
0 0.81640625 0.2828125 0.06328125 0.1046875
0 0.75546875 0.18125 0.059375 0.1
0 0.70625 0.103125 0.046875 0.10078125
0 0.66796875 0.04140625 0.05078125 0.08203125
0 0.89296875 0.6953125 0.07421875 0.14296875
0 0.81796875 0.5640625 0.07109375 0.1328125
0 0.7625 0.44765625 0.0671875 0.10234375
0 0.70390625 0.334375 0.0515625 0.08984375
0 0.653125 0.2296875 0.05546875 0.0890625
0 0.61171875 0.1515625 0.0453125 0.078125
0 0.57265625 0.0703125 0.04453125 0.0890625
0 0.76171875 0.80234375 0.07265625 0.125
0 0.68671875 0.64609375 0.05625 0.1390625
0 0.6359375 0.51796875 0.06796875 0.1390625
0 0.58671875 0.3953125 0.0515625 0.08125
0 0.53984375 0.29609375 0.059375 0.11015625
0 0.50078125 0.20078125 0.0578125 0.1015625
0 0.46640625 0.11015625 0.04296875 0.075
0 0.44296875 0.04453125 0.0296875 0.06796875
0 0.609375 0.921875 0.08203125 0.14609375
0 0.5453125 0.74921875 0.059375 0.128125
0 0.49453125 0.5953125 0.078125 0.1484375
0 0.45390625 0.48046875 0.071875 0.090625
0 0.41796875 0.34921875 0.05 0.11640625
0 0.38046875 0.246875 0.05078125 0.10625
0 0.3609375 0.16640625 0.0515625 0.0796875
0 0.33125 0.08671875 0.04609375 0.08515625
0 0.315625 0.02890625 0.0515625 0.0578125
0 0.38125 0.84921875 0.078125 0.14296875
0 0.35234375 0.7015625 0.0796875 0.11640625
0 0.309375 0.5609375 0.0625 0.1296875
0 0.2828125 0.41484375 0.05234375 0.103125
0 0.259375 0.303125 0.06171875 0.08828125
0 0.23828125 0.1921875 0.04296875 0.08125
0 0.221875 0.11875 0.04375 0.0828125
0 0.20625 0.06953125 0.04453125 0.06484375
0 0.16640625 0.80234375 0.05703125 0.1296875
0 0.1609375 0.640625 0.0671875 0.11171875
0 0.11796875 0.35859375 0.053125 0.0890625
0 0.1453125 0.49140625 0.06171875 0.11171875
0 0.10859375 0.26484375 0.04296875 0.07265625
0 0.10078125 0.18203125 0.04453125 0.08515625
0 0.07890625 0.10625 0.0515625 0.08046875
0 0.0796875 0.0453125 0.0453125 0.0703125