0 0.21171875 0.909375 0.1265625 0.18046875
0 0.14296875 0.740625 0.1125 0.16953125
0 0.12109375 0.603125 0.11484375 0.17265625
0 0.02734375 0.265625 0.05 0.0828125
0 0.0390625 0.37421875 0.0609375 0.1109375
0 0.06484375 0.4703125 0.0859375 0.1
0 0.05546875 0.0765625 0.046875 0.11015625
0 0.08515625 0.153125 0.06484375 0.11171875
0 0.125 0.215625 0.07109375 0.12265625
0 0.159375 0.29375 0.07734375 0.13203125
0 0.19609375 0.09921875 0.05390625 0.1140625
0 0.228125 0.18203125 0.06484375 0.1140625
0 0.2703125 0.23828125 0.07109375 0.14140625
0 0.28359375 0.05390625 0.046875 0.08359375
0 0.33359375 0.13046875 0.0640625 0.1046875
0 0.37109375 0.1921875 0.053125 0.1140625
0 0.321875 0.31953125 0.065625 0.1
0 0.421875 0.2671875 0.06796875 0.09921875
0 0.19765625 0.39375 0.08203125 0.140625
0 0.25078125 0.5125 0.09140625 0.1703125
0 0.37421875 0.42265625 0.08203125 0.13125
0 0.48515625 0.36796875 0.05390625 0.07421875
0 0.42265625 0.06875 0.06875 0.09921875
0 0.496875 0.040625 0.05546875 0.08125
0 0.47578125 0.13359375 0.06328125 0.1203125
0 0.52890625 0.21484375 0.06015625 0.0984375
0 0.55859375 0.0890625 0.05078125 0.07890625
0 0.6359375 0.05703125 0.0546875 0.09375
0 0.71328125 0.034375 0.04765625 0.06796875
0 0.78984375 0.0859375 0.06171875 0.1
0 0.70234375 0.1234375 0.06171875 0.1140625
0 0.61484375 0.16015625 0.06484375 0.11640625
0 0.59453125 0.30546875 0.065625 0.15
0 0.68828125 0.246875 0.06875 0.1203125
0 0.7734375 0.1953125 0.0640625 0.10234375
0 0.85390625 0.1484375 0.06796875 0.10234375
0 0.86640625 0.03828125 0.0578125 0.0765625
0 0.9359375 0.1015625 0.065625 0.11015625
0 0.31640625 0.640625 0.0953125 0.14375
0 0.44140625 0.54375 0.09375 0.1484375
0 0.5609375 0.4515625 0.0859375 0.13359375
0 0.66484375 0.39140625 0.09375 0.14453125
0 0.76328125 0.33828125 0.07109375 0.1375
0 0.85625 0.2765625 0.078125 0.14140625
0 0.940625 0.22578125 0.08203125 0.128125
0 0.3890625 0.7984375 0.0859375 0.15703125
0 0.52109375 0.66484375 0.11484375 0.18671875
0 0.64453125 0.565625 0.1015625 0.18203125
0 0.76640625 0.4953125 0.096875 0.15546875
0 0.86640625 0.42421875 0.08203125 0.13125
0 0.95234375 0.37109375 0.0875 0.16328125
0 0.9640625 0.56953125 0.0640625 0.1765625
0 0.87109375 0.6390625 0.08359375 0.15078125
0 0.75546875 0.7265625 0.08984375 0.19453125
0 0.621875 0.81640625 0.1078125 0.17421875
0 0.88203125 0.90703125 0.1078125 0.16171875