0 0.82421875 0.6046875 0.14375 0.2734375
0 0.871875 0.375 0.13671875 0.21015625
0 0.93046875 0.23671875 0.11796875 0.178125
0 0.94609375 0.0984375 0.08984375 0.1640625
0 0.8015625 0.078125 0.10546875 0.12734375
0 0.76484375 0.18515625 0.1078125 0.16796875
0 0.68125 0.3203125 0.12890625 0.19375
0 0.58515625 0.490625 0.171875 0.2078125
0 0.45 0.80703125 0.20625 0.23984375
0 0.6671875 0.05703125 0.09453125 0.1140625
0 0.621875 0.1234375 0.09296875 0.1421875
0 0.51484375 0.2359375 0.1125 0.2015625
0 0.41171875 0.38203125 0.0953125 0.203125
0 0.23203125 0.59921875 0.22109375 0.290625
0 0.5640625 0.034375 0.0703125 0.06875
0 0.48046875 0.08671875 0.1125 0.1484375
0 0.38515625 0.1828125 0.10546875 0.16796875
0 0.246875 0.33203125 0.12265625 0.19609375
0 0.078125 0.46484375 0.15625 0.25234375
0 0.38203125 0.0546875 0.0890625 0.10546875
0 0.2828125 0.13828125 0.10703125 0.1421875
0 0.2765625 0.04140625 0.059375 0.0828125
0 0.171875 0.084375 0.10625 0.14375
0 0.13125 0.2171875 0.13125 0.23203125
0 0.078125 0.0625 0.0921875 0.1234375
0 0.03671875 0.16171875 0.07265625 0.190625