0 0.2921875 0.89921875 0.08828125 0.11484375
0 0.24609375 0.7046875 0.07109375 0.14140625
0 0.0921875 0.86015625 0.0625 0.10390625
0 0.0796875 0.703125 0.07578125 0.14140625
0 0.0625 0.56484375 0.0609375 0.09609375
0 0.0546875 0.45078125 0.0546875 0.08203125
0 0.040625 0.36796875 0.059375 0.1109375
0 0.5265625 0.9015625 0.109375 0.15859375
0 0.9109375 0.8484375 0.11875 0.1640625
0 0.81640625 0.63515625 0.07109375 0.13515625
0 0.671875 0.76171875 0.109375 0.1421875
0 0.59296875 0.59296875 0.0609375 0.14609375
0 0.446875 0.71953125 0.09140625 0.14453125
0 0.39140625 0.55625 0.0828125 0.1203125
0 0.21171875 0.55859375 0.06640625 0.10703125
0 0.190625 0.41875 0.0640625 0.109375
0 0.17578125 0.34296875 0.0421875 0.0875
0 0.359375 0.44140625 0.06875 0.11328125
0 0.534375 0.45546875 0.078125 0.14453125
0 0.73515625 0.4859375 0.0640625 0.115625
0 0.9359375 0.5390625 0.05859375 0.1140625
0 0.85390625 0.41171875 0.0796875 0.15390625
0 0.7828125 0.296875 0.06171875 0.1203125
0 0.66484375 0.365625 0.06953125 0.115625
0 0.60625 0.25625 0.06484375 0.090625
0 0.4828125 0.34921875 0.07421875 0.10859375
0 0.9515625 0.32734375 0.075 0.13046875
0 0.8859375 0.22890625 0.0796875 0.12578125
0 0.9671875 0.1671875 0.053125 0.10234375
0 0.97890625 0.0421875 0.0390625 0.084375
0 0.89140625 0.0953125 0.06328125 0.07890625
0 0.83203125 0.0296875 0.04453125 0.059375
0 0.74921875 0.0734375 0.05625 0.1046875
0 0.803125 0.13359375 0.06796875 0.090625
0 0.71640625 0.196875 0.07265625 0.1015625
0 0.65390625 0.10625 0.06015625 0.109375
0 0.546875 0.15390625 0.05859375 0.0984375
0 0.44609375 0.22421875 0.059375 0.0953125
0 0.30859375 0.321875 0.0703125 0.0921875
0 0.28671875 0.2203125 0.0515625 0.0921875
0 0.3875 0.1546875 0.05859375 0.10859375
0 0.5046875 0.08046875 0.03984375 0.071875
0 0.5953125 0.0359375 0.0546875 0.071875
0 0.46640625 0.03203125 0.0546875 0.0640625
0 0.35703125 0.0734375 0.05234375 0.0671875
0 0.3171875 0.02734375 0.05625 0.0546875
0 0.25859375 0.1484375 0.05546875 0.08359375
0 0.23046875 0.0828125 0.0453125 0.078125
0 0.21015625 0.03359375 0.04609375 0.0515625
0 0.140625 0.25078125 0.0546875 0.09375
0 0.0265625 0.2671875 0.0515625 0.08046875
0 0.0171875 0.196875 0.034375 0.0625
0 0.12890625 0.17109375 0.04375 0.07109375
0 0.11640625 0.1078125 0.046875 0.06640625
0 0.0953125 0.05703125 0.0421875 0.06171875
0 0.08515625 0.01953125 0.04375 0.03046875
0 0.0171875 0.13203125 0.03359375 0.07890625