0 0.91328125 0.9515625 0.05703125 0.096875
0 0.92265625 0.64375 0.06796875 0.12421875
0 0.82578125 0.72265625 0.0609375 0.11015625
0 0.70703125 0.83671875 0.08515625 0.15
0 0.5515625 0.94140625 0.084375 0.1171875
0 0.95859375 0.39921875 0.05546875 0.11171875
0 0.8515625 0.46484375 0.0625 0.1046875
0 0.7578125 0.54921875 0.06953125 0.09765625
0 0.64140625 0.634375 0.07109375 0.11484375
0 0.48984375 0.74375 0.08046875 0.12734375
0 0.31953125 0.86015625 0.0859375 0.1453125
0 0.1171875 0.77578125 0.08203125 0.1390625
0 0.2765625 0.678125 0.0875 0.1453125
0 0.4265625 0.5640625 0.08671875 0.13671875
0 0.5625 0.48359375 0.0625 0.10859375
0 0.68984375 0.4015625 0.08046875 0.10390625
0 0.80234375 0.32734375 0.07421875 0.1046875
0 0.88515625 0.265625 0.053125 0.09375
0 0.975 0.2140625 0.05 0.103125
0 0.9203125 0.121875 0.053125 0.10078125
0 0.86171875 0.040625 0.0390625 0.08125
0 0.83671875 0.1578125 0.04921875 0.0875
0 0.778125 0.07421875 0.0484375 0.09609375
0 0.7390625 0.21875 0.0515625 0.10234375
0 0.6890625 0.11484375 0.05078125 0.09140625
0 0.63203125 0.26953125 0.0515625 0.11015625
0 0.58203125 0.1671875 0.0546875 0.1234375
0 0.540625 0.0796875 0.0515625 0.1125
0 0.51015625 0.34140625 0.0515625 0.0984375
0 0.4671875 0.2109375 0.06484375 0.12109375
0 0.42109375 0.12421875 0.0609375 0.09296875
0 0.38125 0.03828125 0.0640625 0.07578125
0 0.3796875 0.42109375 0.0625 0.103125
0 0.34453125 0.290625 0.06328125 0.1171875
0 0.309375 0.18671875 0.05546875 0.1078125
0 0.271875 0.07421875 0.0703125 0.13046875
0 0.23828125 0.51015625 0.078125 0.14453125
0 0.20546875 0.37265625 0.0640625 0.12734375
0 0.1765625 0.24609375 0.0640625 0.10546875
0 0.14765625 0.13984375 0.06328125 0.103125
0 0.12578125 0.05234375 0.0625 0.103125
0 0.08828125 0.61015625 0.0640625 0.109375
0 0.06015625 0.45234375 0.06328125 0.115625
0 0.03828125 0.32734375 0.059375 0.12578125
0 0.03125 0.2140625 0.0625 0.1265625