0 0.89453125 0.75625 0.1921875 0.3015625
0 0.81796875 0.49765625 0.13046875 0.26015625
0 0.58671875 0.8796875 0.2421875 0.240625
0 0.57265625 0.62578125 0.17890625 0.27734375
0 0.55625 0.41953125 0.15625 0.21015625
0 0.5453125 0.2484375 0.115625 0.14765625
0 0.3703125 0.16328125 0.1 0.16484375
0 0.35 0.321875 0.11328125 0.2015625
0 0.325 0.51796875 0.1359375 0.20703125
0 0.26953125 0.725 0.16171875 0.30234375
0 0.22421875 0.0828125 0.0890625 0.13515625
0 0.184375 0.2296875 0.10546875 0.19921875
0 0.121875 0.38984375 0.14140625 0.23515625
0 0.053125 0.63671875 0.10546875 0.2484375
0 0.084375 0.078125 0.07265625 0.134375