0 0.28203125 0.83203125 0.09453125 0.17578125
0 0.0890625 0.778125 0.07109375 0.15625
0 0.03046875 0.65 0.0609375 0.1421875
0 0.2140625 0.68515625 0.06953125 0.15546875
0 0.14609375 0.5515625 0.07265625 0.1515625
0 0.08671875 0.44375 0.06171875 0.13046875
0 0.03828125 0.35 0.05234375 0.0953125
0 0.0359375 0.14765625 0.05 0.10859375
0 0.0828125 0.0453125 0.04765625 0.090625
0 0.125 0.1015625 0.05234375 0.09453125
0 0.203125 0.0703125 0.04375 0.0828125
0 0.271875 0.03671875 0.04921875 0.0734375
0 0.2546875 0.13203125 0.05 0.10078125
0 0.17109375 0.16875 0.05546875 0.0984375
0 0.08984375 0.20546875 0.05703125 0.11953125
0 0.13203125 0.2953125 0.06640625 0.109375
0 0.2234375 0.23671875 0.05078125 0.0890625
0 0.3046875 0.21015625 0.06015625 0.096875
0 0.32734375 0.0875 0.05234375 0.090625
0 0.39375 0.05859375 0.05078125 0.071875
0 0.52109375 0.078125 0.05703125 0.08125
0 0.4578125 0.12734375 0.03984375 0.0640625
0 0.38515625 0.1625 0.053125 0.10390625
0 0.5953125 0.05 0.05703125 0.09921875
0 0.78125 0.028125 0.0484375 0.0546875
0 0.7234375 0.04765625 0.0578125 0.08515625
0 0.6671875 0.08984375 0.0484375 0.10390625
0 0.59453125 0.1390625 0.0546875 0.10859375
0 0.52421875 0.196875 0.0609375 0.109375
0 0.45234375 0.2328125 0.05078125 0.096875
0 0.36484375 0.278125 0.07265625 0.09453125
0 0.27734375 0.32421875 0.06796875 0.109375
0 0.18671875 0.36796875 0.07578125 0.12734375
0 0.25859375 0.47265625 0.06171875 0.11484375
0 0.34453125 0.403125 0.06328125 0.1171875
0 0.3328125 0.58359375 0.07734375 0.146875
0 0.4375 0.3609375 0.0734375 0.140625
0 0.53046875 0.32109375 0.07109375 0.1109375
0 0.6046875 0.25234375 0.0546875 0.09296875
0 0.68125 0.1953125 0.071875 0.10546875
0 0.74453125 0.146875 0.059375 0.11640625
0 0.81796875 0.090625 0.06484375 0.08828125
0 0.8671875 0.0515625 0.065625 0.07109375
0 0.95234375 0.10546875 0.04609375 0.090625
0 0.8921875 0.15078125 0.06484375 0.10546875
0 0.83359375 0.19921875 0.0625 0.1078125
0 0.7734375 0.27421875 0.0734375 0.12734375
0 0.6984375 0.33671875 0.08515625 0.12109375
0 0.61015625 0.41171875 0.0703125 0.12421875
0 0.51640625 0.4625 0.08359375 0.14296875
0 0.428125 0.52265625 0.0640625 0.11796875
0 0.9328125 0.2734375 0.08046875 0.1140625
0 0.86484375 0.35234375 0.07578125 0.1296875
0 0.7953125 0.421875 0.07890625 0.1390625
0 0.71640625 0.49765625 0.0828125 0.13203125
0 0.61953125 0.5984375 0.06953125 0.13515625
0 0.5234375 0.6625 0.07109375 0.140625
0 0.52578125 0.92109375 0.0890625 0.1578125
0 0.41640625 0.7328125 0.0734375 0.14921875
0 0.90703125 0.51875 0.075 0.13203125
0 0.81953125 0.6421875 0.09140625 0.12578125
0 0.7234375 0.71640625 0.0796875 0.1390625
0 0.6234375 0.80859375 0.05859375 0.12421875
0 0.9546875 0.775 0.090625 0.1890625
0 0.86953125 0.9078125 0.11328125 0.1671875
0 0.9703125 0.45 0.04921875 0.12578125