0 0.0890625 0.884375 0.07734375 0.12109375
0 0.05703125 0.6890625 0.0671875 0.153125
0 0.1640625 0.60859375 0.06640625 0.121875
0 0.13828125 0.44375 0.06015625 0.1375
0 0.02265625 0.50703125 0.0453125 0.1078125
0 0.11171875 0.27734375 0.0421875 0.08359375
0 0.0578125 0.175 0.053125 0.0828125
0 0.02734375 0.07734375 0.05078125 0.08359375
0 0.12109375 0.03125 0.0578125 0.0625
0 0.146875 0.1140625 0.0609375 0.11015625
0 0.23203125 0.0625 0.05546875 0.0890625
0 0.2921875 0.17578125 0.040625 0.08515625
0 0.19921875 0.221875 0.05703125 0.09765625
0 0.2265625 0.35390625 0.05625 0.11484375
0 0.26015625 0.5 0.0578125 0.12265625
0 0.21171875 0.80546875 0.0515625 0.1109375
0 0.3015625 0.69921875 0.06875 0.13671875
0 0.4046875 0.59375 0.05078125 0.11015625
0 0.3625 0.421875 0.03828125 0.08828125
0 0.41640625 0.22421875 0.059375 0.1125
0 0.44609375 0.059375 0.0515625 0.09140625
0 0.37421875 0.11484375 0.04296875 0.07109375
0 0.49375 0.15859375 0.05 0.08046875
0 0.5703125 0.1109375 0.0625 0.10703125
0 0.6421875 0.0578125 0.05703125 0.08359375
0 0.459375 0.3578125 0.06171875 0.1140625
0 0.503125 0.4875 0.0578125 0.0984375
0 0.56015625 0.6734375 0.059375 0.10390625
0 0.5921875 0.40859375 0.05859375 0.128125
0 0.5375 0.278125 0.0546875 0.07578125
0 0.615625 0.221875 0.05078125 0.115625
0 0.69140625 0.16953125 0.04375 0.0765625
0 0.75625 0.10234375 0.04453125 0.0984375
0 0.83203125 0.06796875 0.0390625 0.10078125
0 0.8921875 0.02421875 0.0375 0.0484375
0 0.9484375 0.10546875 0.06484375 0.10234375
0 0.884375 0.17109375 0.05546875 0.08359375
0 0.80859375 0.21328125 0.04921875 0.09375
0 0.746875 0.29140625 0.0609375 0.08359375
0 0.67578125 0.3359375 0.05234375 0.09140625
0 0.7359375 0.49140625 0.04140625 0.078125
0 0.6421875 0.5765625 0.0546875 0.1015625
0 0.80546875 0.4265625 0.05 0.10234375
0 0.86953125 0.34375 0.04296875 0.1109375
0 0.95234375 0.28671875 0.06484375 0.11015625
0 0.94453125 0.46171875 0.06015625 0.1296875
0 0.871875 0.55390625 0.05546875 0.11640625
0 0.79296875 0.64140625 0.0609375 0.11875
0 0.70234375 0.75546875 0.04453125 0.10078125
0 0.6078125 0.83203125 0.065625 0.096875