0 0.8671875 0.5140625 0.0546875 0.084375
0 0.74765625 0.325 0.046875 0.09453125
0 0.6546875 0.52578125 0.06640625 0.10703125
0 0.803125 0.6796875 0.0484375 0.0625
0 0.7390625 0.85625 0.05078125 0.10078125
0 0.9671875 0.8296875 0.065625 0.09609375
0 0.58671875 0.69453125 0.0625 0.084375
0 0.50234375 0.87734375 0.084375 0.1140625
0 0.45 0.53671875 0.05 0.0921875
0 0.36171875 0.71875 0.05 0.10078125
0 0.25703125 0.89765625 0.053125 0.0828125
0 0.34375 0.4265625 0.05625 0.0875
0 0.25078125 0.58046875 0.05546875 0.12421875
0 0.15 0.7296875 0.07265625 0.0984375
0 0.24140625 0.321875 0.0359375 0.05
0 0.14375 0.44140625 0.034375 0.075
0 0.0453125 0.59140625 0.05 0.0828125
0 0.14921875 0.23515625 0.03984375 0.07578125
0 0.06171875 0.34140625 0.0296875 0.06796875
0 0.0734375 0.1796875 0.03984375 0.053125
0 0.08515625 0.0546875 0.028125 0.059375
0 0.0359375 0.04765625 0.0296875 0.0515625
0 0.0140625 0.13828125 0.028125 0.0609375