0 0.92578125 0.04140625 0.05234375 0.0609375
0 0.9546875 0.115625 0.07265625 0.09375
0 0.83203125 0.06015625 0.05390625 0.08359375
0 0.8546875 0.1359375 0.03984375 0.06875
0 0.88203125 0.22890625 0.025 0.03671875
0 0.91171875 0.32890625 0.04765625 0.04609375
0 0.95546875 0.44765625 0.03203125 0.03515625
0 0.8953125 0.7734375 0.0421875 0.07421875
0 0.853125 0.59921875 0.0375 0.05703125
0 0.8234375 0.45859375 0.04609375 0.06015625
0 0.79921875 0.3421875 0.03046875 0.0515625
0 0.77578125 0.24453125 0.03203125 0.03671875
0 0.74375 0.784375 0.046875 0.0609375
0 0.72109375 0.61328125 0.046875 0.05390625
0 0.6984375 0.47421875 0.028125 0.05
0 0.6859375 0.35390625 0.03046875 0.0390625
0 0.671875 0.2546875 0.02109375 0.034375
0 0.7578125 0.15 0.03515625 0.071875
0 0.7390625 0.06875 0.03671875 0.06875
0 0.72734375 0.01875 0.04140625 0.0375
0 0.6453125 0.02578125 0.040625 0.0515625
0 0.65078125 0.08671875 0.0375 0.05625
0 0.66328125 0.1609375 0.04375 0.05703125
0 0.5625 0.03359375 0.0359375 0.0609375
0 0.56171875 0.103125 0.0453125 0.06796875
0 0.56640625 0.178125 0.0421875 0.0546875
0 0.571875 0.265625 0.03203125 0.04375
0 0.57890625 0.36796875 0.02578125 0.03984375
0 0.5828125 0.4796875 0.034375 0.05
0 0.58671875 0.61796875 0.0421875 0.06328125
0 0.5953125 0.7953125 0.03984375 0.0578125
0 0.45078125 0.7984375 0.04609375 0.07421875
0 0.4578125 0.63984375 0.034375 0.06796875
0 0.4671875 0.49765625 0.0359375 0.0484375
0 0.47109375 0.375 0.034375 0.05625
0 0.4734375 0.2734375 0.0375 0.065625
0 0.4765625 0.18984375 0.05390625 0.0671875
0 0.478125 0.109375 0.04765625 0.0765625
0 0.48125 0.04453125 0.04140625 0.06328125
0 0.40625 0.05390625 0.03984375 0.05859375
0 0.3953125 0.1203125 0.0421875 0.05546875
0 0.38984375 0.19921875 0.04609375 0.0640625
0 0.3796875 0.284375 0.03359375 0.046875
0 0.365625 0.3875 0.03984375 0.0640625
0 0.353125 0.5046875 0.04375 0.06015625
0 0.33671875 0.64609375 0.05078125 0.06015625
0 0.315625 0.821875 0.04375 0.06953125
0 0.33984375 0.01640625 0.02578125 0.0328125
0 0.32578125 0.06640625 0.03828125 0.06015625
0 0.3140625 0.13671875 0.0375 0.0625
0 0.303125 0.20703125 0.040625 0.065625
0 0.28515625 0.2953125 0.04140625 0.06015625
0 0.2625 0.40078125 0.0390625 0.071875
0 0.24140625 0.51875 0.0375 0.0671875
0 0.21328125 0.65 0.03515625 0.05625
0 0.18359375 0.8296875 0.046875 0.075
0 0.26484375 0.021875 0.028125 0.0390625
0 0.25078125 0.07734375 0.03984375 0.06015625
0 0.2328125 0.14296875 0.04453125 0.05625
0 0.21484375 0.21796875 0.04375 0.0703125
0 0.19296875 0.30625 0.0296875 0.0546875
0 0.16796875 0.403125 0.05390625 0.071875
0 0.1359375 0.52265625 0.040625 0.05390625
0 0.0953125 0.6640625 0.05390625 0.078125
0 0.04609375 0.83359375 0.0421875 0.0703125
0 0.10078125 0.31875 0.0296875 0.0421875
0 0.06640625 0.41953125 0.0375 0.0546875
0 0.0296875 0.53125 0.0390625 0.065625
0 0.01640625 0.696875 0.0328125 0.07109375