0 0.8390625 0.39375 0.15234375 0.225
0 0.84765625 0.71953125 0.18359375 0.28671875
0 0.68359375 0.4953125 0.1421875 0.2265625
0 0.53671875 0.29140625 0.09765625 0.178125
0 0.65703125 0.86796875 0.2015625 0.2640625
0 0.48515625 0.58125 0.1609375 0.265625
0 0.36875 0.34921875 0.1578125 0.23125
0 0.29921875 0.21015625 0.09296875 0.1515625
0 0.2421875 0.7140625 0.15625 0.27109375
0 0.1859375 0.44609375 0.11796875 0.1984375
0 0.14453125 0.28828125 0.1140625 0.20390625
0 0.09609375 0.13125 0.0890625 0.17890625
0 0.24375 0.08359375 0.07109375 0.1671875