0 0.9546875 0.68203125 0.07578125 0.12890625
0 0.86640625 0.778125 0.08515625 0.14453125
0 0.75625 0.8828125 0.090625 0.14921875
0 0.91171875 0.390625 0.09140625 0.13125
0 0.825 0.49453125 0.07890625 0.14296875
0 0.7296875 0.57890625 0.084375 0.15390625
0 0.625 0.66875 0.06796875 0.11796875
0 0.51875 0.7609375 0.084375 0.12578125
0 0.3671875 0.865625 0.06796875 0.1234375
0 0.9375 0.12734375 0.06640625 0.10390625
0 0.86953125 0.18671875 0.06328125 0.09765625
0 0.7921875 0.25234375 0.065625 0.11796875
0 0.7109375 0.33046875 0.06875 0.10234375
0 0.615625 0.4109375 0.0671875 0.13359375
0 0.50234375 0.48359375 0.08671875 0.13984375
0 0.39296875 0.56953125 0.078125 0.12421875
0 0.25 0.64921875 0.07421875 0.14140625
0 0.11015625 0.76484375 0.0875 0.16171875
0 0.7640625 0.06171875 0.06015625 0.08359375
0 0.68046875 0.11640625 0.06953125 0.09921875
0 0.59453125 0.19453125 0.07265625 0.12890625
0 0.4984375 0.26796875 0.0671875 0.13359375
0 0.4078125 0.32734375 0.075 0.12734375
0 0.2890625 0.40703125 0.0625 0.1171875
0 0.15 0.478125 0.0609375 0.11015625
0 0.4984375 0.08203125 0.065625 0.09609375
0 0.40625 0.1625 0.06796875 0.115625
0 0.3140625 0.20546875 0.06015625 0.11953125
0 0.203125 0.2875 0.06015625 0.10703125
0 0.0890625 0.365625 0.07578125 0.10546875
0 0.32265625 0.065625 0.0640625 0.11953125
0 0.23671875 0.125 0.071875 0.1203125
0 0.13359375 0.1859375 0.0703125 0.12421875
0 0.16640625 0.05 0.071875 0.1
0 0.07109375 0.11640625 0.0828125 0.1375