0 0.29140625 0.2109375 0.04453125 0.0640625
0 0.909375 0.04609375 0.0640625 0.0671875
0 0.94140625 0.11953125 0.07109375 0.11015625
0 0.984375 0.21953125 0.03125 0.08359375
0 0.89765625 0.325 0.05859375 0.06171875
0 0.94375 0.4453125 0.03984375 0.03984375
0 0.81875 0.05703125 0.05078125 0.071875
0 0.8375 0.13046875 0.0453125 0.07265625
0 0.86953125 0.2265625 0.02890625 0.05390625
0 0.72578125 0.06953125 0.05078125 0.06484375
0 0.74609375 0.14921875 0.04453125 0.07109375
0 0.7640625 0.23984375 0.03984375 0.04453125
0 0.7875 0.34453125 0.04375 0.07578125
0 0.81484375 0.45078125 0.0515625 0.065625
0 0.84375 0.59375 0.0453125 0.06953125
0 0.87890625 0.76796875 0.04609375 0.08125
0 0.6359375 0.03046875 0.05234375 0.06015625
0 0.6421875 0.0859375 0.04453125 0.05234375
0 0.6515625 0.16328125 0.0453125 0.071875
0 0.6609375 0.25703125 0.0265625 0.04453125
0 0.67421875 0.3546875 0.03515625 0.05078125
0 0.6890625 0.471875 0.03125 0.06484375
0 0.7109375 0.6125 0.05546875 0.0703125
0 0.7328125 0.77890625 0.0484375 0.05625
0 0.55 0.03125 0.04453125 0.05703125
0 0.55390625 0.096875 0.05078125 0.07734375
0 0.5578125 0.175 0.04609375 0.059375
0 0.5625 0.265625 0.0328125 0.059375
0 0.5671875 0.36953125 0.02734375 0.04375
0 0.57421875 0.48671875 0.034375 0.0640625
0 0.58203125 0.621875 0.03984375 0.06953125
0 0.5875 0.803125 0.040625 0.07109375
0 0.46875 0.03984375 0.05546875 0.0625
0 0.4671875 0.10546875 0.046875 0.07734375
0 0.46796875 0.18984375 0.06171875 0.0734375
0 0.46484375 0.27890625 0.03671875 0.07109375
0 0.4609375 0.3765625 0.0390625 0.0546875
0 0.45625 0.49609375 0.02578125 0.05078125
0 0.44921875 0.6375 0.0390625 0.05703125
0 0.44765625 0.79453125 0.0484375 0.07578125
0 0.39453125 0.05625 0.03828125 0.05546875
0 0.38828125 0.1234375 0.046875 0.0625
0 0.38125 0.2015625 0.04765625 0.07265625
0 0.371875 0.29296875 0.034375 0.06640625
0 0.3609375 0.3984375 0.04765625 0.0828125
0 0.3421875 0.5078125 0.04296875 0.0578125
0 0.3265625 0.65390625 0.0546875 0.065625
0 0.3078125 0.825 0.053125 0.0734375
0 0.3265625 0.01875 0.02890625 0.0375
0 0.3140625 0.06875 0.03671875 0.0578125
0 0.30390625 0.1359375 0.04296875 0.053125
0 0.27421875 0.3 0.04453125 0.06015625
0 0.253125 0.4 0.0421875 0.06796875
0 0.2328125 0.51640625 0.04140625 0.0609375
0 0.20546875 0.6578125 0.03046875 0.05859375
0 0.1765625 0.834375 0.0546875 0.0796875
0 0.25390625 0.0203125 0.0234375 0.03828125
0 0.23828125 0.08046875 0.03828125 0.0625
0 0.22421875 0.146875 0.03671875 0.05859375
0 0.2046875 0.21796875 0.0453125 0.06328125
0 0.18671875 0.309375 0.02890625 0.053125
0 0.159375 0.41328125 0.0546875 0.08125
0 0.12578125 0.52734375 0.04921875 0.07265625
0 0.08671875 0.66875 0.05546875 0.084375
0 0.0390625 0.8453125 0.04140625 0.075
0 0.0890625 0.32421875 0.0328125 0.04609375
0 0.05859375 0.43125 0.0421875 0.071875
0 0.0203125 0.54453125 0.040625 0.071875