0 0.59921875 0.03515625 0.06796875 0.0703125
0 0.7296875 0.08125 0.0484375 0.071875
0 0.80234375 0.04453125 0.05078125 0.078125
0 0.58671875 0.253125 0.07265625 0.1265625
0 0.0375 0.14140625 0.0671875 0.09140625
0 0.134375 0.08984375 0.05625 0.07890625
0 0.91796875 0.221875 0.05390625 0.09140625
0 0.64765625 0.35625 0.071875 0.13125
0 0.04765625 0.26171875 0.06953125 0.09296875
0 0.1046875 0.678125 0.08359375 0.1234375
0 0.78203125 0.16796875 0.0515625 0.0890625
0 0.1921875 0.315625 0.07734375 0.10390625
0 0.16953125 0.20625 0.0796875 0.09453125
0 0.3203125 0.26171875 0.06328125 0.090625
0 0.434375 0.21171875 0.0625 0.09921875
0 0.075 0.51015625 0.08515625 0.1203125
0 0.7484375 0.321875 0.0609375 0.09921875
0 0.29375 0.1421875 0.06484375 0.0875
0 0.64296875 0.11484375 0.06015625 0.10078125
0 0.621875 0.71953125 0.0796875 0.17109375
0 0.69765625 0.48515625 0.06953125 0.13046875
0 0.82734375 0.26875 0.05234375 0.10625
0 0.55 0.1453125 0.0625 0.09453125
0 0.8 0.434375 0.0703125 0.11484375
0 0.40859375 0.103125 0.05703125 0.0890625
0 0.89453125 0.365625 0.06953125 0.1296875
0 0.0625 0.37109375 0.084375 0.096875
0 0.30078125 0.75234375 0.0828125 0.140625
0 0.50625 0.06796875 0.05390625 0.09453125
0 0.68359375 0.22109375 0.06015625 0.103125
0 0.75 0.61875 0.07421875 0.128125
0 0.39765625 0.48828125 0.05 0.11640625
0 0.959375 0.49296875 0.07109375 0.15078125
0 0.46875 0.31015625 0.06328125 0.1109375
0 0.3578125 0.371875 0.0609375 0.10625
0 0.871875 0.5421875 0.0703125 0.14140625
0 0.69765625 0.90625 0.07890625 0.153125
0 0.228125 0.459375 0.04765625 0.096875
0 0.2546875 0.590625 0.06640625 0.1
0 0.8328125 0.803125 0.07734375 0.1328125
0 0.57734375 0.56171875 0.07265625 0.11640625
0 0.2515625 0.05234375 0.0734375 0.0890625
0 0.86015625 0.13984375 0.04296875 0.0875
0 0.5203125 0.43359375 0.05546875 0.10546875
0 0.9796875 0.32734375 0.040625 0.1421875
0 0.94375 0.70234375 0.07421875 0.14921875
0 0.1390625 0.87890625 0.07578125 0.1578125
0 0.44296875 0.65859375 0.0765625 0.1375
0 0.9359375 0.09375 0.040625 0.07578125
0 0.4953125 0.84140625 0.07578125 0.14453125
0 0.340625 0.9375 0.08984375 0.125