0 0.04296875 0.7625 0.06171875 0.10703125
0 0.215625 0.86875 0.06953125 0.10625
0 0.16015625 0.675 0.059375 0.121875
0 0.1 0.50859375 0.06953125 0.13359375
0 0.05703125 0.35546875 0.05859375 0.11640625
0 0.13515625 0.2890625 0.04921875 0.08828125
0 0.0921875 0.17265625 0.04140625 0.09140625
0 0.0375 0.0671875 0.06328125 0.103125
0 0.171875 0.109375 0.0515625 0.0875
0 0.240625 0.0578125 0.05625 0.0875
0 0.3 0.15859375 0.053125 0.08046875
0 0.3703125 0.11640625 0.05234375 0.08828125
0 0.43203125 0.0625 0.0484375 0.08125
0 0.3546875 0.28828125 0.0484375 0.1109375
0 0.2703125 0.3328125 0.04453125 0.11171875
0 0.190625 0.44375 0.065625 0.1234375
0 0.42734375 0.21875 0.0515625 0.1140625
0 0.4921875 0.17265625 0.04453125 0.10546875
0 0.5640625 0.13046875 0.05 0.0984375
0 0.62734375 0.08828125 0.04296875 0.0671875
0 0.675 0.0390625 0.0375 0.078125
0 0.88359375 0.05390625 0.0484375 0.078125
0 0.83046875 0.06953125 0.0390625 0.06796875
0 0.7859375 0.10390625 0.05 0.09296875
0 0.73203125 0.14296875 0.05546875 0.09375
0 0.68203125 0.196875 0.053125 0.078125
0 0.625 0.25 0.0703125 0.109375
0 0.55703125 0.284375 0.04375 0.09765625
0 0.48828125 0.34140625 0.05234375 0.0984375
0 0.41171875 0.4234375 0.053125 0.09140625
0 0.3203125 0.48984375 0.05625 0.09140625
0 0.23984375 0.58359375 0.05625 0.08046875
0 0.31171875 0.746875 0.0625 0.1203125
0 0.390625 0.6484375 0.04921875 0.084375
0 0.47578125 0.578125 0.0453125 0.10703125
0 0.54609375 0.50703125 0.0390625 0.075
0 0.625 0.4296875 0.0515625 0.08671875
0 0.68671875 0.36640625 0.059375 0.09765625
0 0.74609375 0.3125 0.05390625 0.0796875
0 0.80234375 0.2671875 0.0515625 0.0796875
0 0.85 0.2015625 0.04375 0.07890625
0 0.90078125 0.16796875 0.04453125 0.06484375
0 0.946875 0.14453125 0.03515625 0.0609375
0 0.96953125 0.2953125 0.046875 0.0890625
0 0.87578125 0.39140625 0.05625 0.07421875
0 0.8125 0.43203125 0.0484375 0.0875
0 0.76171875 0.5125 0.0421875 0.0734375
0 0.70078125 0.58125 0.04921875 0.0796875
0 0.625 0.6640625 0.04921875 0.0765625
0 0.546875 0.7484375 0.06796875 0.11796875
0 0.46484375 0.8171875 0.07109375 0.1203125
0 0.1078125 0.9625 0.053125 0.075
0 0.378125 0.94921875 0.071875 0.1015625
0 0.6203125 0.91953125 0.05 0.08984375
0 0.70234375 0.8265625 0.0578125 0.10859375
0 0.759375 0.75 0.0453125 0.090625
0 0.82734375 0.665625 0.04609375 0.12265625
0 0.878125 0.57734375 0.03515625 0.08984375
0 0.95078125 0.51796875 0.06796875 0.11875
0 0.98671875 0.43671875 0.0265625 0.0671875