0 0.05390625 0.8625 0.08359375 0.15703125
0 0.03359375 0.7 0.06640625 0.134375
0 0.0296875 0.53828125 0.059375 0.1578125
0 0.05859375 0.0484375 0.053125 0.096875
0 0.08359375 0.1234375 0.053125 0.10390625
0 0.09453125 0.22421875 0.06796875 0.1171875
0 0.1171875 0.32734375 0.0625 0.1109375
0 0.134375 0.46953125 0.05625 0.128125
0 0.16640625 0.59921875 0.0703125 0.1171875
0 0.1921875 0.7609375 0.071875 0.1484375
0 0.32890625 0.678125 0.0609375 0.13359375
0 0.2953125 0.50546875 0.06484375 0.128125
0 0.26171875 0.38359375 0.07578125 0.1296875
0 0.23125 0.26640625 0.05234375 0.12265625
0 0.2125 0.1640625 0.05546875 0.12421875
0 0.18828125 0.06796875 0.06171875 0.09296875
0 0.30546875 0.09765625 0.046875 0.10546875
0 0.34375 0.19453125 0.05390625 0.109375
0 0.36875 0.30703125 0.05625 0.0875
0 0.40078125 0.41875 0.06796875 0.128125
0 0.44296875 0.5828125 0.06796875 0.1359375
0 0.4953125 0.74765625 0.059375 0.11796875
0 0.54140625 0.9421875 0.0625 0.11484375
0 0.678125 0.8171875 0.06484375 0.1296875
0 0.83984375 0.93203125 0.07265625 0.11875
0 0.9421875 0.775 0.0578125 0.12890625
0 0.784375 0.7015625 0.05546875 0.11953125
0 0.73203125 0.54921875 0.06171875 0.13046875
0 0.628125 0.62578125 0.06875 0.12421875
0 0.565625 0.478125 0.05859375 0.12109375
0 0.51796875 0.35625 0.05390625 0.13984375
0 0.4765625 0.22734375 0.05625 0.1
0 0.4359375 0.13828125 0.06015625 0.1109375
0 0.40703125 0.04609375 0.04921875 0.0921875
0 0.53671875 0.0671875 0.06015625 0.1
0 0.58125 0.171875 0.0671875 0.1203125
0 0.6640625 0.11171875 0.05 0.1046875
0 0.62890625 0.26171875 0.075 0.13203125
0 0.66796875 0.40625 0.0640625 0.12265625
0 0.7203125 0.20703125 0.05234375 0.125
0 0.7671875 0.3296875 0.06953125 0.125
0 0.74609375 0.05078125 0.0484375 0.08671875
0 0.7890625 0.134375 0.05625 0.103125
0 0.878125 0.090625 0.05625 0.1046875
0 0.96015625 0.04609375 0.05 0.0921875
0 0.93515625 0.1921875 0.05390625 0.08671875
0 0.85 0.2578125 0.05625 0.090625
0 0.9109375 0.3703125 0.05703125 0.1078125
0 0.8390625 0.44453125 0.0609375 0.12421875
0 0.97265625 0.52890625 0.0546875 0.13359375
0 0.8828125 0.62109375 0.05703125 0.08984375