0 0.81640625 0.4171875 0.13125 0.184375
0 0.66953125 0.26015625 0.09296875 0.15625
0 0.678125 0.12734375 0.10234375 0.15390625
0 0.559375 0.140625 0.0765625 0.14375
0 0.50625 0.0703125 0.0765625 0.12734375
0 0.63828125 0.49140625 0.1390625 0.184375
0 0.8328125 0.7921875 0.14453125 0.23046875
0 0.53046875 0.3140625 0.1078125 0.1875
0 0.446875 0.1953125 0.08203125 0.14375
0 0.39609375 0.10078125 0.08125 0.13984375
0 0.33671875 0.04453125 0.0609375 0.08828125
0 0.61015625 0.86875 0.16328125 0.2625
0 0.45625 0.57578125 0.1578125 0.22109375
0 0.37421875 0.3828125 0.09140625 0.18515625
0 0.30859375 0.21640625 0.0859375 0.16640625
0 0.2609375 0.13046875 0.09140625 0.1546875
0 0.22109375 0.05390625 0.0984375 0.1078125
0 0.2296875 0.684375 0.1265625 0.2328125
0 0.17109375 0.43359375 0.1328125 0.196875
0 0.14765625 0.27734375 0.1296875 0.1796875
0 0.11328125 0.165625 0.10234375 0.12890625
0 0.0953125 0.05703125 0.08203125 0.1140625