0 0.665625 0.03515625 0.0609375 0.06953125
0 0.93046875 0.0484375 0.06484375 0.096875
0 0.12734375 0.2625 0.09140625 0.1234375
0 0.10703125 0.153125 0.0921875 0.10390625
0 0.825 0.62421875 0.07890625 0.13125
0 0.675 0.725 0.084375 0.14140625
0 0.096875 0.06328125 0.08984375 0.09375
0 0.7234375 0.1203125 0.04453125 0.078125
0 0.55625 0.0734375 0.0703125 0.10234375
0 0.58515625 0.521875 0.0765625 0.13125
0 0.15546875 0.540625 0.07734375 0.13515625
0 0.8421875 0.07578125 0.05859375 0.09453125
0 0.47109375 0.228125 0.071875 0.10078125
0 0.67734375 0.27265625 0.07578125 0.1375
0 0.25703125 0.95703125 0.08359375 0.0796875
0 0.74375 0.44609375 0.0671875 0.1234375
0 0.20859375 0.73984375 0.08125 0.14453125
0 0.40859375 0.62578125 0.075 0.12890625
0 0.86875 0.35546875 0.08125 0.1421875
0 0.42265625 0.1234375 0.06953125 0.09296875
0 0.22265625 0.028125 0.0765625 0.05625
0 0.959375 0.57265625 0.07421875 0.184375
0 0.38828125 0.0359375 0.0796875 0.071875
0 0.7984375 0.2421875 0.0671875 0.11328125
0 0.34921875 0.45 0.078125 0.11796875
0 0.32265625 0.290625 0.0859375 0.109375
0 0.9796875 0.328125 0.03984375 0.18046875
0 0.9234375 0.83828125 0.07578125 0.16640625
0 0.29140625 0.1734375 0.084375 0.11484375
0 0.60703125 0.178125 0.06328125 0.11171875
0 0.146875 0.3921875 0.084375 0.1125
0 0.77734375 0.0140625 0.05 0.028125
0 0.2609375 0.09453125 0.07890625 0.0875
0 0.903125 0.18359375 0.0546875 0.09375
0 0.7671875 0.934375 0.08671875 0.13125
0 0.48671875 0.846875 0.0640625 0.12890625
0 0.525 0.35078125 0.05703125 0.10703125