0 0.84609375 0.96953125 0.06640625 0.06015625
0 0.86953125 0.8125 0.05234375 0.05546875
0 0.8890625 0.6390625 0.0546875 0.08515625
0 0.903125 0.509375 0.05234375 0.0703125
0 0.9140625 0.39375 0.046875 0.06796875
0 0.93125 0.30859375 0.03125 0.0578125
0 0.94140625 0.21328125 0.0453125 0.06875
0 0.95390625 0.1609375 0.03984375 0.06015625
0 0.959375 0.0953125 0.0421875 0.05703125
0 0.965625 0.02890625 0.03515625 0.0453125
0 0.8796875 0.0453125 0.02421875 0.04140625
0 0.86953125 0.11015625 0.03203125 0.05546875
0 0.85 0.1765625 0.03125 0.0515625
0 0.8359375 0.2515625 0.028125 0.04375
0 0.8140625 0.33828125 0.03125 0.05703125
0 0.80390625 0.4484375 0.04296875 0.06953125
0 0.78203125 0.60546875 0.0421875 0.07109375
0 0.74765625 0.75234375 0.03984375 0.0703125
0 0.721875 0.9234375 0.06640625 0.10390625
0 0.796875 0.0640625 0.0328125 0.0390625
0 0.77734375 0.134375 0.0375 0.0625
0 0.75859375 0.2109375 0.0453125 0.04765625
0 0.73828125 0.3015625 0.0421875 0.05234375
0 0.70625 0.41328125 0.0390625 0.0546875
0 0.6796875 0.53203125 0.03671875 0.06015625
0 0.64375 0.665625 0.040625 0.08203125
0 0.609375 0.82421875 0.06796875 0.11015625
0 0.42890625 0.88828125 0.05625 0.09765625
0 0.4859375 0.7484375 0.0578125 0.0875
0 0.53984375 0.61171875 0.0359375 0.078125
0 0.5796875 0.4796875 0.04375 0.071875
0 0.61328125 0.3640625 0.04296875 0.05625
0 0.64375 0.26875 0.040625 0.0703125
0 0.66875 0.16640625 0.040625 0.0625
0 0.68984375 0.09375 0.02890625 0.05390625
0 0.71953125 0.0390625 0.03359375 0.04453125
0 0.62578125 0.06875 0.0375 0.06484375
0 0.59453125 0.14765625 0.03046875 0.0421875
0 0.56015625 0.22578125 0.03671875 0.053125
0 0.528125 0.32421875 0.04375 0.06171875
0 0.4890625 0.42421875 0.0375 0.0734375
0 0.43828125 0.54375 0.0328125 0.09140625
0 0.3890625 0.66875 0.046875 0.0765625
0 0.3140625 0.7953125 0.0625 0.10546875
0 0.22890625 0.94765625 0.0515625 0.09296875
0 0.109375 0.86796875 0.0390625 0.0890625
0 0.1953125 0.703125 0.0375 0.06875
0 0.2796875 0.58515625 0.0484375 0.09296875
0 0.35 0.47890625 0.0453125 0.07734375
0 0.40390625 0.3703125 0.04375 0.065625
0 0.45 0.278125 0.03046875 0.0578125
0 0.48671875 0.1734375 0.025 0.0578125
0 0.521875 0.10625 0.03515625 0.06328125
0 0.55625 0.0421875 0.0375 0.06015625
0 0.45703125 0.0734375 0.03125 0.053125
0 0.42265625 0.1515625 0.02890625 0.05
0 0.365625 0.23671875 0.034375 0.07578125
0 0.32265625 0.3234375 0.02734375 0.06015625
0 0.2640625 0.4078125 0.0375 0.084375
0 0.1953125 0.51640625 0.04140625 0.07265625
0 0.11484375 0.6328125 0.0375 0.084375
0 0.02109375 0.77578125 0.0421875 0.1046875
0 0.0171875 0.5640625 0.02734375 0.0875
0 0.1015625 0.44765625 0.03828125 0.071875
0 0.1765625 0.34609375 0.03828125 0.06953125
0 0.2359375 0.26875 0.04375 0.0671875
0 0.296875 0.18984375 0.03828125 0.0609375
0 0.35 0.10546875 0.04375 0.07421875
0 0.38671875 0.0296875 0.0390625 0.05390625
0 0.2734375 0.06953125 0.03515625 0.046875
0 0.21875 0.140625 0.0328125 0.07890625
0 0.2078125 0.03203125 0.04609375 0.05546875
0 0.1609375 0.21328125 0.0375 0.07734375
0 0.09609375 0.309375 0.0375 0.059375
0 0.025 0.3984375 0.0484375 0.07734375
0 0.09453125 0.18125 0.04375 0.071875
0 0.14765625 0.11328125 0.03828125 0.04921875
0 0.0859375 0.0734375 0.03984375 0.065625
0 0.02265625 0.1609375 0.040625 0.06796875
0 0.0296875 0.26015625 0.03828125 0.0546875
0 0.0171875 0.06328125 0.034375 0.0609375