0 0.86328125 0.24453125 0.07578125 0.05625
0 0.8484375 0.29765625 0.0703125 0.06875
0 0.81875 0.3640625 0.0671875 0.065625
0 0.76875 0.4359375 0.059375 0.09453125
0 0.7375 0.54453125 0.0625 0.08046875
0 0.6609375 0.64609375 0.13125 0.20625
0 0.8515625 0.7734375 0.1046875 0.16484375
0 0.41328125 0.6984375 0.0921875 0.17578125
0 0.51953125 0.575 0.07109375 0.14140625
0 0.59453125 0.4609375 0.06953125 0.13671875
0 0.92578125 0.48671875 0.0734375 0.1171875
0 0.846875 0.64296875 0.13828125 0.10703125
0 0.96796875 0.4 0.0640625 0.0953125
0 0.7765625 0.23203125 0.05859375 0.06484375
0 0.70625 0.33125 0.0859375 0.11015625
0 0.57890625 0.859375 0.07734375 0.16640625
0 0.284375 0.9 0.09296875 0.17265625
0 0.4890625 0.396875 0.05390625 0.09375
0 0.3953125 0.528125 0.059375 0.10234375
0 0.29609375 0.61328125 0.08046875 0.1625
0 0.14375 0.77421875 0.07265625 0.1328125
0 0.05625 0.6625 0.08046875 0.1421875
0 0.1640625 0.5171875 0.084375 0.15234375
0 0.26875 0.4265625 0.05234375 0.0859375
0 0.353125 0.36171875 0.05703125 0.08671875
0 0.4328125 0.3140625 0.04921875 0.11015625
0 0.0890625 0.46171875 0.06640625 0.13828125
0 0.1984375 0.36953125 0.06640625 0.10234375
0 0.290625 0.31875 0.05234375 0.0734375
0 0.36953125 0.27265625 0.0546875 0.0609375
0 0.29921875 0.2359375 0.05078125 0.08984375
0 0.24375 0.22265625 0.028125 0.06328125
0 0.18203125 0.25625 0.05234375 0.05390625
0 0.13828125 0.32421875 0.0578125 0.09296875
0 0.1640625 0.140625 0.034375 0.05078125
0 0.22265625 0.09375 0.0359375 0.05546875
0 0.14921875 0.10390625 0.0234375 0.04375
0 0.1203125 0.13359375 0.03671875 0.040625
0 0.13828125 0.184375 0.04296875 0.0546875
0 0.1203125 0.23125 0.04296875 0.06171875
0 0.08515625 0.309375 0.0390625 0.06328125
0 0.07890625 0.20703125 0.0453125 0.07890625
0 0.05078125 0.10625 0.0375 0.06953125
0 0.0265625 0.29296875 0.05234375 0.07109375
0 0.253125 0.1640625 0.03671875 0.04921875