0 0.9609375 0.43984375 0.0515625 0.0953125
0 0.89765625 0.48671875 0.078125 0.0859375
0 0.9390625 0.5390625 0.06015625 0.09296875
0 0.9171875 0.61328125 0.053125 0.08828125
0 0.975 0.61171875 0.05 0.1046875
0 0.76796875 0.45 0.02421875 0.05
0 0.79453125 0.48203125 0.05625 0.08125
0 0.81484375 0.5390625 0.05234375 0.06953125
0 0.85859375 0.60546875 0.0734375 0.08671875
0 0.89296875 0.70234375 0.0890625 0.11875
0 0.95390625 0.8078125 0.0921875 0.1578125
0 0.84140625 0.91796875 0.1453125 0.153125
0 0.790625 0.7921875 0.09765625 0.125
0 0.76640625 0.69375 0.096875 0.1140625
0 0.73515625 0.5953125 0.0765625 0.10625
0 0.71796875 0.5328125 0.0609375 0.0671875
0 0.696875 0.4984375 0.0609375 0.07265625
0 0.671875 0.4421875 0.03125 0.05
0 0.5890625 0.50390625 0.06796875 0.10546875
0 0.58828125 0.578125 0.06484375 0.09453125
0 0.60390625 0.68046875 0.0828125 0.1015625
0 0.62421875 0.78984375 0.08515625 0.13828125
0 0.64609375 0.9265625 0.1109375 0.1390625
0 0.45078125 0.91796875 0.10625 0.1546875
0 0.459375 0.77265625 0.09140625 0.13515625
0 0.45234375 0.6640625 0.0921875 0.121875
0 0.45546875 0.57734375 0.065625 0.09375
0 0.4796875 0.5109375 0.0703125 0.13359375
0 0.44375 0.42265625 0.04296875 0.0703125
0 0.378125 0.453125 0.0671875 0.090625
0 0.35546875 0.515625 0.06328125 0.07421875
0 0.33359375 0.5921875 0.07265625 0.1109375
0 0.3203125 0.66171875 0.07734375 0.121875
0 0.284375 0.765625 0.090625 0.13515625
0 0.253125 0.8875 0.0984375 0.15625
0 0.07578125 0.87109375 0.11796875 0.13984375
0 0.1265625 0.74296875 0.0734375 0.13046875
0 0.18671875 0.65390625 0.09921875 0.125
0 0.140625 0.5796875 0.04140625 0.053125
0 0.04453125 0.6328125 0.06640625 0.09765625
0 0.0109375 0.70078125 0.01953125 0.1234375
0 0.090625 0.56953125 0.0546875 0.096875
0 0.1359375 0.5109375 0.07734375 0.0859375
0 0.2 0.559375 0.0625 0.0984375
0 0.23515625 0.50859375 0.040625 0.07734375
0 0.1703125 0.459375 0.05859375 0.071875
0 0.1984375 0.4171875 0.04453125 0.07578125
0 0.22578125 0.3796875 0.04921875 0.0734375
0 0.3109375 0.39140625 0.046875 0.0625
0 0.2828125 0.41640625 0.04609375 0.09453125
0 0.26875 0.4578125 0.06015625 0.0640625
0 0.29140625 0.52578125 0.0328125 0.071875
0 0.1421875 0.37578125 0.0484375 0.065625
0 0.10546875 0.4 0.0640625 0.06875
0 0.07109375 0.43828125 0.06171875 0.090625
0 0.025 0.48984375 0.04921875 0.09140625