0 0.14140625 0.38984375 0.0484375 0.06171875
0 0.1140625 0.41015625 0.0703125 0.090625
0 0.07265625 0.46328125 0.0578125 0.0875
0 0.025 0.51171875 0.05 0.0828125
0 0.04375 0.65234375 0.06796875 0.10625
0 0.01015625 0.73359375 0.0203125 0.0921875
0 0.08828125 0.58359375 0.05234375 0.08671875
0 0.15078125 0.5828125 0.03671875 0.0765625
0 0.13828125 0.5125 0.075 0.06484375
0 0.16796875 0.45859375 0.0546875 0.059375
0 0.2015625 0.42109375 0.03984375 0.1015625
0 0.228125 0.3921875 0.0546875 0.06484375
0 0.309375 0.3984375 0.04140625 0.07890625
0 0.28203125 0.41015625 0.0453125 0.04453125
0 0.26796875 0.459375 0.0546875 0.06640625
0 0.240625 0.52578125 0.0453125 0.078125
0 0.284375 0.525 0.03125 0.0796875
0 0.20703125 0.58671875 0.0640625 0.07421875
0 0.17734375 0.675 0.10703125 0.103125
0 0.13515625 0.76953125 0.071875 0.14921875
0 0.084375 0.8875 0.10703125 0.14609375
0 0.25546875 0.89921875 0.08671875 0.17109375
0 0.2859375 0.78359375 0.0890625 0.1109375
0 0.31015625 0.67421875 0.0859375 0.10546875
0 0.334375 0.5796875 0.0640625 0.09375
0 0.36015625 0.5296875 0.053125 0.0875
0 0.37890625 0.47109375 0.05859375 0.08359375
0 0.44921875 0.43828125 0.03671875 0.0953125
0 0.4859375 0.51796875 0.05859375 0.13125
0 0.45234375 0.59375 0.05859375 0.071875
0 0.465625 0.67578125 0.090625 0.1
0 0.459375 0.78359375 0.08671875 0.12890625
0 0.459375 0.925 0.1 0.15
0 0.64375 0.9328125 0.090625 0.12265625
0 0.6296875 0.80390625 0.084375 0.1328125
0 0.6109375 0.68203125 0.08359375 0.11328125
0 0.59921875 0.59375 0.0734375 0.084375
0 0.58671875 0.51328125 0.08203125 0.08984375
0 0.67578125 0.446875 0.0359375 0.05703125
0 0.6984375 0.503125 0.0484375 0.05390625
0 0.7234375 0.5515625 0.07734375 0.0453125
0 0.73515625 0.6171875 0.0875 0.10703125
0 0.77578125 0.7046875 0.10078125 0.1171875
0 0.79609375 0.8203125 0.08984375 0.125
0 0.85078125 0.92265625 0.12578125 0.1484375
0 0.953125 0.828125 0.09375 0.140625
0 0.89921875 0.7140625 0.096875 0.1140625
0 0.85859375 0.6171875 0.07109375 0.075
0 0.81484375 0.54921875 0.05625 0.09375
0 0.80390625 0.49375 0.06484375 0.0765625
0 0.76875 0.4625 0.025 0.034375
0 0.9015625 0.49296875 0.06796875 0.0921875
0 0.9390625 0.56328125 0.05390625 0.08515625
0 0.91796875 0.61953125 0.06171875 0.078125
0 0.978125 0.63125 0.04296875 0.08671875
0 0.9640625 0.45234375 0.05234375 0.0875