0 0.13671875 0.40859375 0.0375 0.06015625
0 0.1046875 0.43828125 0.04765625 0.06328125
0 0.06640625 0.4953125 0.046875 0.0765625
0 0.02109375 0.5578125 0.0421875 0.0640625
0 0.21015625 0.421875 0.0546875 0.075
0 0.18984375 0.459375 0.04609375 0.06953125
0 0.1609375 0.50390625 0.04609375 0.05703125
0 0.134375 0.553125 0.0625 0.07734375
0 0.08359375 0.62421875 0.05859375 0.08125
0 0.0359375 0.7078125 0.07109375 0.1046875
0 0.3046875 0.43125 0.04296875 0.07109375
0 0.27890625 0.46953125 0.034375 0.078125
0 0.26328125 0.5140625 0.04453125 0.05859375
0 0.225 0.55625 0.0484375 0.0828125
0 0.28046875 0.578125 0.0296875 0.06171875
0 0.20234375 0.6296875 0.059375 0.0859375
0 0.17734375 0.7171875 0.0984375 0.11796875
0 0.128125 0.8140625 0.06953125 0.11328125
0 0.08359375 0.9296875 0.09375 0.109375
0 0.38125 0.48203125 0.06328125 0.06640625
0 0.36171875 0.52109375 0.07421875 0.0609375
0 0.346875 0.57109375 0.065625 0.071875
0 0.33203125 0.6390625 0.06484375 0.09609375
0 0.3140625 0.7328125 0.078125 0.09765625
0 0.2796875 0.83984375 0.07734375 0.11171875
0 0.25546875 0.940625 0.07421875 0.08515625
0 0.44921875 0.95625 0.09296875 0.0828125
0 0.45390625 0.84609375 0.08046875 0.134375
0 0.45546875 0.72578125 0.08125 0.1109375
0 0.44609375 0.634375 0.06328125 0.07265625
0 0.4828125 0.55859375 0.05625 0.12734375
0 0.44296875 0.475 0.0390625 0.07265625
0 0.58125 0.5265625 0.05546875 0.046875
0 0.58046875 0.57578125 0.0625 0.06640625
0 0.59453125 0.64296875 0.05859375 0.0796875
0 0.59765625 0.7421875 0.0734375 0.103125
0 0.6203125 0.86875 0.07265625 0.13359375
0 0.6390625 0.965625 0.08125 0.0640625
0 0.828125 0.95703125 0.10234375 0.0703125
0 0.7953125 0.86640625 0.09296875 0.11796875
0 0.76484375 0.759375 0.08984375 0.10078125
0 0.72578125 0.66015625 0.07578125 0.090625
0 0.71796875 0.58671875 0.06484375 0.06171875
0 0.69140625 0.54375 0.0546875 0.05
0 0.6640625 0.49140625 0.034375 0.05234375
0 0.76328125 0.5 0.01875 0.034375
0 0.79375 0.528125 0.05625 0.06875
0 0.8046875 0.5859375 0.04453125 0.06875
0 0.84765625 0.66640625 0.05859375 0.07109375
0 0.88671875 0.76015625 0.09140625 0.128125
0 0.94453125 0.8765625 0.09609375 0.16328125
0 0.9703125 0.68671875 0.059375 0.1078125
0 0.90703125 0.6625 0.05703125 0.0953125
0 0.92421875 0.6046875 0.06171875 0.08671875
0 0.89296875 0.5453125 0.0703125 0.08359375
0 0.94921875 0.48828125 0.059375 0.08359375
0 0.98671875 0.53984375 0.0265625 0.1015625