0 0.1421875 0.3765625 0.03515625 0.071875
0 0.1140625 0.39921875 0.0453125 0.084375
0 0.07578125 0.446875 0.05859375 0.078125
0 0.02421875 0.49453125 0.04765625 0.0953125
0 0.21953125 0.3765625 0.04921875 0.07421875
0 0.19140625 0.421875 0.05078125 0.078125
0 0.16484375 0.46171875 0.0546875 0.06484375
0 0.1375 0.50078125 0.06640625 0.08203125
0 0.08828125 0.56640625 0.0578125 0.09375
0 0.040625 0.62265625 0.07421875 0.084375
0 0.0125 0.71015625 0.02421875 0.103125
0 0.13046875 0.75625 0.07109375 0.14765625
0 0.08125 0.8796875 0.096875 0.1671875
0 0.2609375 0.88984375 0.084375 0.18671875
0 0.284375 0.7625 0.084375 0.1234375
0 0.184375 0.66484375 0.08828125 0.1140625
0 0.1484375 0.58046875 0.03828125 0.06484375
0 0.203125 0.5640625 0.0671875 0.08671875
0 0.23125 0.50390625 0.05859375 0.0765625
0 0.28046875 0.51640625 0.03984375 0.09453125
0 0.27578125 0.42890625 0.0578125 0.11171875
0 0.31015625 0.38828125 0.04453125 0.07734375
0 0.44765625 0.42421875 0.03828125 0.0953125
0 0.36953125 0.44921875 0.06171875 0.08828125
0 0.34921875 0.51015625 0.07265625 0.06796875
0 0.3328125 0.58515625 0.06484375 0.07734375
0 0.31484375 0.65234375 0.07265625 0.1109375
0 0.45390625 0.90703125 0.09453125 0.1609375
0 0.4578125 0.75546875 0.08828125 0.12890625
0 0.4609375 0.65546875 0.07734375 0.0953125
0 0.45234375 0.5734375 0.06484375 0.0828125
0 0.48828125 0.50546875 0.0609375 0.1296875
0 0.59140625 0.50390625 0.06875 0.10625
0 0.5953125 0.5796875 0.0625 0.09375
0 0.60859375 0.671875 0.0671875 0.11171875
0 0.625 0.78671875 0.0875 0.1265625
0 0.6421875 0.921875 0.09140625 0.14609375
0 0.83828125 0.91640625 0.1390625 0.15234375
0 0.80078125 0.790625 0.08515625 0.1171875
0 0.76875 0.6859375 0.0984375 0.1125
0 0.734375 0.59375 0.08046875 0.1234375
0 0.725 0.51875 0.06484375 0.0578125
0 0.7 0.4953125 0.04609375 0.05859375
0 0.6734375 0.43515625 0.03125 0.0375
0 0.76953125 0.44921875 0.0234375 0.04453125
0 0.7984375 0.4875 0.053125 0.07578125
0 0.81484375 0.53125 0.04609375 0.06484375
0 0.8546875 0.59609375 0.05703125 0.07109375
0 0.92265625 0.60390625 0.05390625 0.08671875
0 0.9 0.696875 0.0953125 0.11953125
0 0.953125 0.80625 0.09375 0.15
0 0.9765625 0.60703125 0.046875 0.1015625
0 0.93828125 0.54375 0.06484375 0.0796875
0 0.90390625 0.48984375 0.06484375 0.0890625
0 0.95703125 0.43359375 0.065625 0.0953125