0 0.1265625 0.4421875 0.04453125 0.07265625
0 0.05078125 0.48203125 0.0671875 0.09609375
0 0.03515625 0.540625 0.0609375 0.07421875
0 0.0234375 0.6640625 0.046875 0.17109375
0 0.17265625 0.5328125 0.06171875 0.08046875
0 0.146875 0.596875 0.0609375 0.0703125
0 0.1515625 0.6828125 0.07421875 0.09765625
0 0.15625 0.8 0.0890625 0.11796875
0 0.1578125 0.93046875 0.1015625 0.13046875
0 0.35546875 0.92578125 0.084375 0.128125
0 0.33515625 0.790625 0.08671875 0.13125
0 0.31015625 0.678125 0.071875 0.09609375
0 0.29453125 0.59296875 0.0671875 0.0890625
0 0.284375 0.50703125 0.06875 0.0921875
0 0.3703125 0.4328125 0.0296875 0.0421875
0 0.4078125 0.5046875 0.075 0.09453125
0 0.42734375 0.58828125 0.07890625 0.08125
0 0.4640625 0.67734375 0.09375 0.08515625
0 0.4953125 0.7703125 0.06953125 0.0984375
0 0.5421875 0.89453125 0.11953125 0.1515625
0 0.48984375 0.46640625 0.05625 0.0640625
0 0.5015625 0.5234375 0.03984375 0.06953125
0 0.5421875 0.5765625 0.05078125 0.07734375
0 0.57890625 0.66328125 0.07109375 0.109375
0 0.634375 0.753125 0.07890625 0.11875
0 0.7125 0.90546875 0.065625 0.11171875
0 0.58203125 0.46796875 0.05546875 0.0640625
0 0.6125 0.51484375 0.046875 0.065625
0 0.603125 0.58046875 0.05546875 0.06640625
0 0.6625 0.5765625 0.06484375 0.08671875
0 0.71328125 0.64609375 0.0578125 0.10234375
0 0.78203125 0.7453125 0.0640625 0.11875
0 0.86328125 0.86171875 0.09609375 0.15078125
0 0.9703125 0.95 0.05859375 0.08046875
0 0.91953125 0.715625 0.0828125 0.10859375
0 0.8359375 0.625 0.078125 0.11015625
0 0.76953125 0.56328125 0.05390625 0.09296875
0 0.72109375 0.5015625 0.0546875 0.0828125
0 0.67578125 0.4515625 0.04765625 0.07734375
0 0.63359375 0.4109375 0.0453125 0.0765625
0 0.71796875 0.41015625 0.0453125 0.07421875
0 0.775 0.45 0.0375 0.075
0 0.81484375 0.4890625 0.04765625 0.0828125
0 0.8828125 0.56484375 0.05703125 0.090625
0 0.9546875 0.615625 0.06015625 0.10078125
0 0.8109375 0.40703125 0.053125 0.08046875
0 0.85625 0.43828125 0.04375 0.075
0 0.8796875 0.4078125 0.04453125 0.071875
0 0.925 0.434375 0.03828125 0.0625
0 0.9578125 0.403125 0.03515625 0.05859375
0 0.90625 0.48125 0.04921875 0.075
0 0.9703125 0.52109375 0.053125 0.0921875
0 0.98046875 0.45234375 0.03828125 0.05