0 0.29765625 0.05 0.1359375 0.1
0 0.23984375 0.2171875 0.121875 0.16015625
0 0.15625 0.31171875 0.10703125 0.1921875
0 0.07890625 0.4375 0.14609375 0.16953125
0 0.134375 0.58828125 0.10703125 0.20859375
0 0.30390625 0.37734375 0.175 0.2390625
0 0.3640625 0.14609375 0.128125 0.15703125
0 0.4796875 0.0625 0.13828125 0.125
0 0.67734375 0.22265625 0.3296875 0.4453125
0 0.41640625 0.59296875 0.1796875 0.31015625
0 0.0859375 0.86328125 0.171875 0.27265625
0 0.74375 0.7828125 0.31796875 0.434375
0 0.94296875 0.61953125 0.1140625 0.4203125