0 0.12421875 0.82890625 0.04921875 0.0984375
0 0.06953125 0.67109375 0.0625 0.10078125
0 0.05703125 0.50390625 0.0515625 0.103125
0 0.03984375 0.35390625 0.03984375 0.0859375
0 0.02578125 0.0421875 0.05 0.084375
0 0.065625 0.10546875 0.0515625 0.07890625
0 0.08828125 0.1953125 0.05 0.10546875
0 0.1203125 0.3046875 0.046875 0.0796875
0 0.1484375 0.07109375 0.0578125 0.0890625
0 0.171875 0.146875 0.0578125 0.08359375
0 0.225 0.03046875 0.046875 0.0609375
0 0.25078125 0.10703125 0.05234375 0.08046875
0 0.32109375 0.0625 0.059375 0.075
0 0.21328125 0.25078125 0.03828125 0.08203125
0 0.3625 0.14609375 0.0515625 0.0859375
0 0.396875 0.028125 0.05 0.05625
0 0.43984375 0.0921875 0.0375 0.078125
0 0.50625 0.06171875 0.04140625 0.06953125
0 0.1515625 0.4203125 0.05390625 0.084375
0 0.17578125 0.56015625 0.06015625 0.11640625
0 0.2078125 0.73046875 0.05390625 0.125
0 0.3046875 0.62578125 0.04453125 0.09765625
0 0.2703125 0.47578125 0.040625 0.096875
0 0.32890625 0.28984375 0.06328125 0.11953125
0 0.4015625 0.246875 0.05703125 0.09609375
0 0.4796875 0.18828125 0.059375 0.10546875
0 0.5390625 0.13671875 0.0375 0.0765625
0 0.66640625 0.0578125 0.03515625 0.06640625
0 0.7234375 0.03046875 0.0390625 0.0609375
0 0.3640625 0.42265625 0.04921875 0.08046875
0 0.39765625 0.55625 0.04765625 0.09375
0 0.47890625 0.46171875 0.04921875 0.09296875
0 0.4375 0.33984375 0.034375 0.06796875
0 0.51875 0.28828125 0.05078125 0.090625
0 0.5859375 0.2515625 0.04296875 0.08359375
0 0.64609375 0.18203125 0.0421875 0.096875
0 0.715625 0.1453125 0.0484375 0.08046875
0 0.77265625 0.1015625 0.04140625 0.084375
0 0.8203125 0.06171875 0.03984375 0.07890625
0 0.878125 0.034375 0.0453125 0.06875
0 0.56171875 0.39921875 0.0390625 0.0859375
0 0.53125 0.609375 0.040625 0.0875
0 0.4828125 0.85390625 0.0484375 0.10390625
0 0.57265625 0.7765625 0.05703125 0.0984375
0 0.659375 0.67890625 0.053125 0.0953125
0 0.6015625 0.53671875 0.04765625 0.09921875
0 0.73515625 0.59765625 0.05625 0.103125
0 0.68125 0.4640625 0.05625 0.084375
0 0.62265625 0.35546875 0.0453125 0.08203125
0 0.6890625 0.28046875 0.05 0.0890625
0 0.7546875 0.25 0.04375 0.07578125
0 0.81484375 0.19296875 0.046875 0.07890625
0 0.86796875 0.1453125 0.04765625 0.08046875
0 0.92890625 0.1265625 0.06328125 0.0859375
0 0.975 0.08671875 0.05 0.0890625
0 0.975 0.22421875 0.05 0.0859375
0 0.93046875 0.25 0.04609375 0.08671875
0 0.8875 0.30390625 0.0671875 0.078125
0 0.809375 0.3546875 0.04453125 0.0796875
0 0.73671875 0.4 0.04375 0.09140625
0 0.79765625 0.509375 0.0515625 0.109375
0 0.86171875 0.65390625 0.06015625 0.10625
0 0.9296875 0.5953125 0.04375 0.08828125
0 0.98125 0.525 0.0375 0.075
0 0.87109375 0.46953125 0.05546875 0.0984375
0 0.92734375 0.4203125 0.0515625 0.08515625
0 0.978125 0.36875 0.04375 0.1125