0 0.44375 0.0796875 0.06171875 0.11953125
0 0.4453125 0.20703125 0.0765625 0.103125
0 0.346875 0.07578125 0.08125 0.1078125
0 0.35 0.20078125 0.059375 0.10625
0 0.3421875 0.31484375 0.0796875 0.109375
0 0.34296875 0.4203125 0.0875 0.10234375
0 0.33125 0.53828125 0.0671875 0.11484375
0 0.3328125 0.64921875 0.06640625 0.09140625
0 0.33515625 0.746875 0.0828125 0.10703125
0 0.31953125 0.8640625 0.084375 0.11640625
0 0.31171875 0.959375 0.084375 0.08125
0 0.24296875 0.065625 0.06328125 0.08671875
0 0.24375 0.171875 0.071875 0.12265625
0 0.2375 0.2859375 0.08125 0.103125
0 0.2296875 0.4171875 0.0765625 0.1078125
0 0.23515625 0.53515625 0.0578125 0.09375
0 0.22734375 0.63359375 0.06796875 0.1078125
0 0.2203125 0.7484375 0.06015625 0.0875
0 0.22109375 0.8671875 0.05390625 0.08515625
0 0.21875 0.9609375 0.06484375 0.078125
0 0.14296875 0.04453125 0.07421875 0.084375
0 0.13125 0.15390625 0.07734375 0.12421875
0 0.12421875 0.27734375 0.07890625 0.1015625
0 0.13046875 0.39375 0.08515625 0.08828125
0 0.12578125 0.50703125 0.08828125 0.125
0 0.12734375 0.62890625 0.08984375 0.1171875
0 0.11640625 0.7390625 0.07578125 0.10390625
0 0.1109375 0.85859375 0.05625 0.10546875
0 0.1140625 0.9625 0.0625 0.075
0 0.03359375 0.04609375 0.0671875 0.0921875
0 0.0296875 0.14609375 0.059375 0.0953125
0 0.0328125 0.2625 0.065625 0.1125
0 0.0328125 0.38671875 0.06484375 0.0828125
0 0.03203125 0.49296875 0.0640625 0.10859375
0 0.0296875 0.60390625 0.059375 0.1234375
0 0.01875 0.72109375 0.0375 0.1015625
0 0.02265625 0.88984375 0.04453125 0.21953125