0 0.22578125 0.01484375 0.0203125 0.0296875
0 0.2234375 0.04921875 0.0234375 0.04921875
0 0.25546875 0.0140625 0.025 0.02734375
0 0.2515625 0.046875 0.02578125 0.04609375
0 0.2484375 0.09453125 0.0296875 0.05625
0 0.21953125 0.13359375 0.02109375 0.04453125
0 0.2453125 0.14296875 0.021875 0.0453125
0 0.24609375 0.17734375 0.028125 0.03515625
0 0.2171875 0.1765625 0.0234375 0.046875
0 0.24609375 0.21953125 0.02421875 0.0484375
0 0.21484375 0.221875 0.02734375 0.04453125
0 0.240625 0.26484375 0.0265625 0.05703125
0 0.21484375 0.26875 0.0171875 0.05
0 0.2125 0.31328125 0.021875 0.04140625
0 0.240625 0.3171875 0.0234375 0.0453125
0 0.21171875 0.35703125 0.01875 0.03828125
0 0.20859375 0.4046875 0.02734375 0.046875
0 0.24140625 0.359375 0.0234375 0.0375
0 0.234375 0.40390625 0.02578125 0.04296875
0 0.28203125 0.01875 0.02109375 0.0375
0 0.2796875 0.04921875 0.0234375 0.046875
0 0.31015625 0.01796875 0.025 0.0359375
0 0.3078125 0.05 0.028125 0.0390625
0 0.3046875 0.09375 0.0234375 0.04765625
0 0.27734375 0.0953125 0.021875 0.04140625
0 0.3046875 0.1375 0.0265625 0.05
0 0.27578125 0.1375 0.02578125 0.05390625
0 0.2734375 0.1828125 0.025 0.04375
0 0.303125 0.18515625 0.02578125 0.0546875
0 0.2734375 0.2234375 0.02109375 0.046875
0 0.30390625 0.221875 0.02578125 0.03203125
0 0.2984375 0.26953125 0.02421875 0.0515625
0 0.26953125 0.26875 0.0234375 0.05703125
0 0.2984375 0.31171875 0.0203125 0.04296875
0 0.26953125 0.315625 0.02265625 0.04921875
0 0.2703125 0.353125 0.025 0.0390625
0 0.2953125 0.35703125 0.02265625 0.04765625
0 0.2640625 0.4015625 0.03125 0.06328125
0 0.29375 0.4015625 0.02890625 0.05625
0 0.26484375 0.45078125 0.021875 0.04296875
0 0.290625 0.45078125 0.0234375 0.05
0 0.23125 0.49765625 0.02265625 0.053125
0 0.26328125 0.5 0.0234375 0.046875
0 0.29140625 0.50078125 0.028125 0.0484375
0 0.228125 0.58984375 0.028125 0.05546875
0 0.2625 0.5859375 0.0265625 0.04921875
0 0.28671875 0.5921875 0.02265625 0.0375
0 0.22734375 0.63984375 0.02265625 0.04453125
0 0.25546875 0.63984375 0.025 0.046875
0 0.28359375 0.640625 0.0265625 0.0453125
0 0.22265625 0.73203125 0.02890625 0.0421875
0 0.25625 0.734375 0.03203125 0.0453125
0 0.25234375 0.77734375 0.02734375 0.046875
0 0.22421875 0.7765625 0.02578125 0.04453125
0 0.28125 0.775 0.028125 0.05234375
0 0.3125 0.73828125 0.02578125 0.0421875
0 0.31015625 0.7796875 0.02265625 0.0453125
0 0.2234375 0.8140625 0.028125 0.05625
0 0.2484375 0.82578125 0.0265625 0.0578125
0 0.2796875 0.83125 0.02890625 0.06015625
0 0.31015625 0.83671875 0.02890625 0.06875
0 0.22265625 0.87578125 0.028125 0.04296875
0 0.2203125 0.96171875 0.025 0.046875
0 0.24765625 0.9125 0.0265625 0.0515625
0 0.24765625 0.9671875 0.025 0.04375
0 0.27734375 0.9234375 0.03046875 0.05390625
0 0.30859375 0.921875 0.02890625 0.05625
0 0.27890625 0.971875 0.025 0.046875
0 0.30859375 0.97421875 0.0265625 0.05
0 0.3390625 0.93046875 0.02421875 0.05
0 0.36953125 0.92578125 0.028125 0.05625
0 0.3984375 0.9296875 0.02421875 0.0453125
0 0.428125 0.9234375 0.028125 0.03828125
0 0.45859375 0.93359375 0.0265625 0.04296875
0 0.33828125 0.9734375 0.025 0.0375
0 0.36796875 0.978125 0.0265625 0.04375
0 0.3953125 0.9765625 0.025 0.04140625
0 0.4265625 0.9734375 0.02578125 0.04765625
0 0.4578125 0.978125 0.0234375 0.04140625
0 0.48828125 0.978125 0.0265625 0.04375
0 0.490625 0.9359375 0.02734375 0.0484375
0 0.490625 0.8546875 0.0265625 0.078125
0 0.46015625 0.8390625 0.028125 0.05
0 0.43046875 0.8359375 0.0296875 0.04140625
0 0.39765625 0.8359375 0.03046875 0.05
0 0.34296875 0.83984375 0.0265625 0.0453125
0 0.340625 0.78671875 0.025 0.04453125
0 0.46171875 0.78828125 0.02734375 0.03828125
0 0.43203125 0.78671875 0.03046875 0.04375
0 0.39921875 0.7859375 0.0265625 0.0390625
0 0.36796875 0.78671875 0.028125 0.04140625
0 0.33984375 0.73671875 0.028125 0.05234375
0 0.37109375 0.73671875 0.03046875 0.05703125
0 0.40390625 0.7390625 0.0265625 0.053125
0 0.46015625 0.74296875 0.02734375 0.05234375
0 0.4921875 0.74609375 0.03046875 0.05234375
0 0.3171875 0.640625 0.02734375 0.04296875
0 0.315625 0.59609375 0.025 0.04375
0 0.3453125 0.58984375 0.02578125 0.05625
0 0.34453125 0.63984375 0.025 0.05859375
0 0.37421875 0.59375 0.0328125 0.04921875
0 0.403125 0.5953125 0.028125 0.04765625
0 0.40078125 0.64921875 0.02734375 0.0484375
0 0.3765625 0.64140625 0.02890625 0.053125
0 0.4359375 0.65078125 0.02734375 0.04609375
0 0.4328125 0.6078125 0.02734375 0.0421875
0 0.465625 0.59609375 0.03125 0.05
0 0.49375 0.60234375 0.02578125 0.03828125
0 0.46328125 0.646875 0.025 0.04765625
0 0.48984375 0.64921875 0.02421875 0.0515625
0 0.525 0.65546875 0.02421875 0.0515625
0 0.55390625 0.65390625 0.0265625 0.04609375
0 0.55546875 0.60546875 0.03125 0.04765625
0 0.31796875 0.5015625 0.0234375 0.04921875
0 0.346875 0.509375 0.028125 0.05703125
0 0.375 0.503125 0.0265625 0.04453125
0 0.40546875 0.509375 0.025 0.05703125
0 0.43515625 0.51015625 0.02578125 0.05234375
0 0.46796875 0.5078125 0.02890625 0.05234375
0 0.4953125 0.50859375 0.025 0.0484375
0 0.49296875 0.45859375 0.025 0.0421875
0 0.465625 0.4609375 0.0265625 0.05
0 0.434375 0.459375 0.02890625 0.0453125
0 0.40546875 0.45390625 0.025 0.04140625
0 0.3171875 0.4546875 0.02734375 0.04453125
0 0.37734375 0.45703125 0.02265625 0.04375
0 0.496875 0.41328125 0.028125 0.0515625
0 0.4671875 0.409375 0.03125 0.05078125
0 0.4359375 0.4140625 0.03046875 0.0484375
0 0.40625 0.4015625 0.02734375 0.04765625
0 0.37890625 0.39921875 0.03125 0.05625
0 0.35078125 0.4046875 0.0265625 0.05390625
0 0.321875 0.40546875 0.028125 0.0515625
0 0.32578125 0.36015625 0.025 0.04375
0 0.353125 0.3625 0.025 0.046875
0 0.35390625 0.31875 0.02578125 0.04296875
0 0.325 0.3171875 0.0234375 0.040625
0 0.35625 0.27734375 0.0265625 0.05703125
0 0.38125 0.35703125 0.02578125 0.03671875
0 0.3828125 0.31796875 0.0234375 0.04296875
0 0.38203125 0.27421875 0.0234375 0.04453125
0 0.32578125 0.2734375 0.028125 0.0546875
0 0.41328125 0.35625 0.03125 0.034375
0 0.43828125 0.3671875 0.02578125 0.04375
0 0.46953125 0.36640625 0.028125 0.03984375
0 0.49765625 0.36484375 0.028125 0.0484375
0 0.4984375 0.32265625 0.02421875 0.03671875
0 0.4703125 0.321875 0.028125 0.0484375
0 0.43984375 0.32421875 0.02578125 0.04296875
0 0.4109375 0.3171875 0.0265625 0.03515625
0 0.41171875 0.27421875 0.02578125 0.05390625
0 0.44296875 0.278125 0.028125 0.05
0 0.47109375 0.271875 0.02578125 0.0546875
0 0.496875 0.28046875 0.0296875 0.04609375
0 0.4984375 0.2328125 0.02734375 0.0484375
0 0.47265625 0.228125 0.02265625 0.03828125
0 0.44296875 0.23125 0.0234375 0.03671875
0 0.4140625 0.22734375 0.028125 0.05625
0 0.38359375 0.22421875 0.02734375 0.05
0 0.328125 0.22265625 0.02265625 0.04765625
0 0.33125 0.1796875 0.025 0.04453125
0 0.3578125 0.1875 0.02578125 0.05
0 0.334375 0.13671875 0.0203125 0.0375
0 0.33515625 0.103125 0.02578125 0.03203125
0 0.334375 0.071875 0.028125 0.03984375
0 0.33515625 0.03984375 0.0265625 0.03828125
0 0.3375 0.01171875 0.025 0.0234375
0 0.3671875 0.015625 0.021875 0.03125
0 0.365625 0.05234375 0.02578125 0.0453125
0 0.36171875 0.09765625 0.0234375 0.04140625
0 0.36171875 0.13671875 0.02421875 0.053125
0 0.38671875 0.18046875 0.02734375 0.04375
0 0.41875 0.18046875 0.02734375 0.0390625
0 0.4453125 0.184375 0.02421875 0.04453125
0 0.4734375 0.18203125 0.02421875 0.04453125
0 0.5 0.1828125 0.0296875 0.0421875
0 0.503125 0.140625 0.02578125 0.04296875
0 0.4734375 0.1421875 0.02421875 0.0375
0 0.44375 0.13984375 0.02578125 0.0421875
0 0.41640625 0.13671875 0.025 0.04609375
0 0.3890625 0.14375 0.02265625 0.040625
0 0.390625 0.10078125 0.02265625 0.0421875
0 0.41640625 0.096875 0.025 0.04375
0 0.4453125 0.0984375 0.03125 0.0421875
0 0.4734375 0.10078125 0.02421875 0.04453125
0 0.503125 0.1015625 0.02421875 0.03359375
0 0.50390625 0.0640625 0.02734375 0.03984375
0 0.5046875 0.02265625 0.0265625 0.0453125
0 0.47734375 0.0203125 0.028125 0.03984375
0 0.4765625 0.05390625 0.025 0.0453125
0 0.4453125 0.05703125 0.028125 0.04375
0 0.44765625 0.01640625 0.02578125 0.0328125
0 0.41875 0.021875 0.025 0.04375
0 0.3921875 0.0171875 0.025 0.034375
0 0.39140625 0.053125 0.02421875 0.0453125
0 0.4203125 0.05703125 0.02421875 0.0375
0 0.5171875 0.97734375 0.028125 0.0453125
0 0.51875 0.9296875 0.02265625 0.05078125
0 0.51953125 0.8875 0.0203125 0.03828125
0 0.51953125 0.8375 0.02421875 0.05078125
0 0.5203125 0.7921875 0.025 0.04296875
0 0.52109375 0.73671875 0.03046875 0.0609375
0 0.546875 0.7453125 0.02890625 0.05625
0 0.5515625 0.796875 0.028125 0.04765625
0 0.55234375 0.84765625 0.02578125 0.04765625
0 0.5484375 0.93359375 0.02734375 0.0515625
0 0.54765625 0.9765625 0.0265625 0.046875
0 0.58046875 0.9328125 0.02734375 0.0546875
0 0.57734375 0.9796875 0.0296875 0.040625
0 0.6078125 0.9359375 0.028125 0.04609375
0 0.6078125 0.978125 0.028125 0.04375
0 0.6375 0.93828125 0.02734375 0.05703125
0 0.63828125 0.97890625 0.025 0.0421875
0 0.609375 0.8765625 0.02421875 0.04609375
0 0.578125 0.84296875 0.03203125 0.059375
0 0.60703125 0.8296875 0.01953125 0.03203125
0 0.58203125 0.79453125 0.0328125 0.05078125
0 0.58203125 0.74609375 0.0265625 0.0484375
0 0.58359375 0.65234375 0.02734375 0.0484375
0 0.58203125 0.6046875 0.02421875 0.04609375
0 0.6171875 0.6078125 0.02578125 0.0421875
0 0.6140625 0.65078125 0.028125 0.046875
0 0.60859375 0.70625 0.0234375 0.06171875
0 0.63828125 0.7359375 0.025 0.040625
0 0.63671875 0.78984375 0.02734375 0.05390625
0 0.63984375 0.83828125 0.0296875 0.0578125
0 0.66796875 0.93359375 0.02734375 0.05703125
0 0.665625 0.9765625 0.03125 0.046875
0 0.69296875 0.978125 0.02734375 0.03984375
0 0.696875 0.9328125 0.0265625 0.04765625
0 0.72265625 0.93125 0.021875 0.046875
0 0.72265625 0.9828125 0.0234375 0.034375
0 0.75078125 0.93359375 0.02890625 0.0578125
0 0.7515625 0.9796875 0.02578125 0.040625
0 0.7796875 0.9796875 0.03203125 0.03984375
0 0.80703125 0.97890625 0.021875 0.03203125
0 0.8484375 0.98203125 0.0234375 0.0359375
0 0.84765625 0.94375 0.02734375 0.0375
0 0.809375 0.928125 0.028125 0.04296875
0 0.78046875 0.92890625 0.02109375 0.0484375
0 0.78046875 0.8859375 0.021875 0.0375
0 0.74921875 0.8859375 0.025 0.0359375
0 0.72421875 0.8875 0.025 0.04375
0 0.69765625 0.88828125 0.02265625 0.040625
0 0.66796875 0.8828125 0.0328125 0.0515625
0 0.66875 0.83984375 0.025 0.0390625
0 0.7 0.84296875 0.025 0.05078125
0 0.72578125 0.84140625 0.02421875 0.03671875
0 0.753125 0.8453125 0.0296875 0.04375
0 0.784375 0.84375 0.02734375 0.03828125
0 0.80859375 0.8796875 0.02578125 0.0375
0 0.8453125 0.9 0.02421875 0.03984375
0 0.84296875 0.85390625 0.0328125 0.04453125
0 0.84453125 0.79609375 0.02578125 0.05703125
0 0.84453125 0.7328125 0.02421875 0.05234375
0 0.66640625 0.79296875 0.02890625 0.0546875
0 0.66875 0.74765625 0.0296875 0.05390625
0 0.69921875 0.7453125 0.025 0.0484375
0 0.69609375 0.7984375 0.02578125 0.04453125
0 0.7265625 0.80234375 0.028125 0.04921875
0 0.7546875 0.79921875 0.025 0.03984375
0 0.77890625 0.79765625 0.02265625 0.04296875
0 0.8078125 0.80078125 0.025 0.04765625
0 0.80703125 0.7515625 0.0234375 0.05390625
0 0.78046875 0.74921875 0.02265625 0.04921875
0 0.7546875 0.75 0.0203125 0.04765625
0 0.725 0.746875 0.02265625 0.053125
0 0.6421875 0.65625 0.0265625 0.05
0 0.640625 0.6125 0.02109375 0.04140625
0 0.67109375 0.6546875 0.028125 0.046875
0 0.66875 0.609375 0.02109375 0.0390625
0 0.69921875 0.61328125 0.028125 0.04921875
0 0.69921875 0.65546875 0.02421875 0.04765625
0 0.7265625 0.65390625 0.02578125 0.04609375
0 0.725 0.6078125 0.021875 0.03984375
0 0.753125 0.6125 0.03046875 0.05234375
0 0.75390625 0.659375 0.02109375 0.04296875
0 0.78046875 0.65625 0.021875 0.0390625
0 0.78046875 0.6171875 0.015625 0.03671875
0 0.80859375 0.615625 0.01796875 0.04375
0 0.80859375 0.571875 0.0265625 0.05546875
0 0.84453125 0.5375 0.02734375 0.0515625
0 0.72734375 0.5625 0.02265625 0.0375
0 0.696875 0.5609375 0.02109375 0.03828125
0 0.696875 0.52265625 0.02421875 0.04765625
0 0.725 0.51953125 0.02421875 0.04296875
0 0.75390625 0.51796875 0.02578125 0.03828125
0 0.75390625 0.471875 0.0234375 0.03984375
0 0.725 0.471875 0.0234375 0.040625
0 0.69921875 0.47109375 0.0296875 0.0484375
0 0.66796875 0.47578125 0.02734375 0.046875
0 0.671875 0.5234375 0.02421875 0.0484375
0 0.64296875 0.5171875 0.0265625 0.05234375
0 0.640625 0.471875 0.02421875 0.0421875
0 0.61171875 0.4671875 0.025 0.04375
0 0.6125 0.509375 0.0234375 0.05234375
0 0.58125 0.51640625 0.02734375 0.0453125
0 0.5515625 0.51015625 0.02578125 0.04453125
0 0.525 0.509375 0.0265625 0.05078125
0 0.52578125 0.4609375 0.02890625 0.0484375
0 0.5546875 0.46484375 0.0296875 0.05
0 0.58125 0.46796875 0.028125 0.0453125
0 0.525 0.415625 0.02734375 0.04921875
0 0.55390625 0.42109375 0.028125 0.05234375
0 0.5234375 0.371875 0.0328125 0.046875
0 0.5546875 0.375 0.02578125 0.0484375
0 0.58203125 0.37734375 0.025 0.0421875
0 0.58359375 0.4203125 0.0265625 0.046875
0 0.6125 0.4234375 0.03125 0.0546875
0 0.61328125 0.37421875 0.02734375 0.05078125
0 0.64296875 0.37578125 0.021875 0.0421875
0 0.63984375 0.42265625 0.02578125 0.05703125
0 0.66875 0.4265625 0.028125 0.04609375
0 0.67109375 0.38046875 0.02421875 0.0484375
0 0.69921875 0.42421875 0.025 0.0453125
0 0.69921875 0.384375 0.0265625 0.05
0 0.725 0.42578125 0.028125 0.04921875
0 0.72578125 0.38359375 0.02734375 0.04140625
0 0.7546875 0.384375 0.025 0.0390625
0 0.7515625 0.42890625 0.02734375 0.04375
0 0.77890625 0.52421875 0.0265625 0.05
0 0.8078125 0.5203125 0.021875 0.0421875
0 0.80703125 0.4765625 0.02421875 0.0375
0 0.78046875 0.4671875 0.0234375 0.04296875
0 0.7796875 0.4265625 0.02578125 0.040625
0 0.80625 0.43359375 0.02421875 0.04140625
0 0.77890625 0.38828125 0.02421875 0.04921875
0 0.80625 0.39140625 0.02265625 0.0375
0 0.846875 0.4578125 0.028125 0.0421875
0 0.84765625 0.4125 0.03359375 0.04609375
0 0.8453125 0.37265625 0.034375 0.04453125
0 0.84296875 0.3203125 0.03203125 0.06953125
0 0.80625 0.35 0.02734375 0.03984375
0 0.7796875 0.340625 0.0234375 0.04609375
0 0.75078125 0.34609375 0.025 0.03984375
0 0.72265625 0.34140625 0.0234375 0.04296875
0 0.69609375 0.33828125 0.025 0.04375
0 0.671875 0.33984375 0.021875 0.03828125
0 0.64140625 0.33359375 0.0265625 0.04140625
0 0.6125 0.3328125 0.02421875 0.03984375
0 0.5890625 0.32734375 0.025 0.0453125
0 0.55625 0.328125 0.021875 0.0359375
0 0.52890625 0.3265625 0.025 0.0421875
0 0.5296875 0.28125 0.03125 0.05
0 0.55859375 0.2875 0.0296875 0.05078125
0 0.5875 0.2828125 0.02890625 0.040625
0 0.61640625 0.2875 0.03203125 0.0578125
0 0.64296875 0.28828125 0.0265625 0.04609375
0 0.67109375 0.296875 0.0328125 0.05078125
0 0.6984375 0.290625 0.03046875 0.05
0 0.72578125 0.296875 0.0265625 0.05
0 0.75234375 0.30390625 0.0359375 0.05390625
0 0.78203125 0.2953125 0.0234375 0.04765625
0 0.80703125 0.3046875 0.0234375 0.04609375
0 0.809375 0.2578125 0.02578125 0.05234375
0 0.53046875 0.23515625 0.03828125 0.05390625
0 0.56015625 0.23671875 0.02421875 0.05546875
0 0.5328125 0.190625 0.02734375 0.040625
0 0.528125 0.1453125 0.02734375 0.0515625
0 0.53359375 0.1015625 0.025 0.0453125
0 0.5328125 0.06484375 0.02265625 0.0390625
0 0.53359375 0.021875 0.0328125 0.04375
0 0.5609375 0.06640625 0.02734375 0.04765625
0 0.56015625 0.15078125 0.03046875 0.046875
0 0.56015625 0.10703125 0.02421875 0.0453125
0 0.58671875 0.2359375 0.0328125 0.0515625
0 0.58828125 0.19140625 0.02265625 0.0375
0 0.615625 0.24140625 0.0234375 0.03984375
0 0.64296875 0.24453125 0.02265625 0.03515625
0 0.64453125 0.2015625 0.03125 0.053125
0 0.61640625 0.1984375 0.028125 0.05078125
0 0.615625 0.15234375 0.028125 0.0515625
0 0.58828125 0.1546875 0.02734375 0.05234375
0 0.5875 0.11015625 0.025 0.04765625
0 0.58828125 0.06953125 0.02578125 0.04296875
0 0.615625 0.075 0.02890625 0.05
0 0.64375 0.15390625 0.0234375 0.04375
0 0.6421875 0.11640625 0.0265625 0.04609375
0 0.67109375 0.2453125 0.028125 0.0484375
0 0.6703125 0.2015625 0.02265625 0.04140625
0 0.67109375 0.1609375 0.02421875 0.04609375
0 0.67109375 0.11796875 0.025 0.05
0 0.69921875 0.24296875 0.0234375 0.0375
0 0.696875 0.2078125 0.01953125 0.04140625
0 0.72578125 0.25078125 0.025 0.04375
0 0.75234375 0.24765625 0.0265625 0.04921875
0 0.78125 0.25546875 0.02578125 0.03984375
0 0.84140625 0.2546875 0.02578125 0.05
0 0.8421875 0.1234375 0.02734375 0.065625
0 0.80625 0.2125 0.021875 0.04296875
0 0.78125 0.2109375 0.0265625 0.04609375
0 0.753125 0.20546875 0.02734375 0.03359375
0 0.72890625 0.20625 0.02421875 0.04296875
0 0.69609375 0.1625 0.02578125 0.0453125
0 0.7265625 0.1640625 0.025 0.0375
0 0.74921875 0.1703125 0.02734375 0.03984375
0 0.78046875 0.165625 0.02890625 0.04609375
0 0.8078125 0.16328125 0.0265625 0.04609375
0 0.8046875 0.1046875 0.0234375 0.0578125
0 0.7765625 0.13046875 0.0234375 0.03046875
0 0.778125 0.0890625 0.025 0.04296875
0 0.7515625 0.125 0.02578125 0.04609375
0 0.69765625 0.12109375 0.02265625 0.04609375
0 0.7234375 0.12265625 0.02578125 0.0546875
0 0.590625 0.02578125 0.02578125 0.04921875
0 0.615625 0.028125 0.02578125 0.0484375
0 0.64140625 0.075 0.02421875 0.046875
0 0.64140625 0.02578125 0.0203125 0.04609375
0 0.66796875 0.0703125 0.025 0.0390625
0 0.66875 0.03046875 0.02421875 0.0390625
0 0.69765625 0.07890625 0.02890625 0.04609375
0 0.69609375 0.0359375 0.02578125 0.040625
0 0.72265625 0.07421875 0.02421875 0.03984375
0 0.7234375 0.03828125 0.02421875 0.040625
0 0.7484375 0.084375 0.02890625 0.0421875
0 0.75 0.0453125 0.02578125 0.03984375
0 0.775 0.05 0.02890625 0.04140625
0 0.8015625 0.05 0.02421875 0.05546875
0 0.77578125 0.01484375 0.02109375 0.02890625
0 0.74921875 0.01015625 0.0203125 0.0203125
0 0.84140625 0.0328125 0.03359375 0.065625