0 0.42734375 0.0375 0.05703125 0.0703125
0 0.4265625 0.1296875 0.05546875 0.1078125
0 0.43671875 0.2359375 0.0796875 0.09375
0 0.33828125 0.0421875 0.075 0.08359375
0 0.3328125 0.1359375 0.06484375 0.08359375
0 0.34296875 0.24921875 0.06171875 0.0921875
0 0.34140625 0.3515625 0.07265625 0.09921875
0 0.3421875 0.45234375 0.07578125 0.10234375
0 0.34296875 0.5671875 0.06171875 0.1015625
0 0.346875 0.6640625 0.04296875 0.078125
0 0.3515625 0.75546875 0.0625 0.09296875
0 0.35 0.85390625 0.07421875 0.09609375
0 0.34765625 0.95546875 0.0734375 0.0890625
0 0.23359375 0.04375 0.0734375 0.0796875
0 0.2421875 0.1390625 0.053125 0.08671875
0 0.2453125 0.24375 0.06796875 0.096875
0 0.24609375 0.35234375 0.06875 0.11171875
0 0.25 0.47421875 0.06796875 0.0984375
0 0.25234375 0.5796875 0.05390625 0.09453125
0 0.25390625 0.684375 0.065625 0.0859375
0 0.25703125 0.771875 0.05 0.075
0 0.26484375 0.87421875 0.06015625 0.084375
0 0.26484375 0.96015625 0.059375 0.07890625
0 0.13984375 0.04375 0.08046875 0.0796875
0 0.14296875 0.13671875 0.06875 0.090625
0 0.1453125 0.24296875 0.07109375 0.10078125
0 0.140625 0.3546875 0.065625 0.096875
0 0.1515625 0.46171875 0.065625 0.0890625
0 0.15703125 0.571875 0.0796875 0.115625
0 0.1578125 0.68046875 0.07578125 0.10234375
0 0.15390625 0.78671875 0.065625 0.0875
0 0.1640625 0.89296875 0.06328125 0.09765625
0 0.1671875 0.978125 0.0703125 0.04296875
0 0.040625 0.04140625 0.08125 0.0828125
0 0.03984375 0.14609375 0.0796875 0.1171875
0 0.03828125 0.24609375 0.0765625 0.0796875
0 0.0453125 0.3546875 0.090625 0.10625
0 0.0515625 0.4703125 0.065625 0.07890625
0 0.0578125 0.5703125 0.05703125 0.084375
0 0.05703125 0.684375 0.08046875 0.12109375
0 0.0578125 0.784375 0.05859375 0.07578125
0 0.06796875 0.8875 0.0671875 0.12734375
0 0.0796875 0.96796875 0.08671875 0.0640625