0 0.421875 0.05703125 0.05 0.08203125
0 0.4234375 0.15390625 0.05078125 0.0921875
0 0.4328125 0.25625 0.0640625 0.090625
0 0.33359375 0.07265625 0.05703125 0.1015625
0 0.34140625 0.1640625 0.071875 0.09375
0 0.34765625 0.27109375 0.0546875 0.09296875
0 0.35078125 0.3640625 0.06640625 0.1
0 0.35390625 0.46171875 0.071875 0.09296875
0 0.35859375 0.5609375 0.065625 0.1046875
0 0.3671875 0.66328125 0.05 0.08671875
0 0.37109375 0.74296875 0.05703125 0.0765625
0 0.36875 0.83984375 0.071875 0.1078125
0 0.37109375 0.9484375 0.0671875 0.103125
0 0.2453125 0.084375 0.059375 0.096875
0 0.2546875 0.1828125 0.05234375 0.075
0 0.25703125 0.2796875 0.06171875 0.10703125
0 0.26015625 0.375 0.0734375 0.10703125
0 0.2609375 0.48515625 0.075 0.0890625
0 0.2671875 0.578125 0.053125 0.084375
0 0.2734375 0.66875 0.05 0.0875
0 0.27265625 0.76875 0.04921875 0.084375
0 0.28203125 0.865625 0.0546875 0.09140625
0 0.28984375 0.95078125 0.05 0.0671875
0 0.15546875 0.07109375 0.0734375 0.1046875
0 0.15546875 0.178125 0.06875 0.08125
0 0.16171875 0.28046875 0.07421875 0.0953125
0 0.159375 0.37890625 0.06328125 0.09453125
0 0.17421875 0.48125 0.0578125 0.08828125
0 0.178125 0.5828125 0.06796875 0.09375
0 0.18046875 0.68359375 0.0640625 0.08046875
0 0.19296875 0.77265625 0.0609375 0.09921875
0 0.190625 0.86640625 0.04765625 0.09296875
0 0.20234375 0.96015625 0.05546875 0.07890625
0 0.0578125 0.06796875 0.071875 0.0875
0 0.05625 0.178125 0.06875 0.096875
0 0.05859375 0.28359375 0.06015625 0.09453125
0 0.06796875 0.38984375 0.06640625 0.1046875
0 0.0828125 0.49453125 0.0671875 0.0765625
0 0.08984375 0.59375 0.05546875 0.07890625
0 0.08671875 0.7 0.0703125 0.09765625
0 0.103125 0.78359375 0.059375 0.09375
0 0.10234375 0.88515625 0.06875 0.10234375