0 0.96953125 0.5953125 0.0609375 0.1484375
0 0.8875 0.70078125 0.09296875 0.13046875
0 0.79140625 0.8109375 0.0859375 0.1265625
0 0.68046875 0.92578125 0.09609375 0.12890625
0 0.9265625 0.340625 0.0640625 0.11796875
0 0.84765625 0.4390625 0.06328125 0.11171875
0 0.76015625 0.52265625 0.07890625 0.10859375
0 0.64765625 0.6140625 0.078125 0.13359375
0 0.5359375 0.696875 0.078125 0.13125
0 0.4 0.80234375 0.08359375 0.125
0 0.25078125 0.93359375 0.0796875 0.1328125
0 0.95 0.07265625 0.04375 0.0703125
0 0.88515625 0.13125 0.06484375 0.0921875
0 0.81015625 0.19765625 0.0578125 0.09140625
0 0.7265625 0.2796875 0.0640625 0.103125
0 0.63359375 0.365625 0.07578125 0.12421875
0 0.5359375 0.4453125 0.07421875 0.11171875
0 0.41875 0.528125 0.0640625 0.11953125
0 0.271875 0.6125 0.06171875 0.11484375
0 0.14453125 0.7171875 0.07578125 0.128125
0 0.70390625 0.07890625 0.065625 0.10234375
0 0.6234375 0.15546875 0.065625 0.10078125
0 0.5234375 0.2375 0.0703125 0.128125
0 0.428125 0.2921875 0.06875 0.128125
0 0.309375 0.39765625 0.06328125 0.12265625
0 0.190625 0.4734375 0.07578125 0.128125
0 0.05546875 0.571875 0.08203125 0.1203125
0 0.52578125 0.06640625 0.0734375 0.103125
0 0.428125 0.146875 0.078125 0.11171875
0 0.340625 0.2 0.0671875 0.115625
0 0.23359375 0.26875 0.078125 0.13203125
0 0.10390625 0.3578125 0.0703125 0.12109375
0 0.34140625 0.053125 0.06328125 0.10625
0 0.25078125 0.121875 0.06796875 0.10859375
0 0.1875 0.04765625 0.059375 0.0953125
0 0.15234375 0.19140625 0.078125 0.1296875
0 0.05234375 0.259375 0.065625 0.11640625
0 0.09453125 0.11328125 0.071875 0.11953125
0 0.04296875 0.05 0.053125 0.1