0 0.84921875 0.03515625 0.0421875 0.06875
0 0.78046875 0.08203125 0.04765625 0.08125
0 0.353125 0.0578125 0.07109375 0.11328125
0 0.490625 0.10625 0.059375 0.10234375
0 0.15234375 0.14453125 0.06328125 0.121875
0 0.20625 0.24296875 0.07734375 0.12890625
0 0.70703125 0.26875 0.06171875 0.1109375
0 0.03515625 0.1953125 0.0703125 0.11171875
0 0.30625 0.503125 0.08359375 0.1265625
0 0.3125 0.19375 0.06015625 0.1046875
0 0.84765625 0.184375 0.05546875 0.0984375
0 0.4640625 0.25 0.065625 0.11171875
0 0.7109375 0.12421875 0.0671875 0.09921875
0 0.559375 0.740625 0.07890625 0.14296875
0 0.56875 0.0640625 0.05859375 0.09453125
0 0.6296875 0.30546875 0.07734375 0.13203125
0 0.4046875 0.14140625 0.0703125 0.1078125
0 0.55546875 0.20859375 0.05546875 0.109375
0 0.4265625 0.41796875 0.0671875 0.1203125
0 0.76953125 0.85859375 0.09140625 0.15
0 0.52578125 0.3625 0.06640625 0.10546875
0 0.44296875 0.0390625 0.0578125 0.078125
0 0.640625 0.16953125 0.0640625 0.08828125
0 0.253125 0.1046875 0.05859375 0.1
0 0.8640625 0.34296875 0.05859375 0.11015625
0 0.78671875 0.234375 0.06328125 0.11171875
0 0.9328125 0.14375 0.053125 0.08046875
0 0.9640625 0.69609375 0.071875 0.1546875
0 0.67109375 0.653125 0.0765625 0.13671875
0 0.1234375 0.43671875 0.075 0.1375
0 0.68984375 0.428125 0.0625 0.10546875
0 0.21484375 0.03359375 0.065625 0.0671875
0 0.93046875 0.303125 0.065625 0.11015625
0 0.5859375 0.48203125 0.075 0.11953125
0 0.36171875 0.303125 0.06171875 0.11875
0 0.87734375 0.76015625 0.09609375 0.1375
0 0.64765625 0.03671875 0.05703125 0.0734375
0 0.034375 0.68984375 0.06875 0.146875
0 0.0875 0.3109375 0.07734375 0.11953125
0 0.10859375 0.059375 0.0578125 0.08984375
0 0.7765625 0.3796875 0.05859375 0.10390625
0 0.17109375 0.59609375 0.0828125 0.1515625
0 0.2515625 0.36015625 0.07265625 0.103125
0 0.22734375 0.775 0.1109375 0.1765625
0 0.36796875 0.64296875 0.09921875 0.13515625
0 0.30546875 0.94765625 0.08828125 0.0984375
0 0.77578125 0.575 0.08671875 0.14375
0 0.9484375 0.47265625 0.08203125 0.125
0 0.86875 0.54765625 0.0734375 0.1625
0 0.646875 0.93359375 0.084375 0.13203125
0 0.48125 0.56640625 0.07109375 0.121875
0 0.42734375 0.84453125 0.07109375 0.128125
0 0.0796875 0.878125 0.07265625 0.14375