0 0.86171875 0.22578125 0.075 0.14140625
0 0.25625 0.51796875 0.0765625 0.12578125
0 0.509375 0.0703125 0.0625 0.08828125
0 0.49453125 0.62265625 0.0796875 0.13671875
0 0.22578125 0.059375 0.06875 0.10546875
0 0.34375 0.72265625 0.08046875 0.14609375
0 0.7625 0.26015625 0.07109375 0.1265625
0 0.6390625 0.55703125 0.07734375 0.1546875
0 0.3953125 0.11484375 0.0484375 0.07734375
0 0.77265625 0.11015625 0.06640625 0.1140625
0 0.3390625 0.028125 0.05625 0.05546875
0 0.346875 0.26640625 0.0734375 0.1390625
0 0.8640625 0.065625 0.065625 0.1
0 0.60390625 0.0453125 0.0640625 0.090625
0 0.67265625 0.14765625 0.07109375 0.10703125
0 0.9390625 0.1796875 0.06953125 0.13359375
0 0.47265625 0.24375 0.07109375 0.11640625
0 0.07109375 0.62578125 0.08125 0.1375
0 0.8609375 0.67578125 0.06796875 0.1125
0 0.54296875 0.35234375 0.08046875 0.12890625
0 0.6640625 0.31015625 0.06484375 0.134375
0 0.08984375 0.121875 0.0703125 0.090625
0 0.140625 0.2171875 0.0734375 0.10625
0 0.2796875 0.17109375 0.06640625 0.11640625
0 0.9390625 0.03359375 0.0734375 0.06640625
0 0.87109375 0.9640625 0.0890625 0.071875
0 0.0515625 0.0328125 0.07734375 0.065625
0 0.41484375 0.43984375 0.06640625 0.12734375
0 0.69609375 0.02578125 0.06875 0.05078125
0 0.57734375 0.18046875 0.06015625 0.1
0 0.7609375 0.478125 0.06171875 0.1203125
0 0.965625 0.35859375 0.0671875 0.13671875
0 0.74609375 0.74375 0.0640625 0.11015625
0 0.5953125 0.825 0.07421875 0.12890625
0 0.1578125 0.84765625 0.06796875 0.11875
0 0.84921875 0.41328125 0.053125 0.0953125
0 0.96484375 0.60078125 0.0703125 0.1109375
0 0.19921875 0.34140625 0.0546875 0.0953125
0 0.028125 0.4390625 0.05625 0.12109375