0 0.09609375 0.15859375 0.05703125 0.08125
0 0.30234375 0.0375 0.05078125 0.075
0 0.975 0.04140625 0.05 0.0828125
0 0.26171875 0.2203125 0.0484375 0.09140625
0 0.7625 0.0453125 0.0609375 0.090625
0 0.13515625 0.28828125 0.0546875 0.096875
0 0.35546875 0.15 0.05078125 0.08359375
0 0.50546875 0.19921875 0.03828125 0.0671875
0 0.20625 0.0890625 0.05390625 0.09453125
0 0.9078125 0.2515625 0.07734375 0.12265625
0 0.42578125 0.66171875 0.0609375 0.1296875
0 0.80859375 0.5578125 0.065625 0.14921875
0 0.68359375 0.0859375 0.06015625 0.0984375
0 0.82109375 0.1296875 0.053125 0.0984375
0 0.3125 0.35078125 0.0609375 0.115625
0 0.0203125 0.36484375 0.040625 0.09375
0 0.909375 0.71640625 0.06484375 0.125
0 0.71015625 0.6515625 0.07109375 0.13984375
0 0.30234375 0.7765625 0.06640625 0.13984375
0 0.3625 0.5015625 0.05703125 0.1109375
0 0.74765625 0.20078125 0.06328125 0.1
0 0.97890625 0.20703125 0.0421875 0.14140625
0 0.903125 0.08515625 0.0609375 0.090625
0 0.59453125 0.14296875 0.046875 0.08125
0 0.25 0.571875 0.04765625 0.0953125
0 0.06875 0.51015625 0.0578125 0.109375
0 0.6359375 0.4578125 0.04765625 0.09765625
0 0.978125 0.39375 0.04375 0.14140625
0 0.02890625 0.9421875 0.0578125 0.11015625
0 0.734375 0.40078125 0.06875 0.1109375
0 0.66328125 0.2671875 0.0578125 0.10859375
0 0.446875 0.0859375 0.05390625 0.08828125
0 0.534375 0.56484375 0.06640625 0.1109375
0 0.18984375 0.4265625 0.05390625 0.090625
0 0.56953125 0.340625 0.0546875 0.1078125
0 0.46796875 0.4046875 0.0515625 0.10625
0 0.703125 0.93671875 0.06796875 0.1265625
0 0.49453125 0.86328125 0.06171875 0.14609375
0 0.38125 0.95625 0.06875 0.0875
0 0.9109375 0.47578125 0.0625 0.1171875
0 0.5359375 0.034375 0.0546875 0.06875
0 0.171875 0.86640625 0.075 0.1171875
0 0.82421875 0.325 0.08203125 0.11015625
0 0.81953125 0.8109375 0.0609375 0.0953125
0 0.61875 0.7578125 0.0609375 0.11953125
0 0.41171875 0.27734375 0.04375 0.10546875
0 0.1203125 0.671875 0.06640625 0.10859375