0 0.090625 0.90234375 0.115625 0.1953125
0 0.0859375 0.73046875 0.0828125 0.14609375
0 0.06796875 0.5890625 0.08203125 0.13125
0 0.0578125 0.45078125 0.09453125 0.125
0 0.0515625 0.3484375 0.08046875 0.1265625
0 0.0515625 0.25234375 0.0703125 0.0875
0 0.04453125 0.178125 0.06875 0.084375
0 0.1359375 0.046875 0.06875 0.09375
0 0.1421875 0.13515625 0.07109375 0.096875
0 0.17265625 0.20078125 0.0765625 0.0890625
0 0.17734375 0.2765625 0.07109375 0.1015625
0 0.196875 0.37578125 0.08515625 0.12421875
0 0.21484375 0.48046875 0.09296875 0.13515625
0 0.25 0.615625 0.10703125 0.15625
0 0.2625 0.75390625 0.1 0.16640625
0 0.3109375 0.940625 0.090625 0.11875
0 0.5125 0.83046875 0.12890625 0.12578125
0 0.453125 0.659375 0.0890625 0.1484375
0 0.40703125 0.52421875 0.09140625 0.15703125
0 0.36171875 0.4078125 0.08828125 0.1484375
0 0.33046875 0.3265625 0.04140625 0.078125
0 0.3 0.22890625 0.053125 0.10859375
0 0.27734375 0.15234375 0.04765625 0.09765625
0 0.265625 0.08046875 0.06328125 0.0984375
0 0.37109375 0.0375 0.0578125 0.075
0 0.4015625 0.09609375 0.0796875 0.11953125
0 0.42890625 0.17578125 0.06875 0.096875
0 0.4625 0.25546875 0.065625 0.115625
0 0.5015625 0.34453125 0.07421875 0.11328125
0 0.55234375 0.43984375 0.0890625 0.14296875
0 0.603125 0.5796875 0.08515625 0.15078125
0 0.6703125 0.721875 0.08359375 0.1328125
0 0.73125 0.940625 0.08515625 0.11875
0 0.88828125 0.83828125 0.1078125 0.22109375
0 0.80546875 0.61953125 0.07421875 0.1515625
0 0.7359375 0.49765625 0.08125 0.121875
0 0.68125 0.39609375 0.075 0.14296875
0 0.62421875 0.2890625 0.06328125 0.11953125
0 0.584375 0.19609375 0.065625 0.1296875
0 0.5390625 0.12265625 0.0578125 0.10859375
0 0.5015625 0.05234375 0.0609375 0.1046875
0 0.59453125 0.03515625 0.0546875 0.0703125
0 0.640625 0.08515625 0.05703125 0.1125
0 0.6859375 0.15078125 0.06875 0.1015625
0 0.73671875 0.22109375 0.06875 0.121875
0 0.79453125 0.32265625 0.06953125 0.128125
0 0.7375 0.04921875 0.05078125 0.09765625
0 0.7859375 0.103125 0.0578125 0.0875
0 0.83515625 0.16953125 0.07421875 0.115625
0 0.8734375 0.05390625 0.06171875 0.09453125
0 0.92890625 0.1453125 0.046875 0.090625
0 0.90078125 0.26875 0.0765625 0.13828125
0 0.8625 0.41484375 0.065625 0.109375
0 0.965625 0.36953125 0.06796875 0.18203125
0 0.940625 0.56640625 0.0875 0.15546875