0 0.953125 0.809375 0.0453125 0.0875
0 0.896875 0.903125 0.046875 0.0953125
0 0.96328125 0.51953125 0.04140625 0.08671875
0 0.915625 0.58359375 0.04375 0.06484375
0 0.86171875 0.62734375 0.0640625 0.10078125
0 0.796875 0.684375 0.0453125 0.08046875
0 0.71640625 0.78125 0.06015625 0.12578125
0 0.63828125 0.88984375 0.05390625 0.10546875
0 0.925 0.35078125 0.03359375 0.0703125
0 0.88203125 0.38125 0.0453125 0.07578125
0 0.8125 0.43046875 0.05390625 0.096875
0 0.76328125 0.48046875 0.0484375 0.08984375
0 0.703125 0.534375 0.053125 0.0984375
0 0.61484375 0.60703125 0.05390625 0.09375
0 0.521875 0.65859375 0.0578125 0.11484375
0 0.42578125 0.76015625 0.07578125 0.134375
0 0.31640625 0.83125 0.05703125 0.1015625
0 0.9546875 0.125 0.04453125 0.06953125
0 0.89921875 0.16015625 0.03671875 0.0671875
0 0.846875 0.22578125 0.0359375 0.06015625
0 0.80234375 0.26796875 0.04296875 0.06796875
0 0.74453125 0.2984375 0.059375 0.0859375
0 0.66953125 0.33515625 0.06484375 0.09140625
0 0.609375 0.38359375 0.0671875 0.1015625
0 0.53046875 0.4265625 0.07109375 0.11484375
0 0.44609375 0.48984375 0.06640625 0.1046875
0 0.334375 0.55546875 0.0515625 0.09375
0 0.2265625 0.64296875 0.07265625 0.10546875
0 0.13125 0.72109375 0.046875 0.0953125
0 0.76953125 0.0984375 0.0359375 0.0671875
0 0.72265625 0.15703125 0.05546875 0.0734375
0 0.65703125 0.19609375 0.0453125 0.07421875
0 0.59609375 0.21953125 0.05078125 0.08671875
0 0.525 0.25234375 0.046875 0.07890625
0 0.446875 0.29140625 0.065625 0.10078125
0 0.359375 0.32890625 0.05703125 0.11171875
0 0.2671875 0.3984375 0.065625 0.11328125
0 0.159375 0.471875 0.05546875 0.0859375
0 0.0578125 0.55546875 0.065625 0.11875
0 0.57578125 0.0875 0.04609375 0.096875
0 0.51484375 0.11328125 0.04765625 0.0890625
0 0.4421875 0.14453125 0.0484375 0.078125
0 0.36875 0.1734375 0.05078125 0.0890625
0 0.2828125 0.21328125 0.0578125 0.09921875
0 0.19296875 0.2671875 0.053125 0.10078125
0 0.10625 0.325 0.07421875 0.10859375
0 0.446875 0.040625 0.04609375 0.0671875
0 0.38125 0.0546875 0.05625 0.07890625
0 0.3109375 0.08046875 0.065625 0.09609375
0 0.22578125 0.11875 0.06171875 0.0859375
0 0.13515625 0.159375 0.053125 0.10390625
0 0.04453125 0.2171875 0.05078125 0.0984375
0 0.1671875 0.0390625 0.046875 0.07734375
0 0.08359375 0.08359375 0.05 0.08046875