0 0.0390625 0.43984375 0.07734375 0.42734375
0 0.11640625 0.1390625 0.09375 0.278125
0 0.18125 0.22265625 0.0546875 0.27578125
0 0.1109375 0.55390625 0.065625 0.22734375
0 0.17734375 0.72890625 0.0953125 0.33203125
0 0.25234375 0.375 0.0609375 0.2921875
0 0.26875 0.12734375 0.0828125 0.25390625
0 0.2 0.09296875 0.046875 0.1859375
0 0.340625 0.16953125 0.0796875 0.33828125
0 0.4296875 0.2328125 0.0828125 0.31171875
0 0.33203125 0.4640625 0.0546875 0.29375
0 0.45859375 0.62421875 0.08671875 0.3328125
0 0.55859375 0.67421875 0.06953125 0.284375
0 0.528125 0.290625 0.1109375 0.303125
0 0.503125 0.078125 0.06953125 0.15546875
0 0.559375 0.06484375 0.0515625 0.1296875
0 0.62578125 0.0609375 0.0515625 0.121875
0 0.67421875 0.1671875 0.084375 0.20703125
0 0.63125 0.33515625 0.090625 0.33828125
0 0.753125 0.37265625 0.1265625 0.3140625
0 0.78671875 0.16015625 0.084375 0.17109375
0 0.81875 0.046875 0.06875 0.09375
0 0.9078125 0.03828125 0.06484375 0.07578125
0 0.90625 0.13046875 0.06875 0.13984375
0 0.9078125 0.24296875 0.08359375 0.23515625
0 0.90078125 0.46875 0.08515625 0.29609375
0 0.72421875 0.75546875 0.140625 0.47578125
0 0.89609375 0.7921875 0.1890625 0.415625