0 0.16953125 0.7125 0.15 0.190625
0 0.0765625 0.58203125 0.12890625 0.1671875
0 0.08984375 0.42890625 0.125 0.13515625
0 0.1109375 0.325 0.11796875 0.103125
0 0.14140625 0.23671875 0.07890625 0.06328125
0 0.18359375 0.1578125 0.0609375 0.075
0 0.11484375 0.1796875 0.05625 0.0484375
0 0.19296875 0.0859375 0.059375 0.06484375
0 0.20078125 0.0265625 0.059375 0.05234375
0 0.125 0.03671875 0.0546875 0.06015625
0 0.2734375 0.05390625 0.05703125 0.0640625
0 0.265625 0.125 0.06953125 0.08984375
0 0.25078125 0.2125 0.09375 0.08203125
0 0.2203125 0.30234375 0.09140625 0.11171875
0 0.2203125 0.4140625 0.1 0.1
0 0.19453125 0.546875 0.09765625 0.10625
0 0.31875 0.5421875 0.10078125 0.1109375
0 0.3203125 0.690625 0.12421875 0.10703125
0 0.29453125 0.89140625 0.10234375 0.1453125
0 0.121875 0.91953125 0.11328125 0.1453125
0 0.4609375 0.6734375 0.0921875 0.13203125
0 0.471875 0.8859375 0.134375 0.17734375
0 0.62421875 0.8671875 0.0984375 0.15078125
0 0.6140625 0.65 0.10546875 0.12890625
0 0.5953125 0.51328125 0.1015625 0.128125
0 0.76875 0.66875 0.096875 0.16953125
0 0.80390625 0.88125 0.1140625 0.2265625
0 0.95625 0.85625 0.0875 0.15703125
0 0.9171875 0.6546875 0.10234375 0.1546875
0 0.87109375 0.48828125 0.096875 0.12734375
0 0.7359375 0.503125 0.1171875 0.1328125
0 0.70234375 0.36640625 0.0921875 0.11015625
0 0.8265625 0.36328125 0.0828125 0.1125
0 0.57578125 0.38046875 0.1046875 0.12578125
0 0.45546875 0.390625 0.10625 0.12734375
0 0.46171875 0.52421875 0.1078125 0.1296875
0 0.4515625 0.2734375 0.09453125 0.11484375
0 0.33046875 0.4046875 0.09375 0.125
0 0.33828125 0.2890625 0.090625 0.11875
0 0.3484375 0.1890625 0.084375 0.090625
0 0.45625 0.171875 0.08515625 0.10859375
0 0.571875 0.271875 0.0796875 0.0859375
0 0.5578125 0.1609375 0.0828125 0.0921875
0 0.46015625 0.08359375 0.071875 0.078125
0 0.35390625 0.10625 0.06640625 0.09375
0 0.36328125 0.0375 0.0578125 0.06640625
0 0.453125 0.03359375 0.05859375 0.06640625
0 0.55234375 0.015625 0.07421875 0.03125
0 0.5515625 0.075 0.07734375 0.084375
0 0.6453125 0.0140625 0.07421875 0.02734375
0 0.6515625 0.0671875 0.0765625 0.07578125
0 0.66328125 0.159375 0.08203125 0.11171875
0 0.6859375 0.2578125 0.0953125 0.1046875
0 0.8 0.24765625 0.07734375 0.10546875
0 0.778125 0.15703125 0.07109375 0.09375
0 0.75703125 0.065625 0.0765625 0.0734375
0 0.73515625 0.0140625 0.0765625 0.028125
0 0.85859375 0.053125 0.078125 0.0734375
0 0.875 0.13203125 0.0734375 0.07890625
0 0.93359375 0.221875 0.084375 0.1046875
0 0.96484375 0.3578125 0.0703125 0.134375
0 0.975 0.1328125 0.05 0.1
0 0.95859375 0.0515625 0.08046875 0.084375