0 0.65859375 0.0375 0.0578125 0.075
0 0.53828125 0.0953125 0.0515625 0.08671875
0 0.4078125 0.040625 0.05859375 0.08125
0 0.11015625 0.06328125 0.046875 0.08359375
0 0.14140625 0.32734375 0.06015625 0.125
0 0.6015625 0.0640625 0.0515625 0.08203125
0 0.46171875 0.4875 0.06171875 0.10234375
0 0.3359375 0.0703125 0.0625 0.09609375
0 0.028125 0.1109375 0.05234375 0.09609375
0 0.10234375 0.55625 0.07578125 0.134375
0 0.08671875 0.20546875 0.05703125 0.1125
0 0.8078125 0.221875 0.06875 0.109375
0 0.1703125 0.16171875 0.05859375 0.08828125
0 0.3890625 0.3390625 0.06640625 0.11953125
0 0.65 0.79453125 0.05 0.109375
0 0.1625 0.7140625 0.07265625 0.12265625
0 0.28359375 0.61484375 0.0640625 0.10390625
0 0.47109375 0.02734375 0.0546875 0.05390625
0 0.69140625 0.3 0.07265625 0.12421875
0 0.21171875 0.47109375 0.07109375 0.13515625
0 0.6328125 0.5625 0.059375 0.10390625
0 0.2 0.02734375 0.05078125 0.0546875
0 0.0421875 0.81328125 0.07578125 0.140625
0 0.54921875 0.41484375 0.0640625 0.11015625
0 0.31875 0.22734375 0.05546875 0.08828125
0 0.66796875 0.153125 0.05859375 0.08984375
0 0.25859375 0.11875 0.05 0.08828125
0 0.31171875 0.4171875 0.06171875 0.1109375
0 0.73359375 0.71953125 0.059375 0.1078125
0 0.6125 0.3671875 0.0625 0.09453125
0 0.471875 0.15 0.05234375 0.08984375
0 0.83203125 0.375 0.06640625 0.10234375
0 0.38203125 0.54296875 0.06328125 0.14140625
0 0.6078125 0.19765625 0.053125 0.0921875
0 0.87109375 0.56796875 0.071875 0.12109375
0 0.79375 0.08984375 0.059375 0.09609375
0 0.53828125 0.24140625 0.0515625 0.0921875
0 0.82265625 0.853125 0.06953125 0.10703125
0 0.040625 0.396875 0.06171875 0.1125
0 0.2375 0.26953125 0.040625 0.0828125
0 0.4671875 0.71953125 0.06484375 0.115625
0 0.56015625 0.63046875 0.0625 0.11171875
0 0.24609375 0.925 0.09296875 0.15
0 0.4734375 0.30625 0.05 0.0953125
0 0.77265625 0.44453125 0.06953125 0.1140625
0 0.6984375 0.49140625 0.07421875 0.1265625
0 0.38984375 0.18671875 0.0578125 0.11484375
0 0.35703125 0.81953125 0.0546875 0.1171875
0 0.56484375 0.92109375 0.06484375 0.10390625