0 0.1421875 0.18125 0.04921875 0.07265625
0 0.91171875 0.18984375 0.0765625 0.1375
0 0.309375 0.2578125 0.06015625 0.11015625
0 0.09765625 0.05546875 0.05625 0.08515625
0 0.5984375 0.0671875 0.05859375 0.10078125
0 0.9125 0.92578125 0.08125 0.14765625
0 0.01953125 0.25234375 0.03828125 0.090625
0 0.8390625 0.2609375 0.07109375 0.1078125
0 0.059375 0.42578125 0.06640625 0.0984375
0 0.3578125 0.053125 0.06328125 0.10625
0 0.4125 0.1796875 0.06484375 0.11015625
0 0.91015625 0.03828125 0.0625 0.07578125
0 0.578125 0.946875 0.08515625 0.1
0 0.46875 0.3234375 0.06171875 0.1046875
0 0.684375 0.03671875 0.06875 0.07265625
0 0.97734375 0.1453125 0.0453125 0.1484375
0 0.51328125 0.125 0.059375 0.10234375
0 0.74609375 0.1234375 0.0609375 0.1078125
0 0.74609375 0.32109375 0.06484375 0.12734375
0 0.190625 0.33671875 0.06171875 0.11328125
0 0.540625 0.4671875 0.04375 0.08515625
0 0.81875 0.4703125 0.06640625 0.1171875
0 0.23515625 0.95625 0.065625 0.08046875
0 0.26171875 0.12421875 0.05859375 0.09375
0 0.24921875 0.49296875 0.059375 0.11328125
0 0.31328125 0.675 0.06875 0.1546875
0 0.66640625 0.1859375 0.05625 0.09609375
0 0.8421875 0.07265625 0.06640625 0.0984375
0 0.10546875 0.590625 0.06171875 0.12265625
0 0.7171875 0.5515625 0.0625 0.14375
0 0.159375 0.78671875 0.059375 0.13046875
0 0.64453125 0.390625 0.05859375 0.103125
0 0.915625 0.38046875 0.07890625 0.128125
0 0.359375 0.40234375 0.05859375 0.10546875
0 0.0265625 0.88203125 0.05234375 0.103125
0 0.4234375 0.58125 0.06640625 0.1453125
0 0.81171875 0.73046875 0.071875 0.13671875
0 0.92421875 0.634375 0.084375 0.1328125
0 0.6296875 0.6515625 0.05859375 0.103125
0 0.50625 0.7578125 0.08671875 0.14765625
0 0.38203125 0.89140625 0.06484375 0.1390625
0 0.565625 0.25703125 0.0546875 0.10078125