0 0.8859375 0.6703125 0.1421875 0.1953125
0 0.7875 0.76796875 0.11484375 0.175
0 0.68359375 0.89375 0.1421875 0.2125
0 0.921875 0.32109375 0.09453125 0.13203125
0 0.84765625 0.425 0.10234375 0.15859375
0 0.73671875 0.53828125 0.0796875 0.115625
0 0.63984375 0.62734375 0.1140625 0.16796875
0 0.5453125 0.75 0.09609375 0.1640625
0 0.41171875 0.87109375 0.1203125 0.1859375
0 0.88046875 0.09765625 0.084375 0.11484375
0 0.8125 0.20546875 0.07578125 0.1171875
0 0.7171875 0.3125 0.08046875 0.12734375
0 0.6265625 0.4046875 0.0984375 0.14921875
0 0.52578125 0.4875 0.1078125 0.17265625
0 0.4140625 0.5921875 0.10390625 0.15625
0 0.30703125 0.68046875 0.1171875 0.17265625
0 0.159375 0.78671875 0.11875 0.18984375
0 0.76328125 0.03828125 0.0625 0.07578125
0 0.69453125 0.1125 0.0625 0.1015625
0 0.6296875 0.22109375 0.084375 0.1171875
0 0.528125 0.309375 0.0734375 0.128125
0 0.4234375 0.39296875 0.0875 0.125
0 0.3203125 0.44375 0.07265625 0.1171875
0 0.2078125 0.5453125 0.0921875 0.1390625
0 0.0796875 0.64140625 0.08046875 0.14921875
0 0.60078125 0.04765625 0.06953125 0.09453125
0 0.515625 0.13125 0.07578125 0.10078125
0 0.440625 0.06484375 0.071875 0.09296875
0 0.43359375 0.2109375 0.071875 0.11640625
0 0.35546875 0.13203125 0.06875 0.096875
0 0.28515625 0.0625 0.053125 0.08046875
0 0.3375 0.2796875 0.075 0.1171875
0 0.26015625 0.1796875 0.0734375 0.109375
0 0.203125 0.1125 0.06640625 0.09765625
0 0.24140625 0.3375 0.075 0.109375
0 0.178125 0.24609375 0.0765625 0.115625
0 0.11328125 0.16484375 0.059375 0.1
0 0.06015625 0.0921875 0.05546875 0.10390625
0 0.1390625 0.41484375 0.0890625 0.15390625
0 0.07734375 0.31484375 0.07578125 0.1421875