0 0.23984375 0.6953125 0.09140625 0.14375
0 0.1625 0.59140625 0.10234375 0.13984375
0 0.18046875 0.46796875 0.0765625 0.1015625
0 0.2 0.37890625 0.09609375 0.11328125
0 0.209375 0.86171875 0.09375 0.14921875
0 0.340625 0.84140625 0.078125 0.171875
0 0.34921875 0.675 0.0921875 0.13046875
0 0.47265625 0.65859375 0.06484375 0.1171875
0 0.48046875 0.825 0.08828125 0.12421875
0 0.5953125 0.8015625 0.06796875 0.12578125
0 0.728125 0.79609375 0.10078125 0.1515625
0 0.87265625 0.8078125 0.1109375 0.1375
0 0.9796875 0.790625 0.040625 0.140625
0 0.94921875 0.64375 0.0890625 0.12578125
0 0.82578125 0.6546875 0.08671875 0.14921875
0 0.71015625 0.646875 0.08203125 0.128125
0 0.59296875 0.653125 0.09609375 0.12109375
0 0.5765625 0.528125 0.07578125 0.10703125
0 0.68125 0.52421875 0.096875 0.1171875
0 0.784375 0.5078125 0.06875 0.0921875
0 0.90234375 0.509375 0.07265625 0.11640625
0 0.96640625 0.38203125 0.06640625 0.11015625
0 0.878125 0.40703125 0.06640625 0.1234375
0 0.7640625 0.40390625 0.06953125 0.09375
0 0.66015625 0.421875 0.0921875 0.11171875
0 0.56875 0.41875 0.07890625 0.09609375
0 0.4671875 0.4265625 0.075 0.1046875
0 0.47265625 0.53828125 0.08671875 0.1015625
0 0.35234375 0.55625 0.07109375 0.11171875
0 0.2640625 0.56328125 0.0765625 0.109375
0 0.26953125 0.45 0.078125 0.0953125
0 0.3640625 0.434375 0.06875 0.10078125
0 0.27265625 0.3671875 0.05546875 0.08671875
0 0.21796875 0.2984375 0.05859375 0.06015625
0 0.228125 0.2390625 0.08046875 0.06875
0 0.30546875 0.28125 0.05703125 0.07890625
0 0.378125 0.2578125 0.0671875 0.0765625
0 0.37265625 0.34140625 0.0796875 0.08046875
0 0.4578125 0.3296875 0.08125 0.0859375
0 0.5453125 0.32734375 0.07734375 0.06875
0 0.64765625 0.32109375 0.0765625 0.09453125
0 0.7375 0.31171875 0.07265625 0.07734375
0 0.8390625 0.29765625 0.06796875 0.08828125
0 0.91875 0.29375 0.03984375 0.07265625
0 0.97421875 0.21015625 0.0515625 0.0984375
0 0.94609375 0.13984375 0.05625 0.06953125
0 0.86640625 0.15234375 0.0640625 0.0765625
0 0.88984375 0.21875 0.05859375 0.0765625
0 0.803125 0.2234375 0.075 0.06953125
0 0.71796875 0.2359375 0.05625 0.09765625
0 0.63125 0.23671875 0.06015625 0.08046875
0 0.5421875 0.24609375 0.06328125 0.08828125
0 0.46484375 0.24453125 0.065625 0.0859375
0 0.47109375 0.16953125 0.0578125 0.06640625
0 0.53984375 0.16875 0.06640625 0.078125
0 0.61953125 0.1640625 0.06484375 0.0796875
0 0.70390625 0.1578125 0.07578125 0.07890625
0 0.78203125 0.153125 0.06640625 0.07734375
0 0.75859375 0.09453125 0.05234375 0.07421875
0 0.83125 0.09765625 0.0546875 0.06796875
0 0.81171875 0.0421875 0.05859375 0.06328125
0 0.88203125 0.03828125 0.053125 0.0765625
0 0.90625 0.0765625 0.0515625 0.0546875
0 0.9828125 0.0734375 0.034375 0.0828125
0 0.95234375 0.0359375 0.0453125 0.071875
0 0.74453125 0.04296875 0.0609375 0.05546875
0 0.6828125 0.103125 0.04609375 0.0609375
0 0.67109375 0.05 0.05703125 0.05
0 0.609375 0.1046875 0.04609375 0.065625
0 0.60546875 0.05 0.0484375 0.0625
0 0.53359375 0.11015625 0.06171875 0.0609375
0 0.53046875 0.0546875 0.053125 0.06796875
0 0.4625 0.11953125 0.05 0.06484375
0 0.4609375 0.04765625 0.0578125 0.0765625
0 0.38203125 0.18828125 0.0625 0.084375
0 0.3859375 0.1375 0.05390625 0.05234375
0 0.3921875 0.0796875 0.0546875 0.06640625
0 0.4 0.028125 0.04765625 0.04765625
0 0.3421875 0.03046875 0.04453125 0.0609375
0 0.3328125 0.09375 0.06328125 0.05390625
0 0.31875 0.14921875 0.05625 0.0609375
0 0.3140625 0.20625 0.0609375 0.06484375
0 0.25234375 0.175 0.0515625 0.0609375
0 0.265625 0.1109375 0.0546875 0.06015625
0 0.28671875 0.046875 0.0515625 0.0578125
0 0.2328125 0.025 0.04375 0.05
0 0.20390625 0.11796875 0.06171875 0.09375
0 0.02109375 0.21640625 0.0421875 0.08125
0 0.0234375 0.3171875 0.046875 0.090625
0 0.0140625 0.09296875 0.028125 0.0859375
0 0.0796875 0.0328125 0.05703125 0.065625
0 0.05546875 0.065625 0.06015625 0.08359375
0 0.01875 0.0203125 0.0375 0.040625