0 0.04921875 0.903125 0.06328125 0.12890625
0 0.153125 0.77890625 0.06953125 0.11484375
0 0.10546875 0.61484375 0.03671875 0.07734375
0 0.0328125 0.36328125 0.05234375 0.09296875
0 0.0625 0.20625 0.0578125 0.10234375
0 0.02421875 0.09765625 0.0484375 0.1140625
0 0.0875 0.06484375 0.04296875 0.09609375
0 0.16484375 0.03828125 0.0453125 0.0703125
0 0.1359375 0.15 0.05078125 0.08984375
0 0.21171875 0.10625 0.0484375 0.1015625
0 0.278125 0.05546875 0.0484375 0.09140625
0 0.34296875 0.028125 0.03828125 0.05625
0 0.2640625 0.18203125 0.0515625 0.09375
0 0.18984375 0.23984375 0.04921875 0.078125
0 0.15859375 0.41796875 0.05546875 0.10703125
0 0.1109375 0.29765625 0.0265625 0.08046875
0 0.2359375 0.35390625 0.0515625 0.1078125
0 0.31875 0.2953125 0.0453125 0.09609375
0 0.334375 0.15234375 0.04453125 0.09375
0 0.403125 0.09140625 0.0453125 0.08203125
0 0.4609375 0.0546875 0.0390625 0.07890625
0 0.521875 0.03046875 0.046875 0.0609375
0 0.38359375 0.23515625 0.03671875 0.08046875
0 0.51875 0.14375 0.04296875 0.0765625
0 0.45625 0.19140625 0.040625 0.06796875
0 0.57890625 0.10234375 0.05 0.09375
0 0.6375 0.06015625 0.04296875 0.0671875
0 0.69921875 0.0359375 0.0578125 0.07109375
0 0.20546875 0.5640625 0.05703125 0.11875
0 0.24609375 0.7140625 0.06328125 0.12734375
0 0.309375 0.875 0.04609375 0.09765625
0 0.40234375 0.77265625 0.04921875 0.109375
0 0.3375 0.62734375 0.05546875 0.11015625
0 0.2828125 0.47578125 0.04921875 0.08984375
0 0.3640625 0.415625 0.05703125 0.10234375
0 0.4390625 0.3578125 0.04609375 0.0859375
0 0.50703125 0.28203125 0.0546875 0.09609375
0 0.57421875 0.2578125 0.06015625 0.0953125
0 0.6390625 0.1921875 0.0578125 0.09296875
0 0.69296875 0.16015625 0.04140625 0.08515625
0 0.74921875 0.12890625 0.04765625 0.08984375
0 0.7984375 0.09140625 0.034375 0.0625
0 0.84375 0.05234375 0.05390625 0.084375
0 0.88515625 0.03359375 0.04140625 0.06328125
0 0.925 0.02734375 0.04140625 0.05390625
0 0.425 0.54609375 0.04921875 0.096875
0 0.49609375 0.4765625 0.0515625 0.103125
0 0.55625 0.41328125 0.05234375 0.08828125
0 0.4859375 0.70078125 0.04609375 0.09609375
0 0.56328125 0.62578125 0.06484375 0.1125
0 0.61953125 0.53125 0.05 0.1
0 0.63828125 0.365625 0.05390625 0.096875
0 0.69296875 0.30703125 0.04453125 0.084375
0 0.7484375 0.24765625 0.0453125 0.08046875
0 0.80390625 0.21953125 0.04765625 0.11015625
0 0.8625 0.17734375 0.05859375 0.08125
0 0.9078125 0.1359375 0.053125 0.084375
0 0.94375 0.1078125 0.03515625 0.07578125
0 0.97578125 0.0859375 0.03359375 0.0703125
0 0.9671875 0.24453125 0.0453125 0.08359375
0 0.92109375 0.28828125 0.05703125 0.084375
0 0.86796875 0.32421875 0.06484375 0.0875
0 0.825 0.38125 0.0484375 0.08046875
0 0.79375 0.41953125 0.034375 0.06171875
0 0.7609375 0.43984375 0.04375 0.078125
0 0.69140625 0.484375 0.04765625 0.10625
0 0.4734375 0.95078125 0.06875 0.08671875
0 0.55546875 0.865625 0.06171875 0.10625
0 0.6328125 0.765625 0.0546875 0.09609375
0 0.69375 0.67421875 0.06171875 0.13828125
0 0.77265625 0.61953125 0.053125 0.10703125
0 0.8359375 0.5671875 0.04765625 0.0890625
0 0.8890625 0.50234375 0.04921875 0.08984375
0 0.9390625 0.453125 0.06015625 0.0859375
0 0.97734375 0.39140625 0.0453125 0.1078125
0 0.94453125 0.63203125 0.0421875 0.07734375
0 0.90546875 0.696875 0.0609375 0.10390625
0 0.84765625 0.7578125 0.053125 0.1
0 0.76875 0.8390625 0.0640625 0.1015625