0 0.23984375 0.096875 0.10390625 0.1
0 0.0578125 0.20390625 0.0765625 0.17109375
0 0.1359375 0.29921875 0.09765625 0.1625
0 0.209375 0.428125 0.109375 0.196875
0 0.3015625 0.49296875 0.1125 0.16640625
0 0.3796875 0.60859375 0.1140625 0.19765625
0 0.33203125 0.18125 0.08671875 0.14921875
0 0.4046875 0.2640625 0.10234375 0.125
0 0.490625 0.38125 0.08671875 0.14140625
0 0.5015625 0.06640625 0.0984375 0.1203125
0 0.590625 0.1390625 0.10546875 0.1234375
0 0.6859375 0.259375 0.0828125 0.15234375
0 0.86015625 0.13125 0.08984375 0.1609375
0 0.95546875 0.2171875 0.0765625 0.1921875
0 0.77890625 0.340625 0.1234375 0.134375
0 0.8625 0.4421875 0.08515625 0.11953125
0 0.9609375 0.54609375 0.078125 0.18046875
0 0.02265625 0.53046875 0.0453125 0.1359375
0 0.08828125 0.6421875 0.07890625 0.1125
0 0.175 0.77734375 0.09375 0.1234375
0 0.24921875 0.8828125 0.0984375 0.13515625
0 0.48984375 0.73828125 0.08125 0.1421875
0 0.58828125 0.84140625 0.12109375 0.1359375
0 0.69375 0.946875 0.1296875 0.10625
0 0.5875 0.4953125 0.0859375 0.14765625
0 0.67109375 0.6 0.06640625 0.121875
0 0.7921875 0.71640625 0.109375 0.1640625
0 0.87890625 0.83828125 0.10546875 0.1484375
0 0.98046875 0.9484375 0.0390625 0.103125