0 0.2546875 0.81796875 0.10234375 0.21484375
0 0.21171875 0.63359375 0.1015625 0.18359375
0 0.04609375 0.75390625 0.075 0.184375
0 0.08828125 0.93046875 0.115625 0.1390625
0 0.140625 0.51640625 0.08359375 0.184375
0 0.1046875 0.40703125 0.1 0.1578125
0 0.06484375 0.2921875 0.084375 0.13984375
0 0.03671875 0.20546875 0.0734375 0.1140625
0 0.11484375 0.08046875 0.0578125 0.08828125
0 0.1390625 0.1625 0.0609375 0.115625
0 0.190625 0.23125 0.05234375 0.10625
0 0.23984375 0.33046875 0.05703125 0.0796875
0 0.2890625 0.4125 0.08984375 0.121875
0 0.35078125 0.54765625 0.10078125 0.18515625
0 0.425 0.67890625 0.0984375 0.1734375
0 0.51796875 0.8609375 0.09921875 0.1546875
0 0.215625 0.0421875 0.071875 0.084375
0 0.26640625 0.1 0.08125 0.1375
0 0.3078125 0.1796875 0.06875 0.109375
0 0.35859375 0.25625 0.05234375 0.134375
0 0.35859375 0.06328125 0.06328125 0.1078125
0 0.446875 0.03515625 0.059375 0.0703125
0 0.40078125 0.12109375 0.06640625 0.09921875
0 0.5015625 0.0828125 0.059375 0.09375
0 0.4609375 0.19765625 0.07265625 0.1234375
0 0.415625 0.3671875 0.07421875 0.13515625
0 0.51484375 0.2953125 0.075 0.14140625
0 0.55390625 0.15546875 0.0765625 0.11484375
0 0.58671875 0.05234375 0.05078125 0.09453125
0 0.64375 0.1046875 0.0671875 0.09296875
0 0.73046875 0.05390625 0.0671875 0.1078125
0 0.90546875 0.0875 0.06171875 0.09921875
0 0.97109375 0.184375 0.0578125 0.1
0 0.8015625 0.1484375 0.0453125 0.0828125
0 0.7140625 0.18203125 0.078125 0.1328125
0 0.628125 0.2296875 0.06796875 0.12578125
0 0.5984375 0.3953125 0.07578125 0.12890625
0 0.484375 0.45859375 0.0734375 0.1546875
0 0.56484375 0.59609375 0.07578125 0.18828125
0 0.67734375 0.5375 0.0796875 0.16953125
0 0.69765625 0.33046875 0.0671875 0.1203125
0 0.81015625 0.278125 0.09140625 0.13984375
0 0.88515625 0.23671875 0.07421875 0.12265625
0 0.9015625 0.38515625 0.084375 0.1703125
0 0.98046875 0.3453125 0.03828125 0.1390625
0 0.79609375 0.4515625 0.0671875 0.1359375
0 0.9 0.60234375 0.10703125 0.1890625
0 0.7765625 0.678125 0.078125 0.171875
0 0.66015625 0.74921875 0.09375 0.1796875
0 0.91015625 0.87109375 0.1203125 0.22265625