0 0.68359375 0.92265625 0.1109375 0.1546875
0 0.73828125 0.84453125 0.05078125 0.08984375
0 0.63125 0.76875 0.1 0.15859375
0 0.5671875 0.8875 0.090625 0.17734375
0 0.540625 0.69375 0.071875 0.1484375
0 0.46640625 0.834375 0.0625 0.1125
0 0.465625 0.6609375 0.0546875 0.13828125
0 0.4046875 0.62109375 0.06171875 0.1453125
0 0.3921875 0.73125 0.06875 0.13671875
0 0.32890625 0.66875 0.0578125 0.11171875
0 0.28203125 0.6515625 0.03359375 0.0796875
0 0.25 0.62578125 0.03125 0.0703125
0 0.2015625 0.5890625 0.0359375 0.096875
0 0.27578125 0.81953125 0.08515625 0.18203125
0 0.9046875 0.73046875 0.0890625 0.178125
0 0.8375 0.63671875 0.0625 0.1359375
0 0.78125 0.73828125 0.06328125 0.14609375
0 0.69140625 0.6859375 0.08046875 0.1484375
0 0.6015625 0.65078125 0.053125 0.115625
0 0.5421875 0.58828125 0.065625 0.10234375
0 0.4390625 0.496875 0.0234375 0.06171875
0 0.39921875 0.50078125 0.0390625 0.08125
0 0.34765625 0.509375 0.04296875 0.078125
0 0.94453125 0.61015625 0.0890625 0.15625