0 0.778125 0.0515625 0.05625 0.09765625
0 0.8578125 0.03984375 0.05390625 0.0796875
0 0.68046875 0.0921875 0.0484375 0.0859375
0 0.82890625 0.14140625 0.06171875 0.11015625
0 0.21484375 0.1890625 0.07265625 0.1265625
0 0.91015625 0.11171875 0.05703125 0.08671875
0 0.30546875 0.040625 0.06796875 0.07890625
0 0.48359375 0.19609375 0.05390625 0.08203125
0 0.19609375 0.103125 0.07109375 0.0890625
0 0.23984375 0.309375 0.084375 0.1265625
0 0.96953125 0.19453125 0.0609375 0.1109375
0 0.06484375 0.159375 0.06640625 0.1015625
0 0.9765625 0.0734375 0.04609375 0.10859375
0 0.7359375 0.1796875 0.05625 0.10078125
0 0.6328125 0.02734375 0.05546875 0.05390625
0 0.571875 0.4109375 0.07265625 0.11640625
0 0.39453125 0.95546875 0.084375 0.08203125
0 0.44609375 0.50625 0.06875 0.121875
0 0.10625 0.3859375 0.0640625 0.09375
0 0.878125 0.22421875 0.071875 0.1296875
0 0.54921875 0.0484375 0.0515625 0.08984375
0 0.78515625 0.2796875 0.06640625 0.13125
0 0.63984375 0.234375 0.065625 0.1078125
0 0.41875 0.35859375 0.07265625 0.1234375
0 0.3609375 0.2484375 0.0734375 0.103125
0 0.33359375 0.134375 0.07109375 0.09921875
0 0.5328125 0.29375 0.06640625 0.1125
0 0.44609375 0.1015625 0.04375 0.0734375
0 0.34921875 0.7734375 0.07265625 0.1484375
0 0.9453125 0.3453125 0.06328125 0.11015625
0 0.1671875 0.02734375 0.07265625 0.0546875
0 0.1328125 0.52421875 0.09375 0.11796875
0 0.090625 0.2625 0.0734375 0.11328125
0 0.85390625 0.39453125 0.07421875 0.12734375
0 0.271875 0.4515625 0.07578125 0.13359375
0 0.759375 0.928125 0.090625 0.14375
0 0.59453125 0.1234375 0.05 0.09609375
0 0.5515625 0.853125 0.0796875 0.1421875
0 0.053125 0.059375 0.07265625 0.109375
0 0.81015625 0.6296875 0.0671875 0.1265625
0 0.190625 0.88984375 0.0734375 0.12421875
0 0.678125 0.73125 0.05546875 0.1125
0 0.159375 0.6984375 0.07265625 0.13125
0 0.49609375 0.659375 0.0640625 0.12109375
0 0.6875 0.353125 0.0671875 0.10625
0 0.31171875 0.5984375 0.06640625 0.1
0 0.91640625 0.54296875 0.05703125 0.11796875
0 0.89765625 0.825 0.065625 0.12734375
0 0.63203125 0.56484375 0.07734375 0.11171875
0 0.74296875 0.471875 0.0734375 0.11796875