0 0.0109375 0.01953125 0.01953125 0.03828125
0 0.0375 0.01640625 0.025 0.0328125
0 0.040625 0.0609375 0.02890625 0.0640625
0 0.01328125 0.0734375 0.02578125 0.07421875
0 0.0671875 0.03984375 0.02109375 0.0484375
0 0.09609375 0.02578125 0.025 0.04765625
0 0.1015625 0.0796875 0.02578125 0.07421875
0 0.07578125 0.09375 0.025 0.071875
0 0.04609375 0.121875 0.028125 0.05703125
0 0.01484375 0.14140625 0.0296875 0.06875
0 0.01640625 0.21328125 0.03203125 0.06953125
0 0.0484375 0.18984375 0.0328125 0.0765625
0 0.078125 0.1671875 0.02421875 0.059375
0 0.109375 0.15 0.02734375 0.0671875
0 0.13203125 0.0609375 0.0234375 0.071875
0 0.12578125 0.015625 0.0203125 0.03046875
0 0.13671875 0.1140625 0.0265625 0.05859375
0 0.1578125 0.04296875 0.0234375 0.08515625
0 0.16953125 0.0953125 0.0234375 0.075
0 0.0203125 0.29375 0.0296875 0.096875
0 0.05390625 0.265625 0.03203125 0.0890625
0 0.08515625 0.2390625 0.0359375 0.08828125
0 0.1203125 0.21875 0.0296875 0.090625
0 0.1484375 0.1921875 0.0328125 0.09609375
0 0.178125 0.16171875 0.02734375 0.08359375
0 0.02578125 0.390625 0.034375 0.096875
0 0.06015625 0.3625 0.03203125 0.1
0 0.09296875 0.3328125 0.02734375 0.0859375
0 0.13046875 0.30390625 0.02734375 0.0828125
0 0.16015625 0.275 0.02265625 0.0828125
0 0.19140625 0.234375 0.02578125 0.0921875
0 0.02734375 0.48515625 0.03125 0.09921875
0 0.06875 0.46640625 0.03515625 0.103125
0 0.103125 0.43125 0.03515625 0.12109375
0 0.1375 0.38984375 0.03046875 0.09609375
0 0.171875 0.34609375 0.03125 0.096875
0 0.20546875 0.32578125 0.03203125 0.09453125
0 0.03125 0.6 0.03515625 0.14765625
0 0.078125 0.56953125 0.04296875 0.13203125
0 0.11640625 0.52734375 0.0390625 0.11796875
0 0.15390625 0.50546875 0.034375 0.1203125
0 0.18828125 0.4453125 0.03671875 0.1265625
0 0.03671875 0.74375 0.0421875 0.1453125
0 0.08671875 0.69765625 0.0390625 0.12890625
0 0.04375 0.903125 0.0421875 0.19375
0 0.009375 0.9375 0.01875 0.125
0 0.00859375 0.7828125 0.01640625 0.13046875
0 0.09453125 0.83984375 0.04765625 0.18203125
0 0.10390625 0.9609375 0.034375 0.078125
0 0.15859375 0.9390625 0.046875 0.121875
0 0.12734375 0.64375 0.0375 0.15078125
0 0.16484375 0.6078125 0.0390625 0.1265625
0 0.1421875 0.79453125 0.03984375 0.18046875
0 0.184375 0.74296875 0.04375 0.17109375
0 0.20078125 0.9046875 0.0453125 0.18984375
0 0.24453125 0.8375 0.03984375 0.1421875
0 0.2234375 0.7046875 0.03515625 0.15625
0 0.20390625 0.57421875 0.0390625 0.13515625
0 0.31015625 0.93828125 0.0484375 0.1234375
0 0.28828125 0.79765625 0.04296875 0.1484375
0 0.2609375 0.66015625 0.0421875 0.1609375
0 0.24140625 0.5328125 0.03359375 0.14921875
0 0.35546875 0.9015625 0.03828125 0.153125
0 0.3921875 0.85078125 0.0421875 0.15546875
0 0.4296875 0.79609375 0.034375 0.153125
0 0.47421875 0.93515625 0.04453125 0.1296875
0 0.43125 0.9578125 0.0453125 0.084375
0 0.509375 0.8875 0.03515625 0.14140625
0 0.54609375 0.83359375 0.03046875 0.13125
0 0.46796875 0.74140625 0.04453125 0.1609375
0 0.503125 0.7046875 0.03125 0.140625
0 0.3265625 0.753125 0.040625 0.1609375
0 0.3578125 0.696875 0.0421875 0.16640625
0 0.3953125 0.66015625 0.03828125 0.1484375
0 0.43046875 0.6203125 0.03828125 0.1515625
0 0.63203125 0.93984375 0.03671875 0.1171875
0 0.66328125 0.903125 0.04609375 0.175
0 0.6953125 0.84453125 0.04140625 0.18671875
0 0.58125 0.796875 0.0375 0.171875
0 0.53828125 0.63203125 0.03984375 0.1703125
0 0.5640625 0.6046875 0.02734375 0.11640625
0 0.5953125 0.5671875 0.0375 0.1328125
0 0.6109375 0.73515625 0.03671875 0.175
0 0.64296875 0.7078125 0.03828125 0.16640625
0 0.6703125 0.6546875 0.03359375 0.14296875
0 0.728125 0.7984375 0.04375 0.18125
0 0.7875 0.92734375 0.04921875 0.1453125
0 0.82109375 0.90078125 0.04296875 0.196875
0 0.84375 0.84609375 0.0421875 0.2
0 0.8703125 0.80859375 0.04140625 0.16796875
0 0.8921875 0.7453125 0.03984375 0.146875
0 0.91875 0.70234375 0.034375 0.1171875
0 0.75546875 0.74140625 0.0375 0.159375
0 0.77890625 0.6953125 0.0453125 0.184375
0 0.80078125 0.64765625 0.0375 0.16015625
0 0.82734375 0.609375 0.0359375 0.13359375
0 0.8484375 0.57109375 0.03828125 0.14296875
0 0.87265625 0.53828125 0.03203125 0.11484375
0 0.8875 0.50390625 0.03828125 0.09921875
0 0.91484375 0.4640625 0.03046875 0.11015625
0 0.93984375 0.66015625 0.02890625 0.14375
0 0.93984375 0.9421875 0.06640625 0.11484375
0 0.97578125 0.84375 0.0484375 0.13984375
0 0.9609375 0.6015625 0.03828125 0.121875
0 0.98515625 0.54921875 0.02734375 0.1109375
0 0.93046875 0.41484375 0.03046875 0.10390625
0 0.94921875 0.39453125 0.0265625 0.10546875
0 0.96953125 0.35703125 0.03203125 0.13203125
0 0.99140625 0.30078125 0.0171875 0.1046875
0 0.6984375 0.5875 0.03515625 0.13359375
0 0.72421875 0.55390625 0.03125 0.109375
0 0.74921875 0.53046875 0.03515625 0.1390625
0 0.76953125 0.47890625 0.03359375 0.121875
0 0.7921875 0.45078125 0.0328125 0.1203125
0 0.81171875 0.42265625 0.02578125 0.11640625
0 0.83203125 0.38203125 0.034375 0.11640625
0 0.85390625 0.35234375 0.03046875 0.0953125
0 0.8734375 0.32109375 0.0296875 0.11171875
0 0.89296875 0.29921875 0.02734375 0.11328125
0 0.90859375 0.27890625 0.034375 0.12734375
0 0.93046875 0.25 0.02890625 0.0984375
0 0.94765625 0.2265625 0.0234375 0.08046875
0 0.95859375 0.2046875 0.0234375 0.10078125
0 0.97421875 0.1796875 0.02578125 0.090625
0 0.99296875 0.15859375 0.0140625 0.10703125
0 0.62421875 0.5203125 0.03125 0.1265625
0 0.646875 0.48671875 0.03359375 0.121875
0 0.671875 0.45703125 0.03125 0.11171875
0 0.6984375 0.415625 0.03046875 0.103125
0 0.71953125 0.38515625 0.02890625 0.11328125
0 0.7453125 0.35859375 0.03359375 0.12109375
0 0.76796875 0.32109375 0.03125 0.11328125
0 0.78515625 0.29765625 0.02734375 0.1
0 0.80390625 0.26328125 0.0265625 0.10703125
0 0.82578125 0.24140625 0.02890625 0.109375
0 0.84453125 0.21171875 0.021875 0.096875
0 0.8578125 0.196875 0.0203125 0.09453125
0 0.871875 0.17734375 0.02421875 0.096875
0 0.8921875 0.15703125 0.0203125 0.07578125
0 0.9046875 0.11953125 0.0203125 0.078125
0 0.92421875 0.10078125 0.0234375 0.0765625
0 0.9390625 0.084375 0.0203125 0.08203125
0 0.9515625 0.06484375 0.01875 0.06875
0 0.9671875 0.05 0.02265625 0.071875
0 0.97578125 0.03125 0.0171875 0.0625
0 0.8953125 0.03046875 0.025 0.06015625
0 0.88046875 0.04140625 0.0234375 0.0828125
0 0.86328125 0.06015625 0.02265625 0.06640625
0 0.84609375 0.08125 0.025 0.07734375
0 0.828125 0.0875 0.0203125 0.06796875
0 0.8140625 0.12421875 0.01875 0.0671875
0 0.79765625 0.1359375 0.01796875 0.07734375
0 0.77734375 0.15625 0.0234375 0.08203125
0 0.7578125 0.1859375 0.01953125 0.096875
0 0.7390625 0.21875 0.02421875 0.096875
0 0.71953125 0.228125 0.02265625 0.09453125
0 0.70078125 0.25546875 0.025 0.0953125
0 0.675 0.290625 0.0296875 0.1
0 0.653125 0.31875 0.0234375 0.1140625
0 0.6296875 0.3609375 0.03515625 0.1171875
0 0.60625 0.38125 0.03203125 0.1296875
0 0.578125 0.41328125 0.03125 0.11484375
0 0.55390625 0.44375 0.03125 0.1296875
0 0.52578125 0.4890625 0.03359375 0.15390625
0 0.496875 0.5296875 0.03203125 0.14609375
0 0.46484375 0.56640625 0.0375 0.1265625
0 0.78515625 0.0375 0.0203125 0.075
0 0.80546875 0.03828125 0.02109375 0.07578125
0 0.77421875 0.05390625 0.0296875 0.09375
0 0.7546875 0.0703125 0.02109375 0.08359375
0 0.71796875 0.0328125 0.01953125 0.06484375
0 0.7015625 0.0453125 0.0265625 0.090625
0 0.73828125 0.09609375 0.0234375 0.084375
0 0.71875 0.11484375 0.02265625 0.08984375
0 0.69921875 0.14140625 0.02265625 0.07734375
0 0.68203125 0.053125 0.02421875 0.10390625
0 0.63046875 0.025 0.02578125 0.05
0 0.66328125 0.07890625 0.0265625 0.0890625
0 0.6796875 0.153125 0.02421875 0.09609375
0 0.64609375 0.09453125 0.02421875 0.1015625
0 0.66015625 0.18046875 0.02890625 0.11796875
0 0.63828125 0.21328125 0.0296875 0.1203125
0 0.62421875 0.11015625 0.01953125 0.08671875
0 0.61015625 0.03671875 0.02421875 0.07265625
0 0.58984375 0.0515625 0.02734375 0.103125
0 0.60234375 0.12890625 0.02265625 0.09609375
0 0.61640625 0.23359375 0.0296875 0.12734375
0 0.5921875 0.265625 0.03046875 0.12109375
0 0.58125 0.16015625 0.028125 0.10703125
0 0.56875 0.06640625 0.02421875 0.084375
0 0.5421875 0.02578125 0.02421875 0.0515625
0 0.5484375 0.08125 0.02265625 0.0890625
0 0.559375 0.1875 0.02890625 0.11796875
0 0.56640625 0.28984375 0.0265625 0.109375
0 0.54296875 0.31875 0.0296875 0.1
0 0.534375 0.21640625 0.03203125 0.1109375
0 0.52734375 0.10234375 0.0265625 0.10859375
0 0.52265625 0.0265625 0.0296875 0.053125
0 0.49921875 0.040625 0.02578125 0.08125
0 0.50625 0.13359375 0.0296875 0.10859375
0 0.51015625 0.240625 0.025 0.11484375
0 0.51484375 0.3375 0.02734375 0.090625
0 0.48984375 0.384375 0.0265625 0.10859375
0 0.4828125 0.265625 0.02890625 0.09921875
0 0.484375 0.16171875 0.028125 0.0984375
0 0.48046875 0.06953125 0.025 0.0890625
0 0.3015625 0.6171875 0.03515625 0.14765625
0 0.33203125 0.5796875 0.0390625 0.125
0 0.36328125 0.53515625 0.03203125 0.140625
0 0.3984375 0.49140625 0.03203125 0.11953125
0 0.43125 0.45703125 0.0328125 0.13046875
0 0.45859375 0.40390625 0.03046875 0.11875
0 0.42734375 0.31640625 0.03125 0.11796875
0 0.45703125 0.28984375 0.02734375 0.1015625
0 0.403125 0.34609375 0.02734375 0.1046875
0 0.37265625 0.371875 0.028125 0.11015625
0 0.340625 0.4296875 0.03515625 0.11171875
0 0.3125 0.45078125 0.03203125 0.12734375
0 0.275 0.4921875 0.034375 0.13125
0 0.2546875 0.37578125 0.03515625 0.09609375
0 0.21953125 0.4234375 0.03203125 0.11171875
0 0.23828125 0.3015625 0.02421875 0.0921875
0 0.225 0.22109375 0.028125 0.11015625
0 0.21171875 0.125 0.03046875 0.12109375
0 0.19296875 0.08125 0.02578125 0.0828125
0 0.1859375 0.03046875 0.03046875 0.06015625
0 0.21171875 0.02265625 0.0203125 0.04453125
0 0.22578125 0.04296875 0.02890625 0.071875
0 0.2390625 0.11171875 0.028125 0.1078125
0 0.25234375 0.171875 0.03203125 0.0875
0 0.27265625 0.25390625 0.02890625 0.0921875
0 0.2890625 0.359375 0.034375 0.1125
0 0.25078125 0.0359375 0.0234375 0.071875
0 0.2609375 0.08046875 0.02421875 0.09140625
0 0.275 0.02421875 0.02890625 0.04765625
0 0.29296875 0.05390625 0.028125 0.06796875
0 0.28125 0.1578125 0.02890625 0.08671875
0 0.296875 0.23359375 0.0296875 0.109375
0 0.321875 0.31640625 0.02421875 0.09609375
0 0.35 0.28671875 0.02265625 0.0921875
0 0.37734375 0.25859375 0.0234375 0.0984375
0 0.31171875 0.13671875 0.0234375 0.06796875
0 0.3171875 0.04609375 0.028125 0.07890625
0 0.3328125 0.1109375 0.021875 0.0859375
0 0.328125 0.20078125 0.0265625 0.11953125
0 0.35703125 0.19296875 0.025 0.09609375
0 0.40390625 0.23203125 0.02265625 0.084375
0 0.4328125 0.20859375 0.028125 0.090625
0 0.3421875 0.0328125 0.01953125 0.06484375
0 0.36171875 0.0875 0.025 0.08359375
0 0.36796875 0.02265625 0.0234375 0.0453125
0 0.3859375 0.06640625 0.0234375 0.08359375
0 0.38359375 0.1515625 0.02578125 0.09453125
0 0.4109375 0.13828125 0.025 0.08125
0 0.4328125 0.1171875 0.01953125 0.0828125
0 0.4578125 0.17734375 0.0265625 0.096875
0 0.45625 0.08828125 0.02578125 0.08046875
0 0.40625 0.046875 0.02109375 0.08203125
0 0.428125 0.0328125 0.0234375 0.06484375