0 0.140625 0.51015625 0.065625 0.0875
0 0.3265625 0.1234375 0.08203125 0.10390625
0 0.2890625 0.03203125 0.059375 0.0640625
0 0.10625 0.38359375 0.0734375 0.10234375
0 0.96953125 0.034375 0.05078125 0.06796875
0 0.43828125 0.0671875 0.0640625 0.10703125
0 0.38515625 0.3609375 0.0609375 0.10390625
0 0.6703125 0.05703125 0.05625 0.0875
0 0.815625 0.0984375 0.053125 0.0921875
0 0.73671875 0.93359375 0.0953125 0.1328125
0 0.18671875 0.07734375 0.06875 0.1
0 0.3046875 0.59375 0.059375 0.115625
0 0.5734375 0.11640625 0.05625 0.09375
0 0.8921875 0.06015625 0.0578125 0.0984375
0 0.6703125 0.33984375 0.06640625 0.1125
0 0.05234375 0.046875 0.06640625 0.0921875
0 0.86953125 0.8265625 0.08828125 0.17109375
0 0.265625 0.4421875 0.05546875 0.09921875
0 0.51484375 0.2890625 0.065625 0.11015625
0 0.9484375 0.15234375 0.04765625 0.090625
0 0.609375 0.55078125 0.06640625 0.1421875
0 0.2109375 0.18515625 0.0671875 0.0890625
0 0.540625 0.03203125 0.059375 0.0640625
0 0.040625 0.9515625 0.08125 0.0875
0 0.62265625 0.21640625 0.0578125 0.09765625
0 0.76015625 0.03125 0.05546875 0.0625
0 0.23203125 0.3078125 0.065625 0.09453125
0 0.4375 0.51171875 0.06328125 0.125
0 0.734375 0.47265625 0.071875 0.128125
0 0.76640625 0.27109375 0.0421875 0.07890625
0 0.71875 0.15078125 0.0609375 0.0890625
0 0.4671875 0.17109375 0.06015625 0.0875
0 0.35546875 0.22734375 0.0640625 0.09296875
0 0.5578125 0.41875 0.0609375 0.11015625
0 0.67421875 0.7265625 0.0765625 0.1390625
0 0.0859375 0.25625 0.06484375 0.10390625
0 0.07109375 0.13515625 0.05546875 0.07734375
0 0.97734375 0.73671875 0.0453125 0.1546875
0 0.20625 0.88671875 0.07578125 0.13984375
0 0.8703125 0.2125 0.05078125 0.090625
0 0.1515625 0.6859375 0.06796875 0.13828125
0 0.7953125 0.63203125 0.07109375 0.15625
0 0.5390625 0.83984375 0.0609375 0.14453125
0 0.38828125 0.9515625 0.07421875 0.0890625
0 0.0234375 0.80546875 0.046875 0.12578125
0 0.90859375 0.54140625 0.0453125 0.109375
0 0.9328125 0.340625 0.04921875 0.1
0 0.47265625 0.67421875 0.0578125 0.1203125
0 0.353125 0.7671875 0.06796875 0.1125
0 0.8359375 0.40546875 0.07734375 0.11015625