0 0.0875 0.940625 0.12265625 0.11875
0 0.2546875 0.9453125 0.11328125 0.109375
0 0.42890625 0.9 0.11015625 0.16328125
0 0.1390625 0.79140625 0.12421875 0.1421875
0 0.15859375 0.62890625 0.08828125 0.13046875
0 0.0359375 0.68125 0.06875 0.11875
0 0.284375 0.75078125 0.13359375 0.1359375
0 0.43203125 0.675 0.128125 0.1859375
0 0.50703125 0.5859375 0.0875 0.1296875
0 0.64921875 0.734375 0.08671875 0.1171875
0 0.79140625 0.8390625 0.10625 0.13984375
0 0.75859375 0.953125 0.13046875 0.09375
0 0.809375 0.66015625 0.07578125 0.13125
0 0.58984375 0.84765625 0.0765625 0.10234375
0 0.9703125 0.7359375 0.0453125 0.09921875
0 0.9421875 0.66796875 0.053125 0.1
0 0.87421875 0.61875 0.07109375 0.09765625
0 0.90859375 0.51953125 0.090625 0.12734375
0 0.6734375 0.57109375 0.1265625 0.13671875
0 0.7046875 0.49765625 0.090625 0.1015625
0 0.746875 0.415625 0.0890625 0.11953125
0 0.5125 0.46640625 0.08671875 0.1
0 0.3859375 0.51015625 0.06640625 0.11328125
0 0.30078125 0.56015625 0.0828125 0.1140625
0 0.26484375 0.46796875 0.09140625 0.12265625
0 0.04765625 0.49765625 0.07890625 0.13046875
0 0.12109375 0.396875 0.11640625 0.15390625
0 0.06640625 0.14375 0.07734375 0.125
0 0.1203125 0.1875 0.09140625 0.16484375
0 0.21640625 0.26953125 0.0828125 0.171875
0 0.16484375 0.0734375 0.078125 0.09453125
0 0.2640625 0.04140625 0.0859375 0.0828125
0 0.2421875 0.13125 0.1296875 0.12109375
0 0.33515625 0.24140625 0.10234375 0.16875
0 0.453125 0.23359375 0.0953125 0.1546875
0 0.375 0.38828125 0.1109375 0.14453125
0 0.5203125 0.35703125 0.1109375 0.11015625
0 0.42421875 0.10625 0.134375 0.16953125
0 0.55234375 0.14609375 0.10703125 0.1953125
0 0.51328125 0.04765625 0.0859375 0.0953125
0 0.64140625 0.09921875 0.0890625 0.1359375
0 0.73828125 0.075 0.10859375 0.14921875
0 0.8609375 0.06875 0.11796875 0.1328125
0 0.940625 0.121875 0.07109375 0.15
0 0.82890625 0.25859375 0.07734375 0.1046875
0 0.78046875 0.328125 0.1078125 0.140625
0 0.959375 0.228125 0.08125 0.146875
0 0.96484375 0.33828125 0.0703125 0.1453125
0 0.95234375 0.88828125 0.07421875 0.1078125
0 0.94140625 0.80546875 0.09375 0.0828125
0 0.85859375 0.93359375 0.11875 0.1328125