0 0.684375 0.17265625 0.053125 0.090625
0 0.7671875 0.0375 0.059375 0.075
0 0.8953125 0.09375 0.05390625 0.09375
0 0.628125 0.084375 0.06640625 0.11328125
0 0.7015625 0.0625 0.0515625 0.08984375
0 0.09609375 0.2203125 0.07421875 0.125
0 0.40234375 0.08046875 0.05546875 0.10234375
0 0.16171875 0.075 0.06640625 0.1109375
0 0.54453125 0.12265625 0.06171875 0.09296875
0 0.98203125 0.3421875 0.0359375 0.115625
0 0.56953125 0.0265625 0.05703125 0.05234375
0 0.59921875 0.2125 0.0671875 0.1046875
0 0.45859375 0.1609375 0.06015625 0.109375
0 0.36484375 0.2234375 0.0703125 0.1046875
0 0.934375 0.6078125 0.04921875 0.103125
0 0.315625 0.12109375 0.0625 0.096875
0 0.8390625 0.1171875 0.05390625 0.0921875
0 0.04453125 0.5640625 0.0890625 0.16875
0 0.5875 0.39453125 0.08046875 0.12890625
0 0.7640625 0.2921875 0.07421875 0.12265625
0 0.25703125 0.2765625 0.0703125 0.121875
0 0.48515625 0.04140625 0.06171875 0.0828125
0 0.9125 0.21953125 0.06640625 0.10234375
0 0.25859375 0.04296875 0.06171875 0.0859375
0 0.53671875 0.94453125 0.06640625 0.1078125
0 0.01875 0.03515625 0.0375 0.0703125
0 0.76171875 0.496875 0.07421875 0.11484375
0 0.8453125 0.26171875 0.06015625 0.11796875
0 0.209375 0.16640625 0.06328125 0.1203125
0 0.675 0.340625 0.05625 0.12109375
0 0.76328125 0.146875 0.05703125 0.09609375
0 0.134375 0.34765625 0.071875 0.11328125
0 0.3171875 0.39375 0.09765625 0.11875
0 0.9265625 0.384375 0.059375 0.11015625
0 0.8515625 0.42890625 0.07109375 0.1203125
0 0.9609375 0.05703125 0.0484375 0.07578125
0 0.54296875 0.6390625 0.06640625 0.11484375
0 0.18125 0.93671875 0.109375 0.125
0 0.0421875 0.125 0.078125 0.0953125
0 0.65234375 0.55 0.0828125 0.1375
0 0.42421875 0.32734375 0.078125 0.11171875
0 0.978125 0.18984375 0.04375 0.10625
0 0.10859375 0.7453125 0.08828125 0.1421875
0 0.84375 0.665625 0.0609375 0.11796875
0 0.515625 0.2671875 0.059375 0.10390625
0 0.37109375 0.55078125 0.07578125 0.1171875
0 0.6375 0.834375 0.0671875 0.1125
0 0.01796875 0.4078125 0.0359375 0.13671875
0 0.26171875 0.634375 0.0734375 0.12421875
0 0.19375 0.490625 0.0796875 0.12265625
0 0.85078125 0.9609375 0.0671875 0.078125
0 0.74296875 0.753125 0.071875 0.1421875
0 0.3265625 0.84140625 0.0890625 0.1890625
0 0.96328125 0.8859375 0.06796875 0.13359375
0 0.47421875 0.46875 0.05 0.103125
0 0.4453125 0.72578125 0.04375 0.1109375