0 0.034375 0.94375 0.05859375 0.1078125
0 0.15 0.83984375 0.05078125 0.115625
0 0.0921875 0.6578125 0.06015625 0.13203125
0 0.05390625 0.49921875 0.05234375 0.12109375
0 0.03671875 0.1828125 0.05390625 0.12421875
0 0.07265625 0.03359375 0.0453125 0.0671875
0 0.11796875 0.11484375 0.0453125 0.09765625
0 0.19609375 0.05859375 0.05859375 0.09296875
0 0.26015625 0.0359375 0.04921875 0.071875
0 0.17734375 0.21171875 0.05390625 0.09296875
0 0.09375 0.290625 0.04921875 0.08984375
0 0.1359375 0.4203125 0.05390625 0.0984375
0 0.18828125 0.58203125 0.06171875 0.13984375
0 0.2484375 0.159375 0.04921875 0.0875
0 0.3234375 0.115625 0.0609375 0.11171875
0 0.3921875 0.075 0.0484375 0.10234375
0 0.45546875 0.03515625 0.04609375 0.06953125
0 0.2234375 0.3515625 0.03828125 0.07421875
0 0.30546875 0.27421875 0.05234375 0.08515625
0 0.38203125 0.2234375 0.05234375 0.10703125
0 0.4421875 0.1796875 0.0453125 0.09375
0 0.52265625 0.115625 0.059375 0.1078125
0 0.58125 0.07109375 0.046875 0.103125
0 0.6328125 0.03828125 0.0375 0.0765625
0 0.6859375 0.03046875 0.04296875 0.059375
0 0.26875 0.47578125 0.0609375 0.12578125
0 0.365625 0.4171875 0.0671875 0.1078125
0 0.4421875 0.34765625 0.0609375 0.1265625
0 0.5046875 0.28984375 0.0546875 0.12109375
0 0.584375 0.24296875 0.06328125 0.10234375
0 0.64140625 0.1859375 0.0390625 0.06875
0 0.69296875 0.1359375 0.0421875 0.08671875
0 0.75 0.1 0.0375 0.07578125
0 0.79140625 0.07734375 0.0390625 0.0828125
0 0.85 0.05234375 0.0359375 0.071875
0 0.95 0.09375 0.034375 0.06875
0 0.90625 0.14140625 0.04296875 0.075
0 0.85859375 0.1609375 0.0453125 0.08046875
0 0.8109375 0.1953125 0.053125 0.0921875
0 0.76484375 0.259375 0.065625 0.103125
0 0.70234375 0.296875 0.0546875 0.06953125
0 0.6375 0.3640625 0.06015625 0.11953125
0 0.56953125 0.41015625 0.04765625 0.103125
0 0.50078125 0.47890625 0.0515625 0.08359375
0 0.41796875 0.57109375 0.0578125 0.09453125
0 0.32265625 0.640625 0.05390625 0.1015625
0 0.24296875 0.73828125 0.06328125 0.121875
0 0.30703125 0.93515625 0.06484375 0.12890625
0 0.40078125 0.8140625 0.046875 0.103125
0 0.48359375 0.73984375 0.053125 0.10078125
0 0.5703125 0.6515625 0.028125 0.065625
0 0.5328125 0.7015625 0.02890625 0.06328125
0 0.609375 0.621875 0.0421875 0.06796875
0 0.6421875 0.5671875 0.04609375 0.0765625
0 0.703125 0.496875 0.05078125 0.10625
0 0.7734375 0.43671875 0.05390625 0.09921875
0 0.83046875 0.38828125 0.0515625 0.1015625
0 0.87734375 0.31640625 0.0421875 0.09453125
0 0.928125 0.27421875 0.03515625 0.08828125
0 0.975 0.23671875 0.04921875 0.08046875
0 0.9 0.52265625 0.0390625 0.08125
0 0.8359375 0.57109375 0.0484375 0.103125
0 0.7828125 0.653125 0.05078125 0.09296875
0 0.71328125 0.7234375 0.05234375 0.1109375
0 0.6515625 0.82421875 0.04375 0.08203125
0 0.58046875 0.91328125 0.0734375 0.12265625
0 0.7875 0.90390625 0.046875 0.08515625
0 0.86015625 0.81484375 0.05 0.090625
0 0.90859375 0.70078125 0.059375 0.09453125
0 0.971875 0.65859375 0.0515625 0.10859375