0 0.0921875 0.0359375 0.053125 0.071875
0 0.59140625 0.13671875 0.053125 0.08359375
0 0.75625 0.059375 0.046875 0.06796875
0 0.44140625 0.20703125 0.05859375 0.096875
0 0.30859375 0.03828125 0.0578125 0.0765625
0 0.36953125 0.11875 0.05703125 0.0828125
0 0.80078125 0.03046875 0.04765625 0.0609375
0 0.8859375 0.11875 0.04921875 0.08046875
0 0.53515625 0.81640625 0.05 0.0953125
0 0.9203125 0.246875 0.040625 0.06796875
0 0.61640625 0.4546875 0.046875 0.0796875
0 0.8625 0.26796875 0.0453125 0.07734375
0 0.23046875 0.07109375 0.0515625 0.071875
0 0.51484375 0.1609375 0.04765625 0.07421875
0 0.290625 0.15859375 0.0609375 0.09765625
0 0.57890625 0.025 0.05859375 0.04921875
0 0.0625 0.17734375 0.065625 0.0984375
0 0.1515625 0.1171875 0.06171875 0.096875
0 0.68515625 0.38984375 0.05 0.0921875
0 0.51171875 0.0375 0.046875 0.07265625
0 0.9625 0.1984375 0.04765625 0.0828125
0 0.446875 0.07421875 0.04375 0.06875
0 0.96015625 0.38046875 0.04453125 0.07890625
0 0.76171875 0.35078125 0.05234375 0.08828125
0 0.0734375 0.47421875 0.07734375 0.12890625
0 0.8125 0.30546875 0.0453125 0.08125
0 0.784375 0.1734375 0.05078125 0.08359375
0 0.2140625 0.20703125 0.0640625 0.09765625
0 0.6078125 0.26640625 0.0546875 0.0953125
0 0.1890625 0.38515625 0.06953125 0.1078125
0 0.14296875 0.62734375 0.065625 0.1328125
0 0.66640625 0.2234375 0.06328125 0.09453125
0 0.01796875 0.0765625 0.0359375 0.078125
0 0.12734375 0.27265625 0.07421875 0.10859375
0 0.7921875 0.53125 0.059375 0.1015625
0 0.84140625 0.15078125 0.03984375 0.06953125
0 0.2703125 0.32578125 0.0640625 0.1109375
0 0.35625 0.26015625 0.0546875 0.0875
0 0.821875 0.78125 0.04921875 0.084375
0 0.534375 0.5375 0.040625 0.08984375
0 0.53515625 0.3328125 0.0625 0.103125
0 0.72734375 0.2015625 0.040625 0.071875
0 0.02265625 0.334375 0.0453125 0.09140625
0 0.64765625 0.1078125 0.04375 0.065625
0 0.02890625 0.71953125 0.0578125 0.1609375
0 0.228125 0.80625 0.08125 0.1421875
0 0.34140625 0.45234375 0.05234375 0.07890625
0 0.33203125 0.7140625 0.059375 0.1109375
0 0.4328125 0.61953125 0.05078125 0.103125
0 0.62421875 0.70703125 0.04453125 0.09609375
0 0.70234375 0.0796875 0.040625 0.07265625
0 0.44765625 0.38203125 0.0484375 0.1
0 0.8421875 0.4546875 0.05546875 0.09609375
0 0.7171875 0.6078125 0.06875 0.11640625
0 0.26015625 0.5296875 0.08203125 0.12734375
0 0.42265625 0.90625 0.07109375 0.14296875
0 0.09609375 0.92265625 0.06640625 0.1546875
0 0.72578125 0.88671875 0.059375 0.103125