0 0.2046875 0.578125 0.06015625 0.0796875
0 0.153125 0.63984375 0.053125 0.08984375
0 0.1046875 0.72109375 0.05625 0.09375
0 0.04921875 0.80234375 0.053125 0.12734375
0 0.1359375 0.8734375 0.07578125 0.15859375
0 0.1765625 0.765625 0.07109375 0.12265625
0 0.2265625 0.68984375 0.06328125 0.1296875
0 0.2671875 0.61640625 0.04921875 0.10234375
0 0.315625 0.55234375 0.05078125 0.1171875
0 0.3515625 0.48046875 0.05234375 0.0859375
0 0.44375 0.475 0.0609375 0.0828125
0 0.41875 0.528125 0.04765625 0.08359375
0 0.38359375 0.59609375 0.04296875 0.0796875
0 0.3578125 0.6609375 0.04453125 0.08203125
0 0.31015625 0.7375 0.06484375 0.10390625
0 0.265625 0.828125 0.0546875 0.11171875
0 0.215625 0.93359375 0.06171875 0.0921875
0 0.35859375 0.896875 0.06875 0.10625
0 0.38984375 0.796875 0.0609375 0.10234375
0 0.4296875 0.70234375 0.0609375 0.10703125
0 0.4625 0.63125 0.05546875 0.0734375
0 0.49296875 0.5640625 0.05859375 0.075
0 0.521875 0.49765625 0.05703125 0.07265625
0 0.60234375 0.52890625 0.046875 0.0625
0 0.57265625 0.60625 0.065625 0.07890625
0 0.55078125 0.67421875 0.05234375 0.09375
0 0.521875 0.75859375 0.07265625 0.090625
0 0.48671875 0.84453125 0.0734375 0.11015625
0 0.45625 0.94140625 0.07265625 0.10859375
0 0.584375 0.9140625 0.06640625 0.1015625
0 0.6125 0.8171875 0.0734375 0.09296875
0 0.64296875 0.7234375 0.08125 0.08984375
0 0.6625 0.64609375 0.0703125 0.08359375
0 0.678125 0.575 0.0453125 0.0546875
0 0.69296875 0.96640625 0.071875 0.06640625
0 0.715625 0.86484375 0.08046875 0.084375
0 0.82265625 0.94609375 0.096875 0.10234375
0 0.9453125 0.884375 0.084375 0.08046875
0 0.834375 0.82265625 0.0875 0.1328125
0 0.8484375 0.72734375 0.06796875 0.0671875
0 0.94921875 0.7890625 0.08203125 0.07265625
0 0.9546875 0.71875 0.08203125 0.059375
0 0.73515625 0.77890625 0.0734375 0.08359375
0 0.7546875 0.69375 0.065625 0.09375
0 0.765625 0.60859375 0.06796875 0.07421875
0 0.86171875 0.6546875 0.0734375 0.06953125
0 0.8703125 0.59296875 0.078125 0.08203125
0 0.78515625 0.54296875 0.05 0.05625
0 0.8 0.4875 0.0453125 0.053125
0 0.80546875 0.41328125 0.04765625 0.0765625
0 0.821875 0.35234375 0.04296875 0.04765625
0 0.878125 0.52265625 0.06640625 0.078125
0 0.9640625 0.64453125 0.06875 0.0765625
0 0.9609375 0.571875 0.078125 0.071875
0 0.96484375 0.50625 0.06953125 0.0484375
0 0.971875 0.45703125 0.05546875 0.04765625
0 0.8890625 0.4578125 0.05625 0.05234375
0 0.88984375 0.4140625 0.06171875 0.06015625
0 0.896875 0.371875 0.0484375 0.04609375
0 0.89921875 0.3375 0.04296875 0.040625
0 0.97890625 0.41171875 0.0421875 0.0515625
0 0.97578125 0.36171875 0.0484375 0.0421875
0 0.97265625 0.3328125 0.04921875 0.03828125
0 0.975 0.29140625 0.04140625 0.04140625
0 0.97890625 0.25546875 0.03671875 0.0328125
0 0.90703125 0.2984375 0.04296875 0.05
0 0.9171875 0.2609375 0.0328125 0.02421875
0 0.91796875 0.2359375 0.03515625 0.02265625
0 0.84375 0.2484375 0.0390625 0.04609375
0 0.83984375 0.28359375 0.028125 0.03046875
0 0.83046875 0.3125 0.04140625 0.04609375