0 0.171875 0.78828125 0.10859375 0.18359375
0 0.11796875 0.596875 0.0796875 0.15
0 0.06953125 0.49375 0.0875 0.15390625
0 0.04140625 0.3609375 0.07421875 0.1390625
0 0.05234375 0.06640625 0.05625 0.10859375
0 0.08125 0.1234375 0.07265625 0.13203125
0 0.1203125 0.20859375 0.06875 0.1421875
0 0.1625 0.29140625 0.0734375 0.16328125
0 0.2140625 0.4 0.05390625 0.11484375
0 0.15390625 0.04765625 0.06875 0.0953125
0 0.1875 0.0859375 0.06328125 0.10078125
0 0.2296875 0.15703125 0.075 0.14140625
0 0.28125 0.23125 0.08359375 0.14609375
0 0.33046875 0.35234375 0.075 0.14453125
0 0.2890625 0.04765625 0.05 0.0953125
0 0.3375 0.12578125 0.04140625 0.078125
0 0.434375 0.06875 0.06875 0.1078125
0 0.50859375 0.03984375 0.04296875 0.07890625
0 0.4828125 0.1515625 0.04140625 0.0765625
0 0.44453125 0.2984375 0.07421875 0.1265625
0 0.3859375 0.203125 0.06328125 0.1140625
0 0.38515625 0.46796875 0.096875 0.159375
0 0.26328125 0.5296875 0.10703125 0.15390625
0 0.5078125 0.4078125 0.08828125 0.1375
0 0.56875 0.103125 0.0578125 0.1
0 0.65703125 0.05 0.06015625 0.0953125
0 0.72734375 0.11484375 0.06484375 0.11171875
0 0.63984375 0.175 0.07421875 0.1171875
0 0.9609375 0.08125 0.065625 0.121875
0 0.88515625 0.1390625 0.07265625 0.1234375
0 0.96640625 0.20703125 0.0671875 0.13046875
0 0.8984375 0.278125 0.08203125 0.1375
0 0.8015625 0.190625 0.075 0.1125
0 0.70625 0.253125 0.0765625 0.1328125
0 0.80078125 0.3546875 0.09140625 0.15234375
0 0.696875 0.40625 0.09375 0.140625
0 0.6171875 0.32578125 0.0578125 0.090625
0 0.5921875 0.50625 0.08359375 0.159375
0 0.453125 0.6234375 0.1 0.21171875
0 0.32578125 0.696875 0.08125 0.1484375
0 0.4015625 0.86328125 0.096875 0.190625
0 0.553125 0.753125 0.1140625 0.25078125
0 0.68125 0.65 0.11015625 0.196875
0 0.7921875 0.559375 0.1015625 0.21796875
0 0.9 0.4765625 0.10625 0.171875
0 0.9078125 0.7109375 0.09609375 0.19609375
0 0.775 0.815625 0.08828125 0.1859375
0 0.66015625 0.91796875 0.16484375 0.15390625
0 0.79375 0.08046875 0.04453125 0.0734375