0 0.09140625 0.0484375 0.06796875 0.09453125
0 0.14453125 0.13203125 0.06484375 0.10703125
0 0.053125 0.18671875 0.05703125 0.1109375
0 0.30625 0.07109375 0.059375 0.09296875
0 0.70859375 0.08828125 0.04765625 0.07890625
0 0.3 0.19296875 0.07109375 0.12578125
0 0.36796875 0.1578125 0.0578125 0.09765625
0 0.73125 0.26171875 0.06171875 0.096875
0 0.23359375 0.10078125 0.05625 0.10390625
0 0.3734375 0.0375 0.0625 0.075
0 0.26171875 0.340625 0.06796875 0.11328125
0 0.51328125 0.2234375 0.05234375 0.0984375
0 0.97578125 0.04765625 0.03203125 0.053125
0 0.8875 0.80546875 0.07578125 0.13828125
0 0.50546875 0.090625 0.053125 0.103125
0 0.58203125 0.19140625 0.06015625 0.10625
0 0.35625 0.29296875 0.0578125 0.11953125
0 0.9421875 0.0734375 0.03828125 0.065625
0 0.20390625 0.23671875 0.0625 0.10625
0 0.1109375 0.2796875 0.06171875 0.1171875
0 0.95078125 0.4640625 0.04375 0.0828125
0 0.89765625 0.109375 0.03984375 0.07109375
0 0.9359375 0.73046875 0.04921875 0.0953125
0 0.4375 0.25390625 0.0578125 0.096875
0 0.81953125 0.38203125 0.04921875 0.1015625
0 0.53203125 0.57265625 0.0765625 0.1421875
0 0.86328125 0.33046875 0.04765625 0.0765625
0 0.4421875 0.128125 0.05703125 0.0921875
0 0.23984375 0.56171875 0.078125 0.13125
0 0.64921875 0.14765625 0.0453125 0.075
0 0.16953125 0.03046875 0.0609375 0.0609375
0 0.59453125 0.340625 0.06875 0.115625
0 0.1703125 0.40703125 0.0640625 0.12265625
0 0.43359375 0.65625 0.07890625 0.12890625
0 0.4375 0.4234375 0.07578125 0.1296875
0 0.8453125 0.15234375 0.03359375 0.06640625
0 0.71328125 0.7 0.07421875 0.13984375
0 0.903125 0.51875 0.04453125 0.0890625
0 0.02109375 0.3515625 0.0421875 0.10703125
0 0.7625 0.42890625 0.06171875 0.11328125
0 0.925 0.2671875 0.04453125 0.07734375
0 0.5203125 0.85703125 0.06796875 0.14296875
0 0.34140625 0.48203125 0.05234375 0.12421875
0 0.78359375 0.6328125 0.06328125 0.121875
0 0.57890625 0.05234375 0.04453125 0.0734375
0 0.684375 0.46875 0.06875 0.12890625
0 0.73828125 0.95546875 0.08359375 0.08125
0 0.3171875 0.7375 0.07265625 0.1546875
0 0.61171875 0.5296875 0.0625 0.134375
0 0.840625 0.57734375 0.06015625 0.10625
0 0.9765625 0.22109375 0.0453125 0.07734375
0 0.66484375 0.303125 0.0515625 0.0890625
0 0.19609375 0.84609375 0.0734375 0.13359375
0 0.06171875 0.46796875 0.07265625 0.12421875
0 0.78359375 0.19921875 0.05078125 0.09296875
0 0.9859375 0.675 0.02734375 0.11015625
0 0.61640625 0.77890625 0.05703125 0.15
0 0.12421875 0.64296875 0.0578125 0.1203125
0 0.08828125 0.9375 0.05625 0.121875
0 0.81328125 0.88046875 0.06953125 0.11953125
0 0.02109375 0.7390625 0.0421875 0.1203125
0 0.41484375 0.94921875 0.0890625 0.10078125
0 0.52421875 0.3875 0.065625 0.12734375