0 0.78671875 0.8609375 0.175 0.2640625
0 0.86875 0.53359375 0.1359375 0.2390625
0 0.92421875 0.31875 0.09296875 0.20546875
0 0.86953125 0.04140625 0.0640625 0.0828125
0 0.82421875 0.1109375 0.08359375 0.1328125
0 0.76015625 0.20859375 0.08984375 0.16484375
0 0.64765625 0.39140625 0.12109375 0.21328125
0 0.51875 0.63984375 0.15625 0.25546875
0 0.675 0.05390625 0.07890625 0.1078125
0 0.578125 0.16171875 0.084375 0.1359375
0 0.459375 0.27734375 0.10859375 0.1640625
0 0.32421875 0.4765625 0.11328125 0.1890625
0 0.0859375 0.76953125 0.171875 0.2640625
0 0.44296875 0.0875 0.10546875 0.1375
0 0.30703125 0.190625 0.1046875 0.13671875
0 0.14609375 0.34296875 0.12578125 0.19453125
0 0.19609375 0.12265625 0.0875 0.11875
0 0.33046875 0.05078125 0.0828125 0.1015625
0 0.10078125 0.06953125 0.0890625 0.1390625
0 0.034375 0.24921875 0.06875 0.16484375