0 0.9109375 0.046875 0.06171875 0.05546875
0 0.9484375 0.11484375 0.071875 0.090625
0 0.98515625 0.2125 0.0296875 0.0578125
0 0.82421875 0.05859375 0.053125 0.06171875
0 0.84609375 0.13828125 0.04296875 0.078125
0 0.875 0.22578125 0.0296875 0.040625
0 0.90625 0.32578125 0.05703125 0.06015625
0 0.94453125 0.44765625 0.0375 0.04765625
0 0.71875 0.01875 0.06640625 0.0375
0 0.73046875 0.078125 0.04765625 0.065625
0 0.74609375 0.1484375 0.05234375 0.07265625
0 0.76953125 0.24375 0.0390625 0.04453125
0 0.7890625 0.34296875 0.03984375 0.0640625
0 0.8109375 0.4578125 0.0625 0.071875
0 0.8484375 0.60078125 0.0390625 0.06484375
0 0.88984375 0.7734375 0.0546875 0.0890625
0 0.6359375 0.02421875 0.0453125 0.0453125
0 0.64375 0.09140625 0.04609375 0.07109375
0 0.6546875 0.1609375 0.0453125 0.059375
0 0.6640625 0.25625 0.0265625 0.04140625
0 0.6765625 0.353125 0.0390625 0.0453125
0 0.68984375 0.47265625 0.03046875 0.05546875
0 0.7140625 0.62109375 0.0515625 0.07265625
0 0.73671875 0.7921875 0.04921875 0.078125
0 0.55390625 0.02890625 0.0484375 0.05234375
0 0.55703125 0.096875 0.05078125 0.05703125
0 0.56015625 0.17734375 0.04609375 0.0609375
0 0.565625 0.2671875 0.0328125 0.04921875
0 0.5734375 0.36875 0.02890625 0.04921875
0 0.5765625 0.48515625 0.03984375 0.0578125
0 0.5828125 0.62421875 0.04296875 0.07421875
0 0.59609375 0.80390625 0.05859375 0.078125
0 0.47421875 0.0421875 0.04765625 0.06015625
0 0.4734375 0.11171875 0.0515625 0.07578125
0 0.47109375 0.1890625 0.053125 0.0609375
0 0.46875 0.278125 0.04140625 0.07578125
0 0.46484375 0.3765625 0.03515625 0.05078125
0 0.459375 0.49609375 0.04375 0.0546875
0 0.4515625 0.64375 0.03828125 0.0671875
0 0.44609375 0.79921875 0.0484375 0.0796875
0 0.3984375 0.053125 0.03984375 0.05
0 0.38984375 0.121875 0.04140625 0.05625
0 0.3859375 0.19609375 0.0453125 0.06171875
0 0.375 0.2890625 0.03828125 0.06015625
0 0.3609375 0.3890625 0.04296875 0.06015625
0 0.3453125 0.51953125 0.04609375 0.07578125
0 0.33203125 0.65078125 0.0484375 0.06328125
0 0.3109375 0.8203125 0.04375 0.0703125
0 0.3328125 0.01796875 0.025 0.0359375
0 0.31953125 0.06484375 0.03984375 0.06328125
0 0.3078125 0.1375 0.03984375 0.0671875
0 0.2953125 0.20859375 0.04375 0.06015625
0 0.27890625 0.29453125 0.03984375 0.05078125
0 0.25625 0.4 0.0375 0.0609375
0 0.234375 0.52109375 0.03359375 0.0609375
0 0.20625 0.65546875 0.03046875 0.05234375
0 0.178125 0.834375 0.046875 0.078125
0 0.25859375 0.02265625 0.028125 0.04140625
0 0.240625 0.0765625 0.0421875 0.0546875
0 0.225 0.1484375 0.04140625 0.0640625
0 0.20859375 0.2203125 0.04140625 0.0703125
0 0.18671875 0.30859375 0.0296875 0.04765625
0 0.16015625 0.4109375 0.0515625 0.0765625
0 0.12890625 0.528125 0.04296875 0.05546875
0 0.0890625 0.6671875 0.0515625 0.0796875
0 0.04140625 0.8375 0.034375 0.059375
0 0.09375 0.3234375 0.03046875 0.04609375
0 0.06171875 0.42578125 0.0390625 0.05625
0 0.021875 0.5375 0.03671875 0.05859375