0 0.33125 0.8703125 0.09375 0.13359375
0 0.1453125 0.83125 0.0828125 0.140625
0 0.09453125 0.69453125 0.07421875 0.1390625
0 0.26171875 0.7078125 0.06796875 0.1296875
0 0.22421875 0.58125 0.07890625 0.11171875
0 0.55703125 0.92421875 0.09296875 0.1234375
0 0.77734375 0.9515625 0.0828125 0.096875
0 0.90078125 0.8421875 0.11796875 0.1359375
0 0.6609375 0.77421875 0.08828125 0.1453125
0 0.77421875 0.665625 0.07734375 0.12734375
0 0.6796875 0.52109375 0.0734375 0.10859375
0 0.55859375 0.615625 0.06328125 0.12578125
0 0.4671875 0.72734375 0.06796875 0.13125
0 0.390625 0.57421875 0.08046875 0.1375
0 0.4890625 0.48125 0.08046875 0.09765625
0 0.60234375 0.4015625 0.065625 0.11328125
0 0.33125 0.46171875 0.06953125 0.11953125
0 0.16953125 0.465625 0.0578125 0.1109375
0 0.4328125 0.38125 0.05 0.0875
0 0.5296875 0.3125 0.05390625 0.09921875
0 0.0328125 0.47578125 0.06015625 0.109375
0 0.0203125 0.37578125 0.040625 0.0859375
0 0.12734375 0.38125 0.0515625 0.08203125
0 0.11328125 0.2921875 0.05546875 0.0859375
0 0.28125 0.36484375 0.05390625 0.0953125
0 0.2453125 0.29375 0.05625 0.0796875
0 0.384375 0.296875 0.0703125 0.08671875
0 0.34296875 0.2234375 0.05 0.07109375
0 0.29921875 0.15390625 0.040625 0.090625
0 0.08671875 0.2296875 0.02890625 0.0453125
0 0.0578125 0.17109375 0.0421875 0.06640625
0 0.0453125 0.12109375 0.040625 0.06796875
0 0.0265625 0.07734375 0.02890625 0.0546875
0 0.0140625 0.04296875 0.0265625 0.04453125
0 0.1 0.01953125 0.0328125 0.03828125
0 0.11640625 0.06015625 0.02578125 0.046875
0 0.1453125 0.1078125 0.034375 0.04921875
0 0.178125 0.1453125 0.040625 0.04375
0 0.2046875 0.21953125 0.0453125 0.06875
0 0.253125 0.09609375 0.0453125 0.06328125
0 0.21953125 0.04609375 0.0296875 0.0578125
0 0.190625 0.02109375 0.03359375 0.03984375
0 0.30703125 0.0203125 0.0296875 0.03828125
0 0.47734375 0.23203125 0.0484375 0.0796875
0 0.42578125 0.17421875 0.0453125 0.07734375
0 0.38125 0.09453125 0.04296875 0.075
0 0.3421875 0.05078125 0.04140625 0.07421875
0 0.409375 0.0234375 0.0328125 0.04609375
0 0.45546875 0.06875 0.0421875 0.06953125
0 0.5046875 0.12890625 0.04296875 0.07890625
0 0.53125 0.03671875 0.03828125 0.07265625
0 0.5953125 0.021875 0.03671875 0.04375
0 0.5828125 0.0875 0.04453125 0.0671875
0 0.56328125 0.1875 0.046875 0.08671875
0 0.61953125 0.25703125 0.04765625 0.08671875
0 0.6375 0.1484375 0.04375 0.07265625
0 0.6515625 0.05703125 0.04296875 0.075
0 0.71875 0.02578125 0.046875 0.0515625
0 0.71796875 0.1078125 0.05234375 0.096875
0 0.70234375 0.21640625 0.0625 0.0890625
0 0.78203125 0.07421875 0.040625 0.06953125
0 0.840625 0.04296875 0.04765625 0.07421875
0 0.91875 0.0796875 0.04296875 0.08203125
0 0.97265625 0.05546875 0.03828125 0.0828125
0 0.98046875 0.14375 0.0390625 0.065625
0 0.846875 0.128125 0.0515625 0.075
0 0.77890625 0.16875 0.0546875 0.071875
0 0.93125 0.1875 0.05546875 0.07265625
0 0.8625 0.23828125 0.05546875 0.07265625
0 0.77578125 0.2859375 0.0515625 0.0953125
0 0.69140625 0.3390625 0.06171875 0.0859375
0 0.9515625 0.33359375 0.09453125 0.075
0 0.77734375 0.4421875 0.06328125 0.1015625
0 0.87421875 0.5609375 0.06796875 0.11328125
0 0.95859375 0.490625 0.0828125 0.12890625