0 0.6296875 0.03671875 0.059375 0.07265625
0 0.64609375 0.19296875 0.0625 0.11171875
0 0.4171875 0.0421875 0.059375 0.084375
0 0.1609375 0.19609375 0.0390625 0.0703125
0 0.33984375 0.08203125 0.0609375 0.0984375
0 0.4015625 0.2 0.05625 0.0984375
0 0.903125 0.39609375 0.1 0.1234375
0 0.8671875 0.20390625 0.06796875 0.10546875
0 0.56640625 0.2484375 0.07265625 0.12109375
0 0.55703125 0.0796875 0.0609375 0.08671875
0 0.95 0.3171875 0.0796875 0.11171875
0 0.71015625 0.146875 0.06328125 0.10703125
0 0.01640625 0.14765625 0.0328125 0.08828125
0 0.46796875 0.54765625 0.0640625 0.13515625
0 0.915625 0.140625 0.05546875 0.0953125
0 0.07578125 0.66484375 0.0625 0.128125
0 0.79609375 0.26015625 0.07421875 0.121875
0 0.84140625 0.04921875 0.06015625 0.0984375
0 0.10546875 0.08671875 0.05625 0.08828125
0 0.71796875 0.31328125 0.07578125 0.1125
0 0.65 0.39296875 0.07734375 0.10703125
0 0.74453125 0.53359375 0.06953125 0.11875
0 0.95390625 0.8671875 0.06953125 0.1578125
0 0.25078125 0.14140625 0.04765625 0.08359375
0 0.815625 0.446875 0.084375 0.13671875
0 0.76796875 0.7953125 0.07265625 0.13515625
0 0.31875 0.2640625 0.0546875 0.1109375
0 0.66484375 0.62890625 0.0796875 0.1359375
0 0.8515625 0.70078125 0.06953125 0.12890625
0 0.15390625 0.86796875 0.06171875 0.15703125
0 0.7796875 0.09296875 0.05703125 0.09453125
0 0.68203125 0.90390625 0.0671875 0.1421875
0 0.565625 0.71328125 0.0625 0.1171875
0 0.98203125 0.51875 0.0359375 0.125
0 0.35859375 0.9359375 0.0640625 0.12734375
0 0.478125 0.12734375 0.04765625 0.1
0 0.5640625 0.46796875 0.05703125 0.09765625
0 0.0625 0.28203125 0.053125 0.11015625
0 0.9234375 0.6109375 0.0890625 0.128125
0 0.365625 0.6671875 0.0703125 0.1609375
0 0.19453125 0.034375 0.0546875 0.06875
0 0.29765625 0.4578125 0.05078125 0.09921875
0 0.896875 0.9578125 0.0953125 0.084375
0 0.2265625 0.3359375 0.05 0.1078125
0 0.48828125 0.3234375 0.08671875 0.109375
0 0.01953125 0.496875 0.0390625 0.1203125
0 0.03671875 0.9578125 0.06953125 0.084375
0 0.475 0.81328125 0.0734375 0.109375
0 0.271875 0.74609375 0.071875 0.1171875
0 0.18359375 0.56953125 0.0515625 0.09453125
0 0.128125 0.42265625 0.05859375 0.1078125
0 0.38515625 0.3984375 0.053125 0.090625