0 0.46328125 0.05234375 0.053125 0.07890625
0 0.70390625 0.05 0.04765625 0.07890625
0 0.615625 0.109375 0.0484375 0.08203125
0 0.21484375 0.03828125 0.046875 0.07578125
0 0.1484375 0.35625 0.05078125 0.0765625
0 0.228125 0.6734375 0.07109375 0.1171875
0 0.06640625 0.740625 0.07578125 0.11484375
0 0.36015625 0.1015625 0.04765625 0.08203125
0 0.190625 0.5078125 0.065625 0.1125
0 0.596875 0.83046875 0.06953125 0.128125
0 0.1171875 0.21640625 0.05390625 0.08359375
0 0.3875 0.23671875 0.046875 0.07890625
0 0.32265625 0.42734375 0.04609375 0.08359375
0 0.02578125 0.4296875 0.05078125 0.08203125
0 0.24453125 0.15546875 0.0484375 0.0796875
0 0.9296875 0.0453125 0.04765625 0.07734375
0 0.6078125 0.42421875 0.0484375 0.0890625
0 0.10078125 0.09140625 0.0484375 0.07265625
0 0.84453125 0.09296875 0.03828125 0.0671875
0 0.66328125 0.2265625 0.053125 0.10390625
0 0.54140625 0.67265625 0.06875 0.11171875
0 0.3578125 0.5828125 0.06875 0.10859375
0 0.390625 0.7625 0.07734375 0.1296875
0 0.24921875 0.84453125 0.07890625 0.1421875
0 0.76953125 0.49921875 0.05859375 0.10703125
0 0.44375 0.36015625 0.04921875 0.0921875
0 0.7265625 0.75859375 0.065625 0.1328125
0 0.6546875 0.5828125 0.05703125 0.11015625
0 0.290625 0.28671875 0.05390625 0.08984375
0 0.50234375 0.16875 0.04921875 0.08515625
0 0.7140625 0.3578125 0.0484375 0.09609375
0 0.86875 0.41171875 0.059375 0.1078125
0 0.840625 0.6625 0.059375 0.1234375
0 0.8109375 0.275 0.0515625 0.0953125
0 0.03984375 0.57265625 0.0796875 0.12109375
0 0.74921875 0.16640625 0.0421875 0.08984375
0 0.91015625 0.85 0.06328125 0.1234375
0 0.515625 0.79765625 0.0640625 0.0703125
0 0.44140625 0.9359375 0.0875 0.12734375
0 0.90390625 0.2203125 0.05234375 0.096875
0 0.55390625 0.29375 0.0484375 0.09140625
0 0.7859375 0.92734375 0.05078125 0.14453125
0 0.490625 0.5046875 0.071875 0.10078125
0 0.94296875 0.578125 0.065625 0.11015625