0 0.14765625 0.91484375 0.0984375 0.1671875
0 0.0984375 0.71640625 0.078125 0.1609375
0 0.0484375 0.5703125 0.07265625 0.12109375
0 0.02890625 0.44375 0.0578125 0.134375
0 0.03125 0.12265625 0.059375 0.0875
0 0.06640625 0.1875 0.065625 0.12890625
0 0.103125 0.28828125 0.07265625 0.12890625
0 0.1484375 0.36796875 0.07578125 0.14140625
0 0.1859375 0.496875 0.078125 0.15390625
0 0.24609375 0.62265625 0.0703125 0.17265625
0 0.1 0.0375 0.0578125 0.075
0 0.13203125 0.08203125 0.04921875 0.10078125
0 0.17734375 0.15390625 0.065625 0.1015625
0 0.23125 0.040625 0.05234375 0.08125
0 0.27421875 0.1078125 0.05234375 0.0953125
0 0.21796875 0.24375 0.0578125 0.1390625
0 0.26484375 0.31953125 0.065625 0.14296875
0 0.321875 0.16171875 0.06953125 0.14609375
0 0.36640625 0.0609375 0.0671875 0.121875
0 0.4546875 0.04296875 0.065625 0.0859375
0 0.41640625 0.13515625 0.04609375 0.0890625
0 0.37890625 0.26640625 0.0703125 0.14609375
0 0.47265625 0.22265625 0.06484375 0.1203125
0 0.52421875 0.0765625 0.0671875 0.10390625
0 0.58046875 0.040625 0.06015625 0.08125
0 0.65546875 0.11484375 0.06875 0.09140625
0 0.5671875 0.17578125 0.0546875 0.0984375
0 0.3265625 0.41640625 0.06796875 0.1359375
0 0.4421875 0.36953125 0.08515625 0.14609375
0 0.54765625 0.31328125 0.071875 0.125
0 0.51015625 0.4765625 0.078125 0.1671875
0 0.38515625 0.5546875 0.08828125 0.1828125
0 0.4640625 0.71484375 0.0859375 0.18984375
0 0.3171875 0.80625 0.11484375 0.18671875
0 0.58984375 0.62890625 0.09453125 0.18203125
0 0.61796875 0.440625 0.0765625 0.17109375
0 0.71484375 0.534375 0.1 0.1859375
0 0.69140625 0.7640625 0.10859375 0.23203125
0 0.55546875 0.9046875 0.1046875 0.1796875
0 0.81484375 0.67890625 0.11015625 0.18984375
0 0.815625 0.92890625 0.12578125 0.1421875
0 0.9359375 0.82890625 0.096875 0.20859375
0 0.93046875 0.59375 0.1171875 0.1953125
0 0.8171875 0.4546875 0.08515625 0.15078125
0 0.715625 0.35234375 0.0578125 0.10078125
0 0.73359375 0.18984375 0.0671875 0.12109375
0 0.73984375 0.06953125 0.0625 0.12421875
0 0.8140625 0.14296875 0.07265625 0.1234375
0 0.87578125 0.08984375 0.0484375 0.08828125
0 0.96171875 0.04609375 0.0640625 0.0921875
0 0.97578125 0.14921875 0.04765625 0.13046875
0 0.89296875 0.20859375 0.08828125 0.1171875
0 0.8125 0.26875 0.07265625 0.11171875
0 0.9125 0.375 0.09765625 0.17265625