0 0.50625 0.06640625 0.01953125 0.028125
0 0.49453125 0.0953125 0.021875 0.03046875
0 0.6296875 0.0546875 0.0171875 0.025
0 0.55625 0.0140625 0.01640625 0.028125
0 0.45546875 0.09375 0.02109375 0.03046875
0 0.259375 0.1828125 0.03828125 0.05078125
0 0.57734375 0.04296875 0.01640625 0.0234375
0 0.68046875 0.10234375 0.02109375 0.03203125
0 0.46796875 0.0640625 0.021875 0.03046875
0 0.5796875 0.1515625 0.021875 0.03359375
0 0.73984375 0.20078125 0.02421875 0.03671875
0 0.50625 0.15546875 0.025 0.03828125
0 0.53125 0.09375 0.0171875 0.02421875
0 0.48359375 0.04375 0.01640625 0.025
0 0.55390625 0.11953125 0.0203125 0.02734375
0 0.6453125 0.184375 0.0234375 0.03359375
0 0.55546875 0.5 0.05 0.07890625
0 0.12890625 0.58515625 0.04609375 0.078125
0 0.19375 0.45390625 0.04765625 0.07265625
0 0.67734375 0.1375 0.02109375 0.0328125
0 0.43359375 0.06640625 0.0203125 0.0328125
0 0.45 0.0453125 0.01953125 0.0265625
0 0.2296875 0.28984375 0.04296875 0.06015625
0 0.78828125 0.3421875 0.028125 0.04375
0 0.65390625 0.07734375 0.01875 0.0265625
0 0.7515625 0.35390625 0.03359375 0.0515625
0 0.71484375 0.30625 0.03203125 0.0421875
0 0.671875 0.2640625 0.0328125 0.04609375
0 0.3359375 0.21953125 0.0375 0.05234375
0 0.50546875 0.29609375 0.03984375 0.05625
0 0.64453125 0.228125 0.0265625 0.03828125
0 0.775 0.24140625 0.02578125 0.03515625
0 0.5140625 0.04765625 0.01796875 0.025
0 0.35234375 0.0296875 0.01875 0.025
0 0.39296875 0.02578125 0.01796875 0.02734375
0 0.60625 0.03203125 0.01640625 0.021875
0 0.3734375 0.046875 0.0171875 0.025
0 0.32265625 0.34296875 0.040625 0.0640625
0 0.34765625 0.07265625 0.0234375 0.0328125
0 0.5171875 0.11796875 0.021875 0.02734375
0 0.54453125 0.153125 0.02421875 0.0375
0 0.48125 0.1203125 0.021875 0.0328125
0 0.09140625 0.41328125 0.04453125 0.05859375
0 0.6765625 0.178125 0.02265625 0.03515625
0 0.24609375 0.65859375 0.0453125 0.07578125
0 0.56015625 0.23984375 0.03125 0.04140625
0 0.41640625 0.39140625 0.04140625 0.06015625
0 0.39140625 0.06875 0.02109375 0.02890625
0 0.48203125 0.36953125 0.04140625 0.06171875
0 0.41953125 0.25703125 0.0390625 0.0578125
0 0.2359375 0.1484375 0.0328125 0.04453125
0 0.15546875 0.3078125 0.0453125 0.0734375
0 0.5953125 0.28046875 0.02734375 0.04140625
0 0.50859375 0.43203125 0.0484375 0.0796875
0 0.6828125 0.0671875 0.01796875 0.02734375
0 0.35078125 0.4109375 0.04609375 0.07265625
0 0.52890625 0.01875 0.01796875 0.02421875
0 0.5390625 0.3484375 0.03671875 0.0546875
0 0.57109375 0.18984375 0.025 0.0375
0 0.634375 0.328125 0.03359375 0.0453125
0 0.76171875 0.4171875 0.0375 0.0578125
0 0.3015625 0.07890625 0.02265625 0.0359375
0 0.4171875 0.0984375 0.021875 0.03125
0 0.63203125 0.01875 0.01640625 0.025
0 0.3640625 0.26875 0.0390625 0.05703125
0 0.52421875 0.2421875 0.0328125 0.046875
0 0.59609375 0.09296875 0.01953125 0.025
0 0.67421875 0.21875 0.02578125 0.03828125
0 0.4390625 0.121875 0.025 0.0390625
0 0.71015625 0.0265625 0.0171875 0.0234375
0 0.38984375 0.215625 0.03671875 0.05
0 0.57109375 0.06640625 0.01875 0.0296875
0 0.61953125 0.12109375 0.0203125 0.028125
0 0.7109375 0.36328125 0.03515625 0.04609375
0 0.25703125 0.03125 0.01953125 0.028125
0 0.4921875 0.1984375 0.0328125 0.04765625
0 0.7828125 0.28828125 0.028125 0.04140625
0 0.4953125 0.02265625 0.0171875 0.02578125
0 0.33046875 0.05234375 0.01796875 0.028125
0 0.846875 0.46875 0.0375 0.06015625
0 0.303125 0.51640625 0.053125 0.07734375
0 0.6359375 0.2765625 0.0296875 0.0421875
0 0.93046875 0.33203125 0.0296875 0.04765625
0 0.803125 0.17578125 0.021875 0.03359375
0 0.76640625 0.1484375 0.02265625 0.0328125
0 0.7109375 0.1359375 0.0203125 0.02890625
0 0.76875 0.50703125 0.04296875 0.06953125
0 0.27578125 0.22734375 0.04140625 0.05390625
0 0.38359375 0.49140625 0.046875 0.08046875
0 0.821875 0.3328125 0.03125 0.04921875
0 0.065625 0.27734375 0.04921875 0.06875
0 0.03359375 0.15078125 0.0359375 0.04609375
0 0.62734375 0.3875 0.03828125 0.0578125
0 0.709375 0.0953125 0.01875 0.0265625
0 0.68203125 0.0296875 0.01796875 0.025
0 0.6671875 0.5578125 0.04765625 0.08984375
0 0.0703125 0.34453125 0.04375 0.0625
0 0.70859375 0.1734375 0.0203125 0.02890625
0 0.93984375 0.50546875 0.03984375 0.059375
0 0.309375 0.17578125 0.0328125 0.0484375
0 0.09921875 0.4984375 0.0484375 0.07890625
0 0.625 0.08828125 0.021875 0.03203125
0 0.9 0.353125 0.02890625 0.0453125
0 0.9734375 0.4765625 0.034375 0.053125
0 0.5484375 0.04453125 0.01796875 0.025
0 0.20390625 0.2359375 0.040625 0.0640625
0 0.37421875 0.1015625 0.025 0.03046875
0 0.7703125 0.19375 0.021875 0.03828125
0 0.66015625 0.04375 0.01640625 0.025
0 0.446875 0.3125 0.04140625 0.0546875
0 0.8515625 0.3109375 0.02734375 0.046875
0 0.44375 0.20234375 0.03359375 0.04609375
0 0.02421875 0.1109375 0.03359375 0.04375
0 0.7421875 0.24609375 0.02265625 0.0359375
0 0.80859375 0.225 0.0234375 0.0359375
0 0.5734375 0.40078125 0.04140625 0.06953125
0 0.4734375 0.24765625 0.0375 0.05234375
0 0.2390625 0.0671875 0.01953125 0.0328125
0 0.865625 0.55078125 0.0421875 0.0578125
0 0.61875 0.4796875 0.04140625 0.06796875
0 0.2953125 0.28046875 0.03984375 0.06484375
0 0.71015625 0.2125 0.02578125 0.03515625
0 0.41640625 0.16484375 0.03359375 0.04921875
0 0.13984375 0.24921875 0.04375 0.0609375
0 0.415625 0.04453125 0.01875 0.02890625
0 0.796875 0.4125 0.03203125 0.0546875
0 0.90234375 0.5265625 0.0390625 0.05
0 0.58515625 0.3359375 0.03671875 0.04765625
0 0.60859375 0.18515625 0.02421875 0.034375
0 0.67421875 0.37734375 0.03359375 0.05
0 0.7375 0.16171875 0.01953125 0.0296875
0 0.6578125 0.68359375 0.0640625 0.1140625
0 0.828125 0.57578125 0.0421875 0.06875
0 0.3640625 0.17109375 0.03203125 0.04609375
0 0.534375 0.1921875 0.02578125 0.04140625
0 0.53984375 0.065625 0.01796875 0.025
0 0.67109375 0.31328125 0.02578125 0.034375
0 0.746875 0.29609375 0.03203125 0.04609375
0 0.46328125 0.16171875 0.028125 0.04375
0 0.653125 0.115625 0.02109375 0.03203125
0 0.7203125 0.43671875 0.03828125 0.0578125
0 0.28984375 0.13671875 0.03046875 0.05
0 0.8828125 0.29296875 0.02265625 0.0375
0 0.3421875 0.13359375 0.0296875 0.0421875
0 0.27109375 0.1109375 0.02890625 0.03359375
0 0.834375 0.4015625 0.0296875 0.046875
0 0.27734375 0.43359375 0.04296875 0.06015625
0 0.815625 0.27578125 0.028125 0.0421875
0 0.0453125 0.73828125 0.04375 0.07109375
0 0.7125 0.2609375 0.0296875 0.0453125
0 0.58984375 0.1171875 0.01875 0.0265625
0 0.44375 0.00859375 0.0171875 0.0171875
0 0.6015625 0.2296875 0.025 0.03515625
0 0.38671875 0.321875 0.04453125 0.06953125
0 0.67265625 0.4578125 0.04140625 0.06484375
0 0.49140625 0.5296875 0.04609375 0.08203125
0 0.19453125 0.02734375 0.01796875 0.0359375
0 0.021875 0.6359375 0.03984375 0.0703125
0 0.01640625 0.07109375 0.028125 0.03359375
0 0.7765625 0.61015625 0.0484375 0.08359375
0 0.39140625 0.1265625 0.0265625 0.0390625
0 0.87734375 0.24296875 0.0234375 0.03828125
0 0.21796875 0.55546875 0.05234375 0.07421875
0 0.8375 0.2046875 0.02734375 0.03671875
0 0.25625 0.08671875 0.02421875 0.034375
0 0.10546875 0.03984375 0.02265625 0.0375
0 0.96328125 0.584375 0.04140625 0.06640625
0 0.3234375 0.10390625 0.02265625 0.03359375
0 0.809375 0.478125 0.03984375 0.06484375
0 0.2171875 0.11640625 0.02734375 0.040625
0 0.45703125 0.45625 0.040625 0.06953125
0 0.9203125 0.42578125 0.03515625 0.05703125
0 0.79375 0.134375 0.021875 0.03359375
0 0.24765625 0.35546875 0.0375 0.0671875
0 0.84375 0.25625 0.02890625 0.03984375
0 0.784375 0.734375 0.0609375 0.10859375
0 0.790625 0.91953125 0.0640625 0.1125
0 0.65078125 0.15 0.02109375 0.02890625
0 0.17734375 0.06171875 0.021875 0.03203125
0 0.765625 0.1078125 0.0234375 0.0296875
0 0.55859375 0.09296875 0.01796875 0.0234375
0 0.6125 0.15078125 0.0203125 0.0296875
0 0.71875 0.640625 0.05859375 0.0984375
0 0.5390625 0.61640625 0.05234375 0.08984375
0 0.60078125 0.59140625 0.0453125 0.103125
0 0.28359375 0.05703125 0.01875 0.03046875
0 0.0125 0.434375 0.025 0.0625
0 0.5078125 0.00859375 0.01640625 0.0171875
0 0.4625 0.6671875 0.0609375 0.11640625
0 0.5515625 0.2875 0.03125 0.0484375
0 0.17890625 0.83125 0.05625 0.10078125
0 0.190625 0.0734375 0.01953125 0.0296875
0 0.4625 0.0203125 0.0171875 0.02421875
0 0.0703125 0.0671875 0.025 0.034375
0 0.2703125 0.04609375 0.015625 0.0234375
0 0.47890625 0.96875 0.07265625 0.06171875
0 0.73515625 0.07890625 0.01875 0.02890625
0 0.315625 0.03828125 0.0171875 0.025
0 0.90859375 0.78203125 0.05546875 0.09375
0 0.09140625 0.12890625 0.03359375 0.040625
0 0.225 0.05234375 0.01796875 0.0328125
0 0.16484375 0.05078125 0.01875 0.0296875
0 0.7109375 0.05625 0.01796875 0.025
0 0.98125 0.9078125 0.0375 0.09609375
0 0.1328125 0.07734375 0.0328125 0.0328125
0 0.93359375 0.96015625 0.0578125 0.0734375
0 0.84453125 0.6953125 0.05625 0.1
0 0.7375 0.11875 0.02109375 0.03046875
0 0.95390625 0.7546875 0.05546875 0.09453125
0 0.1203125 0.0609375 0.021875 0.028125
0 0.20390625 0.09296875 0.02734375 0.03515625
0 0.16953125 0.37734375 0.04140625 0.06640625
0 0.40703125 0.00859375 0.0171875 0.0171875
0 0.0578125 0.0421875 0.02421875 0.0359375
0 0.8625 0.84921875 0.0609375 0.0953125
0 0.14453125 0.69140625 0.046875 0.0796875
0 0.21171875 0.0421875 0.01640625 0.03125
0 0.0609375 0.90078125 0.05546875 0.08046875
0 0.0765625 0.08515625 0.03046875 0.02578125
0 0.86953125 0.38125 0.03515625 0.05390625
0 0.884375 0.6484375 0.05 0.075
0 0.01796875 0.53203125 0.0359375 0.07734375
0 0.88359375 0.45 0.0375 0.05625
0 0.378125 0.71015625 0.05625 0.1234375
0 0.1984375 0.18671875 0.03828125 0.05
0 0.59921875 0.0625 0.01796875 0.02734375
0 0.828125 0.1609375 0.01796875 0.03125
0 0.4203125 0.56875 0.04921875 0.09609375
0 0.7171875 0.52578125 0.0421875 0.07265625
0 0.3765625 0.01171875 0.0203125 0.021875
0 0.3390625 0.59765625 0.05703125 0.0953125
0 0.32265625 0.009375 0.01796875 0.01796875
0 0.58359375 0.01015625 0.01953125 0.0203125
0 0.9875 0.70078125 0.025 0.09921875
0 0.09453125 0.02421875 0.0203125 0.0328125
0 0.21796875 0.965625 0.05546875 0.06875
0 0.28984375 0.78125 0.059375 0.1171875
0 0.5859375 0.7296875 0.05625 0.1078125
0 0.92890625 0.6203125 0.040625 0.06171875
0 0.04375 0.0203125 0.021875 0.02734375
0 0.478125 0.009375 0.01875 0.01875
0 0.565625 0.91875 0.0703125 0.13984375
0 0.33671875 0.01796875 0.01484375 0.025
0 0.0796875 0.01328125 0.02109375 0.0265625
0 0.76328125 0.071875 0.01953125 0.025
0 0.08515625 0.1078125 0.02734375 0.02734375
0 0.14765625 0.0296875 0.02109375 0.03828125
0 0.7328125 0.02421875 0.01640625 0.02109375
0 0.61484375 0.00703125 0.01796875 0.0140625
0 0.50625 0.7890625 0.065625 0.1421875
0 0.74375 0.1578125 0.0234375 0.03359375
0 0.33046875 0.88828125 0.06171875 0.1078125
0 0.43046875 0.8375 0.0515625 0.11015625
0 0.990625 0.55625 0.01875 0.08125
0 0.715625 0.79296875 0.0578125 0.10390625
0 0.659375 0.01015625 0.01640625 0.01953125
0 0.17109375 0.05390625 0.021875 0.0328125
0 0.64765625 0.8453125 0.0625 0.10703125