0 0.24765625 0.8421875 0.096875 0.203125
0 0.0796875 0.92890625 0.10546875 0.1421875
0 0.03046875 0.759375 0.06015625 0.17265625
0 0.18515625 0.6828125 0.0953125 0.18828125
0 0.1359375 0.5203125 0.09296875 0.16796875
0 0.09453125 0.375 0.0671875 0.125
0 0.0546875 0.28359375 0.06796875 0.14609375
0 0.09453125 0.07109375 0.053125 0.0890625
0 0.12734375 0.1484375 0.06875 0.14375
0 0.17734375 0.22265625 0.0828125 0.14609375
0 0.2171875 0.3265625 0.08125 0.15234375
0 0.26328125 0.4515625 0.0921875 0.17109375
0 0.33203125 0.59375 0.09453125 0.1828125
0 0.40234375 0.71640625 0.11875 0.24140625
0 0.48515625 0.90078125 0.12890625 0.18828125
0 0.6296875 0.79296875 0.09140625 0.18671875
0 0.5375 0.61640625 0.09765625 0.17578125
0 0.46328125 0.4796875 0.0890625 0.14375
0 0.396875 0.4 0.08359375 0.1734375
0 0.3390625 0.284375 0.07890625 0.13203125
0 0.29296875 0.17734375 0.06328125 0.1
0 0.253125 0.0984375 0.053125 0.090625
0 0.20546875 0.040625 0.0703125 0.08125
0 0.35390625 0.053125 0.0671875 0.10625
0 0.39453125 0.12890625 0.03828125 0.078125
0 0.48046875 0.075 0.05859375 0.1015625
0 0.57109375 0.0375 0.05546875 0.075
0 0.54609375 0.13828125 0.05703125 0.12578125
0 0.63359375 0.10078125 0.07109375 0.109375
0 0.7046875 0.05546875 0.0453125 0.07890625
0 0.86640625 0.0703125 0.07109375 0.10859375
0 0.9578125 0.13671875 0.07890625 0.1296875
0 0.86328125 0.2 0.06953125 0.12265625
0 0.79296875 0.11640625 0.0796875 0.109375
0 0.7015625 0.175 0.0734375 0.10859375
0 0.60859375 0.23046875 0.06953125 0.109375
0 0.690625 0.33359375 0.0890625 0.15859375
0 0.57578125 0.3890625 0.10078125 0.15
0 0.7828125 0.2625 0.07734375 0.1296875
0 0.9625 0.30234375 0.075 0.134375
0 0.87265625 0.36484375 0.08359375 0.128125
0 0.77421875 0.43984375 0.12109375 0.1640625
0 0.66796875 0.534375 0.0984375 0.1921875
0 0.7671875 0.69140625 0.11171875 0.1859375
0 0.86875 0.5796875 0.08671875 0.1640625
0 0.8671875 0.85703125 0.12421875 0.28515625