0 0.3484375 0.06640625 0.05078125 0.08125
0 0.21484375 0.03359375 0.0546875 0.0671875
0 0.4375 0.03203125 0.05 0.0640625
0 0.928125 0.29375 0.06015625 0.10078125
0 0.3984375 0.1671875 0.0546875 0.09296875
0 0.115625 0.078125 0.05 0.078125
0 0.71171875 0.128125 0.05546875 0.0828125
0 0.15703125 0.18203125 0.05390625 0.08203125
0 0.546875 0.21796875 0.06015625 0.1171875
0 0.56953125 0.065625 0.0578125 0.0828125
0 0.78359375 0.23125 0.0671875 0.109375
0 0.84765625 0.35390625 0.06015625 0.08984375
0 0.4859375 0.11171875 0.05859375 0.11015625
0 0.0921875 0.36796875 0.0578125 0.09140625
0 0.85234375 0.05625 0.0515625 0.0890625
0 0.6078125 0.334375 0.06484375 0.12109375
0 0.25859375 0.1265625 0.0546875 0.090625
0 0.5140625 0.4078125 0.071875 0.1203125
0 0.86171875 0.19765625 0.05625 0.0984375
0 0.7546875 0.63203125 0.05 0.096875
0 0.4 0.48515625 0.0640625 0.121875
0 0.69453125 0.2890625 0.06953125 0.10390625
0 0.17109375 0.6515625 0.06484375 0.13828125
0 0.6765625 0.4625 0.05859375 0.10078125
0 0.02265625 0.12265625 0.0453125 0.0796875
0 0.2359375 0.8296875 0.090625 0.13828125
0 0.98125 0.25703125 0.0375 0.08671875
0 0.97890625 0.10546875 0.0421875 0.0859375
0 0.465625 0.62421875 0.0703125 0.11875
0 0.91640625 0.14375 0.04921875 0.08203125
0 0.8546875 0.5578125 0.06015625 0.09296875
0 0.12578125 0.49609375 0.0625 0.09921875
0 0.04140625 0.24375 0.0515625 0.09375
0 0.85 0.8265625 0.0625 0.1140625
0 0.7703125 0.40390625 0.0640625 0.1234375
0 0.43984375 0.91796875 0.0703125 0.14921875
0 0.303125 0.56015625 0.06875 0.11875
0 0.35703125 0.34453125 0.05703125 0.103125
0 0.20859375 0.29296875 0.05234375 0.0796875
0 0.65234375 0.0328125 0.0578125 0.065625
0 0.35390625 0.73203125 0.0625 0.12421875
0 0.01953125 0.584375 0.0390625 0.121875
0 0.24140625 0.425 0.05625 0.09375
0 0.78046875 0.0875 0.04765625 0.09296875
0 0.0390625 0.73984375 0.07421875 0.10859375
0 0.2984375 0.23359375 0.0515625 0.09453125
0 0.7390625 0.93515625 0.07265625 0.1234375
0 0.65625 0.73046875 0.07578125 0.1203125
0 0.9375 0.73203125 0.0546875 0.0953125
0 0.53359375 0.83515625 0.0671875 0.14375
0 0.9328125 0.484375 0.05625 0.08984375
0 0.5765625 0.54765625 0.0640625 0.09609375
0 0.4546875 0.28125 0.05859375 0.1140625