0 0.97265625 0.0421875 0.0546875 0.08203125
0 0.89375 0.04609375 0.0625 0.06171875
0 0.92421875 0.11328125 0.0796875 0.0984375
0 0.9640625 0.2046875 0.04375 0.0484375
0 0.80078125 0.0609375 0.05859375 0.06171875
0 0.8234375 0.1296875 0.04921875 0.08125
0 0.8546875 0.22421875 0.02734375 0.040625
0 0.88515625 0.31875 0.05859375 0.0578125
0 0.9203125 0.4359375 0.0296875 0.04296875
0 0.9703125 0.57734375 0.0546875 0.090625
0 0.69765625 0.02421875 0.05078125 0.04765625
0 0.70859375 0.07578125 0.046875 0.0546875
0 0.7296875 0.14921875 0.04453125 0.0703125
0 0.75 0.24296875 0.03984375 0.05390625
0 0.7734375 0.3375 0.0359375 0.0703125
0 0.8 0.4546875 0.05234375 0.0703125
0 0.83046875 0.5921875 0.046875 0.0609375
0 0.86953125 0.759375 0.05 0.071875
0 0.9296875 0.96484375 0.0890625 0.06953125
0 0.62265625 0.0265625 0.05703125 0.053125
0 0.62421875 0.08828125 0.05 0.059375
0 0.6359375 0.16484375 0.04765625 0.07265625
0 0.66328125 0.3546875 0.0296875 0.03984375
0 0.67578125 0.4703125 0.0484375 0.05390625
0 0.696875 0.61015625 0.05234375 0.0703125
0 0.72109375 0.77734375 0.0453125 0.06875
0 0.64765625 0.25546875 0.0296875 0.05078125
0 0.53828125 0.034375 0.04375 0.06015625
0 0.53828125 0.103125 0.04921875 0.07734375
0 0.5453125 0.17578125 0.0453125 0.05546875
0 0.55078125 0.26328125 0.034375 0.05234375
0 0.5546875 0.36875 0.0296875 0.04765625
0 0.5625 0.48125 0.0359375 0.0546875
0 0.5671875 0.61640625 0.04609375 0.0609375
0 0.57421875 0.7921875 0.0421875 0.07109375
0 0.45703125 0.04140625 0.04765625 0.06796875
0 0.4546875 0.1078125 0.05234375 0.07421875
0 0.45546875 0.19140625 0.05390625 0.07890625
0 0.4515625 0.2796875 0.0453125 0.06328125
0 0.4515625 0.37890625 0.0375 0.059375
0 0.44609375 0.49453125 0.03203125 0.053125
0 0.44140625 0.6375 0.03515625 0.06328125
0 0.4328125 0.7984375 0.05390625 0.06875
0 0.38828125 0.01484375 0.0328125 0.0265625
0 0.38203125 0.05625 0.0484375 0.0546875
0 0.37421875 0.12578125 0.03671875 0.06171875
0 0.3671875 0.1953125 0.04609375 0.06015625
0 0.36015625 0.290625 0.03671875 0.05546875
0 0.3453125 0.39296875 0.04296875 0.06796875
0 0.33125 0.5078125 0.0421875 0.0546875
0 0.31953125 0.6546875 0.04609375 0.0578125
0 0.30078125 0.82265625 0.04453125 0.065625
0 0.31484375 0.01796875 0.02265625 0.03515625
0 0.30234375 0.071875 0.03671875 0.06171875
0 0.28828125 0.13828125 0.046875 0.06640625
0 0.27890625 0.21328125 0.04296875 0.06640625
0 0.26171875 0.3046875 0.04296875 0.0515625
0 0.24140625 0.40546875 0.04375 0.065625
0 0.22109375 0.52578125 0.03203125 0.06015625
0 0.19375 0.66328125 0.03515625 0.0671875
0 0.16328125 0.84375 0.04765625 0.08125
0 0.240625 0.021875 0.02421875 0.0390625
0 0.22265625 0.08046875 0.0390625 0.0578125
0 0.209375 0.1484375 0.040625 0.0625
0 0.18984375 0.221875 0.0390625 0.06796875
0 0.16796875 0.31484375 0.03203125 0.0515625
0 0.14453125 0.41640625 0.05625 0.07265625
0 0.11328125 0.53359375 0.04140625 0.06171875
0 0.075 0.67890625 0.05546875 0.09140625
0 0.028125 0.8484375 0.03984375 0.075
0 0.07421875 0.325 0.03359375 0.0421875
0 0.04140625 0.43125 0.04140625 0.0625