0 0.9203125 0.63671875 0.078125 0.1359375
0 0.8140625 0.73359375 0.0921875 0.13359375
0 0.70546875 0.8671875 0.07734375 0.12734375
0 0.94609375 0.2671875 0.06328125 0.09609375
0 0.8609375 0.35859375 0.075 0.13828125
0 0.7734375 0.4546875 0.0734375 0.12578125
0 0.68515625 0.54765625 0.065625 0.1234375
0 0.55703125 0.6609375 0.08046875 0.115625
0 0.4125 0.75625 0.08125 0.1375
0 0.2765625 0.88515625 0.090625 0.146875
0 0.90703125 0.06015625 0.07734375 0.11171875
0 0.83046875 0.1375 0.06484375 0.1015625
0 0.74375 0.228125 0.07578125 0.1015625
0 0.6484375 0.3140625 0.06953125 0.12890625
0 0.5484375 0.39453125 0.07578125 0.14140625
0 0.42734375 0.49921875 0.08359375 0.1265625
0 0.30546875 0.5859375 0.071875 0.1234375
0 0.1671875 0.6984375 0.07890625 0.13046875
0 0.71015625 0.0453125 0.0703125 0.090625
0 0.63125 0.11484375 0.06953125 0.10859375
0 0.53828125 0.20234375 0.0734375 0.11953125
0 0.440625 0.27421875 0.08828125 0.13046875
0 0.33046875 0.35 0.0828125 0.1296875
0 0.196875 0.44453125 0.07578125 0.10859375
0 0.06796875 0.53203125 0.07421875 0.13203125
0 0.42734375 0.08359375 0.071875 0.1265625
0 0.33984375 0.17265625 0.07109375 0.11171875
0 0.234375 0.24453125 0.08515625 0.1390625
0 0.13203125 0.33046875 0.0640625 0.13046875
0 0.26171875 0.0890625 0.06640625 0.1125
0 0.16484375 0.159375 0.07421875 0.14140625
0 0.05546875 0.23828125 0.075 0.13828125
0 0.1015625 0.0796875 0.05859375 0.13046875