0 0.56640625 0.0734375 0.075 0.1390625
0 0.31875 0.06015625 0.08125 0.11953125
0 0.390625 0.16640625 0.07890625 0.15078125
0 0.7890625 0.1046875 0.059375 0.10859375
0 0.484375 0.11640625 0.078125 0.1578125
0 0.90625 0.03984375 0.053125 0.0796875
0 0.1265625 0.1375 0.08046875 0.1703125
0 0.225 0.08671875 0.07421875 0.134375
0 0.72734375 0.15078125 0.0734375 0.11640625
0 0.82265625 0.26171875 0.06796875 0.11796875
0 0.6328125 0.0453125 0.0625 0.08984375
0 0.3 0.19921875 0.078125 0.15078125
0 0.03203125 0.16953125 0.0640625 0.1328125
0 0.19375 0.25625 0.084375 0.1609375
0 0.671875 0.36640625 0.08046875 0.1359375
0 0.08046875 0.31953125 0.0875 0.146875
0 0.06328125 0.04453125 0.0703125 0.0890625
0 0.4765625 0.290625 0.084375 0.15625
0 0.88828125 0.2109375 0.06171875 0.103125
0 0.09453125 0.80078125 0.08984375 0.16953125
0 0.4765625 0.50546875 0.10234375 0.19140625
0 0.95546875 0.0203125 0.04765625 0.040625
0 0.575 0.22734375 0.090625 0.13671875
0 0.7546875 0.31328125 0.08203125 0.1359375
0 0.46953125 0.78203125 0.10078125 0.1828125
0 0.24140625 0.68828125 0.1 0.18515625
0 0.14921875 0.47734375 0.090625 0.16484375
0 0.8015625 0.7953125 0.1015625 0.16875
0 0.33984375 0.90234375 0.10234375 0.19453125
0 0.40859375 0.03125 0.0796875 0.0625
0 0.6546875 0.1765625 0.0765625 0.1328125
0 0.8515625 0.07109375 0.05703125 0.1
0 0.96328125 0.58046875 0.0734375 0.1828125
0 0.92109375 0.38046875 0.0734375 0.13203125
0 0.709375 0.02734375 0.0578125 0.05390625
0 0.36015625 0.5953125 0.09296875 0.1734375
0 0.0359375 0.5703125 0.07109375 0.153125
0 0.3734375 0.35703125 0.0859375 0.19140625
0 0.26796875 0.3921875 0.07734375 0.14453125
0 0.5734375 0.96015625 0.11015625 0.07890625
0 0.778125 0.509375 0.0859375 0.140625
0 0.97734375 0.33671875 0.04453125 0.13515625
0 0.9421875 0.175 0.06484375 0.09609375
0 0.890625 0.6765625 0.0765625 0.12421875
0 0.58359375 0.6765625 0.06640625 0.13125
0 0.68046875 0.60625 0.07734375 0.1296875
0 0.56953125 0.428125 0.0640625 0.12890625