0 0.6703125 0.28203125 0.06796875 0.125
0 0.75703125 0.36953125 0.10625 0.1609375
0 0.8859375 0.46796875 0.12421875 0.171875
0 0.953125 0.81796875 0.09375 0.2265625
0 0.803125 0.6546875 0.1 0.1984375
0 0.6453125 0.51953125 0.09296875 0.1640625
0 0.5671875 0.39296875 0.11015625 0.1828125
0 0.49296875 0.3109375 0.09453125 0.15
0 0.6734375 0.8859375 0.115625 0.22734375
0 0.540625 0.6984375 0.1125 0.20703125
0 0.4484375 0.54140625 0.10859375 0.17421875
0 0.35078125 0.4375 0.128125 0.17265625
0 0.30546875 0.31953125 0.10703125 0.15859375
0 0.2578125 0.71328125 0.16328125 0.2734375
0 0.190625 0.54765625 0.13203125 0.190625
0 0.1390625 0.4296875 0.10625 0.16953125
0 0.109375 0.3359375 0.1109375 0.1421875