0 0.81328125 0.103125 0.07265625 0.1234375
0 0.6453125 0.04921875 0.07265625 0.0984375
0 0.7203125 0.14375 0.07109375 0.1171875
0 0.603125 0.3796875 0.0734375 0.14765625
0 0.47578125 0.4296875 0.078125 0.121875
0 0.33984375 0.1375 0.06953125 0.125
0 0.52265625 0.21796875 0.0765625 0.1234375
0 0.02421875 0.14609375 0.04765625 0.096875
0 0.25625 0.346875 0.0734375 0.109375
0 0.62421875 0.18046875 0.06953125 0.125
0 0.4578125 0.11484375 0.06796875 0.1109375
0 0.734375 0.028125 0.065625 0.05625
0 0.33828125 0.5078125 0.07421875 0.12265625
0 0.39453125 0.27890625 0.06484375 0.1171875
0 0.89453125 0.07265625 0.06484375 0.11015625
0 0.55546875 0.06796875 0.059375 0.0875
0 0.90703125 0.23203125 0.06640625 0.1203125
0 0.09765625 0.4234375 0.0796875 0.1171875
0 0.97734375 0.03828125 0.04453125 0.07578125
0 0.7984375 0.27734375 0.059375 0.09296875
0 0.16875 0.603125 0.0671875 0.1171875
0 0.80390625 0.74453125 0.08203125 0.13828125
0 0.27890625 0.0484375 0.0703125 0.096875
0 0.03828125 0.27578125 0.0734375 0.103125
0 0.67265625 0.828125 0.0796875 0.15625
0 0.15 0.09375 0.07265625 0.09375
0 0.5203125 0.94765625 0.0953125 0.09765625
0 0.6953125 0.53203125 0.08203125 0.14375
0 0.97578125 0.19296875 0.0484375 0.12890625
0 0.4171875 0.69921875 0.09453125 0.17578125
0 0.9203125 0.6734375 0.065625 0.1171875
0 0.5609375 0.609375 0.071875 0.15
0 0.80234375 0.48515625 0.06015625 0.10625
0 0.23359375 0.8234375 0.0859375 0.165625
0 0.7140625 0.31484375 0.0546875 0.103125
0 0.90234375 0.425 0.0703125 0.11875
0 0.20078125 0.19453125 0.053125 0.09609375