0 0.9703125 0.92890625 0.059375 0.13359375
0 0.95625 0.79765625 0.07109375 0.16015625
0 0.86875 0.8375 0.06640625 0.15546875
0 0.77265625 0.8609375 0.065625 0.13828125
0 0.6828125 0.75 0.06953125 0.125
0 0.77734375 0.7171875 0.053125 0.1140625
0 0.86328125 0.68671875 0.0765625 0.1359375
0 0.9453125 0.653125 0.06796875 0.1484375
0 0.86171875 0.5484375 0.07109375 0.1390625
0 0.93515625 0.5328125 0.06640625 0.11640625
0 0.93125 0.40234375 0.06953125 0.13828125
0 0.84609375 0.42734375 0.05 0.11015625
0 0.84453125 0.31640625 0.0484375 0.128125
0 0.93671875 0.28125 0.059375 0.1078125
0 0.92109375 0.1796875 0.05546875 0.13046875
0 0.90703125 0.06875 0.0546875 0.1375
0 0.83984375 0.2 0.05 0.1265625
0 0.83828125 0.09140625 0.046875 0.121875
0 0.74765625 0.0453125 0.05546875 0.08984375
0 0.7625 0.1203125 0.05546875 0.11796875
0 0.76484375 0.22578125 0.06640625 0.1328125
0 0.76640625 0.46875 0.06640625 0.13515625
0 0.759375 0.34296875 0.06875 0.11953125
0 0.77421875 0.6 0.07109375 0.1375
0 0.68125 0.61328125 0.07109375 0.11484375
0 0.68046875 0.49140625 0.06796875 0.1421875
0 0.68203125 0.3625 0.065625 0.1125
0 0.68046875 0.25 0.06484375 0.1234375
0 0.675 0.14296875 0.065625 0.13515625
0 0.6765625 0.05546875 0.06640625 0.11015625
0 0.590625 0.6328125 0.06328125 0.14453125
0 0.59140625 0.521875 0.0703125 0.128125
0 0.5953125 0.3890625 0.06484375 0.146875
0 0.5890625 0.278125 0.06875 0.1328125
0 0.59765625 0.1546875 0.05703125 0.121875
0 0.5921875 0.0640625 0.0515625 0.0859375
0 0.50859375 0.684375 0.065625 0.13359375
0 0.5 0.55078125 0.06875 0.134375
0 0.50625 0.415625 0.0703125 0.14453125
0 0.51484375 0.29765625 0.06015625 0.12265625
0 0.509375 0.20234375 0.06171875 0.09921875
0 0.515625 0.090625 0.05390625 0.1265625
0 0.43125 0.11171875 0.05859375 0.09921875
0 0.4296875 0.225 0.05703125 0.109375
0 0.43203125 0.3328125 0.06328125 0.1109375
0 0.42421875 0.44765625 0.071875 0.134375
0 0.41796875 0.5796875 0.06875 0.128125
0 0.33203125 0.60390625 0.06875 0.10859375
0 0.3296875 0.48359375 0.08203125 0.134375
0 0.33828125 0.3609375 0.06796875 0.13671875
0 0.34375 0.24140625 0.053125 0.1328125
0 0.35390625 0.14375 0.0609375 0.12890625
0 0.35703125 0.04765625 0.07421875 0.09453125
0 0.25 0.5234375 0.07421875 0.1390625
0 0.259375 0.37890625 0.0671875 0.1265625
0 0.26484375 0.26953125 0.06640625 0.128125
0 0.26640625 0.1453125 0.05859375 0.13046875
0 0.278125 0.03984375 0.06015625 0.0796875
0 0.19765625 0.0640625 0.0546875 0.128125
0 0.18203125 0.1796875 0.05703125 0.13671875
0 0.178125 0.28828125 0.0640625 0.1375
0 0.171875 0.41015625 0.05390625 0.13359375
0 0.078125 0.4453125 0.06171875 0.1140625
0 0.0875 0.325 0.071875 0.1328125
0 0.1046875 0.20390625 0.05546875 0.1171875
0 0.10390625 0.10625 0.05625 0.103125
0 0.1203125 0.03515625 0.0484375 0.0703125
0 0.02109375 0.33828125 0.0421875 0.1421875
0 0.028125 0.2328125 0.05625 0.11484375
0 0.03203125 0.13359375 0.0609375 0.103125
0 0.03671875 0.0515625 0.0640625 0.103125