0 0.45859375 0.03984375 0.046875 0.07890625
0 0.86015625 0.05390625 0.0484375 0.0734375
0 0.24375 0.0484375 0.05625 0.08046875
0 0.04140625 0.16484375 0.07421875 0.1203125
0 0.665625 0.04375 0.05625 0.084375
0 0.1125 0.03046875 0.0625 0.0609375
0 0.06484375 0.74375 0.075 0.13828125
0 0.1453125 0.10234375 0.06796875 0.096875
0 0.2921875 0.4265625 0.06484375 0.109375
0 0.50390625 0.13671875 0.0515625 0.09453125
0 0.9390625 0.3203125 0.04921875 0.07421875
0 0.28515625 0.1390625 0.053125 0.08828125
0 0.33671875 0.24921875 0.0625 0.103125
0 0.92734375 0.02734375 0.05546875 0.05390625
0 0.96640625 0.528125 0.0671875 0.1375
0 0.72421875 0.12890625 0.05 0.08359375
0 0.11875 0.3875 0.0640625 0.0984375
0 0.446875 0.4609375 0.059375 0.12265625
0 0.196875 0.19921875 0.06171875 0.0984375
0 0.15625 0.49765625 0.0765625 0.1421875
0 0.33671875 0.53515625 0.05859375 0.11953125
0 0.58515625 0.08828125 0.05625 0.09609375
0 0.86640625 0.19375 0.04921875 0.07265625
0 0.125 0.9109375 0.06796875 0.12421875
0 0.034375 0.59296875 0.06640625 0.09921875
0 0.3734375 0.090625 0.040625 0.07578125
0 0.7984375 0.0890625 0.05078125 0.09765625
0 0.73984375 0.02421875 0.06171875 0.0484375
0 0.08515625 0.28203125 0.0671875 0.1
0 0.38828125 0.35390625 0.06328125 0.1015625
0 0.23671875 0.3015625 0.06328125 0.09609375
0 0.78984375 0.25 0.04296875 0.08515625
0 0.478125 0.875 0.0765625 0.14765625
0 0.515625 0.6015625 0.065625 0.13203125
0 0.3953125 0.7078125 0.0671875 0.140625
0 0.259375 0.80234375 0.0515625 0.121875
0 0.78125 0.64765625 0.059375 0.10703125
0 0.88125 0.81015625 0.04921875 0.08203125
0 0.60546875 0.55 0.05859375 0.10859375
0 0.703125 0.50703125 0.06015625 0.11640625
0 0.5578125 0.409375 0.059375 0.125
0 0.5625 0.234375 0.059375 0.09375
0 0.48125 0.30078125 0.0546875 0.09296875
0 0.86875 0.378125 0.05390625 0.0890625
0 0.43203125 0.19375 0.0515625 0.08203125
0 0.5921875 0.78125 0.0703125 0.11328125
0 0.6890625 0.95625 0.07265625 0.08046875
0 0.6453125 0.18125 0.059375 0.0859375
0 0.7921875 0.89140625 0.0609375 0.11796875
0 0.22109375 0.6328125 0.06328125 0.10625
0 0.871875 0.5765625 0.053125 0.0859375
0 0.61875 0.3640625 0.05703125 0.10546875
0 0.71328125 0.31015625 0.06875 0.09609375
0 0.97109375 0.72578125 0.04453125 0.07421875
0 0.7859375 0.44921875 0.0578125 0.0984375
0 0.6875 0.70703125 0.0671875 0.09375
0 0.93359375 0.14921875 0.053125 0.0796875