0 0.05390625 0.94609375 0.1078125 0.1078125
0 0.07421875 0.83125 0.096875 0.103125
0 0.0828125 0.71875 0.08984375 0.09609375
0 0.0875 0.609375 0.1109375 0.109375
0 0.09296875 0.51328125 0.1140625 0.08828125
0 0.103125 0.41796875 0.10390625 0.11328125
0 0.1109375 0.31796875 0.1125 0.096875
0 0.10703125 0.2375 0.08046875 0.078125
0 0.11875 0.1578125 0.10078125 0.09375
0 0.1359375 0.078125 0.0828125 0.07734375
0 0.27265625 0.0625 0.090625 0.0828125
0 0.265625 0.13984375 0.10625 0.11171875
0 0.2734375 0.23203125 0.0984375 0.10625
0 0.25234375 0.303125 0.08359375 0.096875
0 0.26171875 0.39453125 0.09609375 0.08359375
0 0.24453125 0.4953125 0.109375 0.08828125
0 0.25390625 0.5921875 0.10390625 0.1078125
0 0.2484375 0.69609375 0.12421875 0.11640625
0 0.2390625 0.80546875 0.115625 0.10234375
0 0.23828125 0.9234375 0.10390625 0.109375
0 0.41015625 0.896875 0.109375 0.1109375
0 0.40625 0.7828125 0.1140625 0.10390625
0 0.41328125 0.67890625 0.1140625 0.10625
0 0.41328125 0.5703125 0.11796875 0.10625
0 0.41328125 0.48125 0.103125 0.09296875
0 0.41796875 0.375 0.08984375 0.08203125
0 0.4078125 0.29296875 0.1015625 0.12109375
0 0.41875 0.2078125 0.10546875 0.096875
0 0.4109375 0.125 0.0921875 0.0890625
0 0.4015625 0.04609375 0.0921875 0.06796875
0 0.55078125 0.03828125 0.084375 0.07578125
0 0.546875 0.115625 0.109375 0.07890625
0 0.5609375 0.1953125 0.08359375 0.07734375
0 0.55859375 0.26484375 0.10390625 0.0921875
0 0.55546875 0.35078125 0.0984375 0.1078125
0 0.58203125 0.44765625 0.1 0.0984375
0 0.5609375 0.54765625 0.11796875 0.1109375
0 0.56484375 0.646875 0.10390625 0.09296875
0 0.575 0.7609375 0.125 0.11875
0 0.575 0.8640625 0.10546875 0.1140625
0 0.74921875 0.95 0.10703125 0.09921875
0 0.9203125 0.93046875 0.12578125 0.11796875
0 0.9078125 0.8171875 0.1046875 0.0984375
0 0.7484375 0.84765625 0.1 0.09140625
0 0.74296875 0.7390625 0.1203125 0.103125
0 0.7296875 0.6375 0.13828125 0.10078125
0 0.9 0.71171875 0.1125 0.11328125
0 0.89765625 0.603125 0.10078125 0.09296875
0 0.728125 0.53515625 0.11796875 0.09296875
0 0.878125 0.50859375 0.10703125 0.09765625
0 0.87421875 0.4171875 0.1 0.0859375
0 0.7203125 0.44609375 0.109375 0.0984375
0 0.7265625 0.34765625 0.11171875 0.11796875
0 0.85859375 0.33046875 0.1078125 0.12265625
0 0.6984375 0.25703125 0.1140625 0.08984375
0 0.7015625 0.1765625 0.090625 0.0859375
0 0.70546875 0.09921875 0.08671875 0.10078125
0 0.8359375 0.07421875 0.08828125 0.10625
0 0.85546875 0.14296875 0.071875 0.06015625
0 0.84921875 0.2265625 0.096875 0.09921875
0 0.9703125 0.2171875 0.05859375 0.09296875
0 0.9625 0.12109375 0.0640625 0.0796875
0 0.95546875 0.0515625 0.07109375 0.09296875