0 0.846875 0.85390625 0.21484375 0.29140625
0 0.92734375 0.553125 0.1453125 0.35
0 0.6390625 0.52734375 0.16953125 0.3078125
0 0.39375 0.74140625 0.15546875 0.246875
0 0.35625 0.4171875 0.13828125 0.27421875
0 0.134375 0.40546875 0.07265625 0.1984375
0 0.05078125 0.6578125 0.1015625 0.2421875
0 0.2609375 0.21484375 0.1328125 0.28515625
0 0.51484375 0.2609375 0.08203125 0.18984375
0 0.7234375 0.3265625 0.109375 0.1765625
0 0.76484375 0.2359375 0.1078125 0.1828125
0 0.83359375 0.19140625 0.0890625 0.16953125
0 0.95859375 0.2296875 0.0828125 0.309375
0 0.66484375 0.1703125 0.090625 0.16015625
0 0.5875 0.0859375 0.06953125 0.1234375
0 0.45859375 0.1765625 0.08671875 0.17265625
0 0.0328125 0.23828125 0.065625 0.328125
0 0.12734375 0.14921875 0.11796875 0.265625