0 0.009375 0.3171875 0.01875 0.08125
0 0.0765625 0.33984375 0.053125 0.0578125
0 0.059375 0.3875 0.04609375 0.05546875
0 0.0375 0.42265625 0.04921875 0.0515625
0 0.01796875 0.46015625 0.03203125 0.071875
0 0.028125 0.640625 0.05390625 0.08046875
0 0.01328125 0.725 0.0265625 0.075
0 0.04375 0.5640625 0.07109375 0.07109375
0 0.084375 0.5046875 0.071875 0.06640625
0 0.09375 0.440625 0.0515625 0.06328125
0 0.128125 0.4 0.065625 0.0625
0 0.15078125 0.35078125 0.05234375 0.05234375
0 0.165625 0.32265625 0.03828125 0.02890625
0 0.059375 0.95078125 0.09453125 0.07734375
0 0.08671875 0.8328125 0.0953125 0.12109375
0 0.1234375 0.70859375 0.1046875 0.11328125
0 0.1640625 0.6296875 0.08046875 0.08359375
0 0.18203125 0.56484375 0.06875 0.06171875
0 0.19609375 0.5015625 0.06796875 0.065625
0 0.2109375 0.44921875 0.059375 0.05078125
0 0.215625 0.4046875 0.0640625 0.0546875
0 0.2328125 0.35859375 0.0609375 0.06484375
0 0.3125 0.3390625 0.04453125 0.05546875
0 0.30390625 0.37578125 0.04453125 0.0375
0 0.3046875 0.41328125 0.0671875 0.04375
0 0.29921875 0.4546875 0.0671875 0.03359375
0 0.29453125 0.4984375 0.0734375 0.04375
0 0.29140625 0.55078125 0.0765625 0.0515625
0 0.28515625 0.62421875 0.08359375 0.071875
0 0.27890625 0.7203125 0.10625 0.1015625
0 0.265625 0.82734375 0.10390625 0.128125
0 0.2640625 0.95078125 0.109375 0.08046875
0 0.44765625 0.95 0.08828125 0.08828125
0 0.440625 0.81640625 0.11015625 0.15625
0 0.4296875 0.70859375 0.0890625 0.08359375
0 0.41796875 0.62578125 0.09921875 0.09453125
0 0.40078125 0.55625 0.09375 0.06484375
0 0.40546875 0.49140625 0.0671875 0.07109375
0 0.396875 0.43125 0.0625 0.0734375
0 0.390625 0.3859375 0.04765625 0.04375
0 0.45 0.365625 0.04453125 0.06015625
0 0.4796875 0.40546875 0.0578125 0.05859375
0 0.48515625 0.44765625 0.05625 0.05234375
0 0.503125 0.50390625 0.040625 0.06015625
0 0.50703125 0.5546875 0.071875 0.0609375
0 0.54765625 0.625 0.06640625 0.09453125
0 0.57109375 0.70546875 0.09921875 0.10546875
0 0.6109375 0.81015625 0.1 0.12109375
0 0.63828125 0.93828125 0.11484375 0.12265625
0 0.8234375 0.915625 0.096875 0.14453125
0 0.753125 0.8109375 0.084375 0.1125
0 0.71328125 0.703125 0.10234375 0.11796875
0 0.675 0.62734375 0.08046875 0.07421875
0 0.640625 0.56484375 0.075 0.07734375
0 0.59609375 0.503125 0.0671875 0.06328125
0 0.5859375 0.45625 0.05 0.05
0 0.56640625 0.409375 0.04765625 0.0734375
0 0.5546875 0.35390625 0.034375 0.04140625
0 0.64375 0.38203125 0.05390625 0.0640625
0 0.65859375 0.4234375 0.05078125 0.05390625
0 0.678125 0.46171875 0.03984375 0.05546875
0 0.709375 0.49609375 0.04765625 0.08359375
0 0.74140625 0.5609375 0.065625 0.09765625
0 0.7953125 0.6265625 0.06171875 0.0953125
0 0.83828125 0.7046875 0.078125 0.09765625
0 0.90859375 0.796875 0.096875 0.13984375
0 0.9578125 0.90234375 0.084375 0.1578125
0 0.971875 0.6828125 0.05625 0.103125
0 0.92109375 0.62109375 0.065625 0.09296875
0 0.95625 0.54453125 0.06875 0.0609375
0 0.86171875 0.55234375 0.06015625 0.07265625
0 0.8203125 0.50390625 0.040625 0.07890625
0 0.80078125 0.45234375 0.053125 0.0984375
0 0.87109375 0.45625 0.0515625 0.06953125
0 0.9109375 0.4953125 0.05078125 0.07265625