0 0.0484375 0.41484375 0.0921875 0.0609375
0 0.06953125 0.4953125 0.11796875 0.1078125
0 0.0921875 0.58515625 0.1265625 0.08359375
0 0.11875 0.6625 0.12421875 0.08828125
0 0.165625 0.7375 0.1421875 0.0984375
0 0.203125 0.85859375 0.1859375 0.1484375
0 0.2328125 0.9625 0.14140625 0.075
0 0.5859375 0.9421875 0.1265625 0.096875
0 0.4890625 0.83671875 0.184375 0.13125
0 0.41015625 0.73671875 0.21328125 0.1046875
0 0.34375 0.64765625 0.1203125 0.09140625
0 0.28125 0.59765625 0.125 0.0828125
0 0.246875 0.525 0.13984375 0.07734375
0 0.21484375 0.48203125 0.11328125 0.05078125
0 0.2046875 0.43515625 0.11015625 0.071875
0 0.14609375 0.38828125 0.08984375 0.06015625
0 0.32578125 0.39296875 0.0703125 0.0671875
0 0.3515625 0.43984375 0.11484375 0.06796875
0 0.4015625 0.48515625 0.14375 0.0734375
0 0.41875 0.54609375 0.0890625 0.07890625
0 0.4953125 0.58359375 0.096875 0.09609375
0 0.57421875 0.65 0.159375 0.08984375
0 0.65 0.72890625 0.18125 0.13203125
0 0.75 0.82265625 0.14375 0.1484375
0 0.87734375 0.92890625 0.19453125 0.12265625
0 0.96015625 0.79296875 0.0796875 0.1078125
0 0.87109375 0.71953125 0.14453125 0.09375
0 0.771875 0.64453125 0.12578125 0.10703125
0 0.6796875 0.57890625 0.12578125 0.10078125
0 0.60859375 0.52109375 0.09375 0.0796875
0 0.55625 0.48828125 0.0890625 0.09296875
0 0.4890625 0.43046875 0.08359375 0.09453125
0 0.6390625 0.40234375 0.05859375 0.06015625
0 0.7515625 0.46328125 0.09453125 0.06875
0 0.80078125 0.51328125 0.08046875 0.10625
0 0.8859375 0.5625 0.0859375 0.11328125
0 0.86484375 0.4515625 0.09375 0.1015625
0 0.95859375 0.509375 0.08203125 0.10625
0 0.9625 0.63671875 0.075 0.12578125