0 0.9625 0.42734375 0.06484375 0.10859375
0 0.90390625 0.490625 0.0671875 0.090625
0 0.94453125 0.546875 0.06796875 0.08828125
0 0.97890625 0.6265625 0.0421875 0.10390625
0 0.928125 0.61796875 0.05078125 0.090625
0 0.77109375 0.4484375 0.02734375 0.06328125
0 0.796875 0.48046875 0.05703125 0.0765625
0 0.81875 0.54140625 0.05546875 0.09609375
0 0.86171875 0.6171875 0.06328125 0.0953125
0 0.89921875 0.71640625 0.09296875 0.13046875
0 0.95 0.82109375 0.09609375 0.19921875
0 0.846875 0.91171875 0.121875 0.14296875
0 0.80078125 0.80546875 0.08359375 0.134375
0 0.7734375 0.6984375 0.10703125 0.1515625
0 0.74140625 0.6078125 0.09375 0.11796875
0 0.71328125 0.51796875 0.0765625 0.09140625
0 0.67265625 0.4515625 0.0265625 0.0640625
0 0.59375 0.52265625 0.07109375 0.0890625
0 0.59921875 0.5796875 0.0625 0.08671875
0 0.6125 0.67265625 0.071875 0.14453125
0 0.63515625 0.78359375 0.0890625 0.16328125
0 0.64296875 0.93203125 0.10078125 0.1359375
0 0.45546875 0.915625 0.1265625 0.16875
0 0.459375 0.76875 0.0984375 0.15625
0 0.4578125 0.65859375 0.07265625 0.08515625
0 0.453125 0.57890625 0.06328125 0.0828125
0 0.48046875 0.5046875 0.0640625 0.12734375
0 0.453125 0.4390625 0.04765625 0.0921875
0 0.3765625 0.465625 0.06484375 0.096875
0 0.35859375 0.51796875 0.0484375 0.0734375
0 0.33984375 0.578125 0.0640625 0.121875
0 0.3125 0.67421875 0.08125 0.10390625
0 0.28515625 0.7703125 0.08671875 0.12109375
0 0.25234375 0.90859375 0.11015625 0.1796875
0 0.08046875 0.884375 0.10390625 0.175
0 0.13125 0.76484375 0.084375 0.17265625
0 0.1796875 0.6578125 0.0890625 0.1421875
0 0.14453125 0.578125 0.03984375 0.0734375
0 0.203125 0.571875 0.0515625 0.084375
0 0.22734375 0.5078125 0.06171875 0.08828125
0 0.28125 0.528125 0.0453125 0.075
0 0.278125 0.43984375 0.06640625 0.103125
0 0.3171875 0.38125 0.0375 0.0609375
0 0.225 0.378125 0.0375 0.0640625
0 0.196875 0.41796875 0.04375 0.06484375
0 0.16953125 0.46484375 0.04765625 0.07421875
0 0.1359375 0.4984375 0.06328125 0.0828125
0 0.08515625 0.565625 0.046875 0.0859375
0 0.04765625 0.63125 0.05234375 0.078125
0 0.0140625 0.67265625 0.028125 0.1453125
0 0.02421875 0.5046875 0.04765625 0.10625
0 0.07109375 0.4609375 0.06953125 0.1234375
0 0.11640625 0.39609375 0.05078125 0.0890625
0 0.14765625 0.3765625 0.0359375 0.075