0 0.953125 0.48125 0.05625 0.090625
0 0.88984375 0.53828125 0.06953125 0.0875
0 0.9296875 0.59296875 0.065625 0.10234375
0 0.96875 0.67734375 0.0625 0.0953125
0 0.9078125 0.6671875 0.04765625 0.0703125
0 0.84921875 0.66640625 0.06484375 0.078125
0 0.80703125 0.58984375 0.04453125 0.07421875
0 0.796875 0.534375 0.0640625 0.09609375
0 0.68515625 0.53359375 0.04375 0.06015625
0 0.71953125 0.58046875 0.05703125 0.06953125
0 0.72578125 0.65546875 0.0828125 0.10234375
0 0.7671875 0.75234375 0.08515625 0.11640625
0 0.8796875 0.75703125 0.0828125 0.10546875
0 0.94296875 0.88203125 0.09765625 0.15859375
0 0.78984375 0.86953125 0.07890625 0.103125
0 0.82265625 0.95546875 0.0984375 0.08671875
0 0.65078125 0.96875 0.1 0.053125
0 0.62109375 0.8734375 0.08515625 0.15390625
0 0.6 0.75 0.08515625 0.1328125
0 0.58828125 0.64609375 0.06328125 0.1078125
0 0.575 0.578125 0.078125 0.0796875
0 0.58203125 0.525 0.04296875 0.05625
0 0.4734375 0.55859375 0.071875 0.10859375
0 0.4453125 0.64375 0.06796875 0.0890625
0 0.45234375 0.721875 0.07265625 0.10625
0 0.4515625 0.83828125 0.09375 0.15078125
0 0.44921875 0.94765625 0.08359375 0.08359375
0 0.4421875 0.4734375 0.05625 0.08046875
0 0.66640625 0.48828125 0.03515625 0.046875
0 0.38203125 0.48671875 0.05234375 0.05390625
0 0.36328125 0.5140625 0.06484375 0.07265625
0 0.35234375 0.5640625 0.06328125 0.07421875
0 0.3296875 0.6375 0.05859375 0.1
0 0.30859375 0.7234375 0.0796875 0.10234375
0 0.2765625 0.834375 0.06640625 0.1078125
0 0.2578125 0.9390625 0.11484375 0.1140625
0 0.07734375 0.940625 0.10703125 0.11875
0 0.12421875 0.81796875 0.08515625 0.121875
0 0.1734375 0.709375 0.06875 0.12578125
0 0.20078125 0.61015625 0.06640625 0.06796875
0 0.1375 0.62578125 0.03984375 0.05546875
0 0.07734375 0.62109375 0.059375 0.0859375
0 0.03671875 0.709375 0.07265625 0.12734375
0 0.13359375 0.54609375 0.06640625 0.08359375
0 0.221875 0.55546875 0.06015625 0.07421875
0 0.27890625 0.57109375 0.034375 0.06796875
0 0.259375 0.5 0.04140625 0.07734375
0 0.278125 0.4484375 0.03984375 0.07578125
0 0.3078125 0.4234375 0.03671875 0.0671875
0 0.21796875 0.403125 0.04296875 0.0703125
0 0.1859375 0.45859375 0.05078125 0.06484375
0 0.16328125 0.48046875 0.053125 0.053125
0 0.02421875 0.534375 0.04765625 0.08671875
0 0.06328125 0.49140625 0.06015625 0.078125
0 0.10703125 0.4390625 0.0546875 0.0765625
0 0.1375 0.4109375 0.04921875 0.05234375