0 0.96640625 0.421875 0.0671875 0.09609375
0 0.90546875 0.48671875 0.0625 0.08046875
0 0.93515625 0.5453125 0.05546875 0.0890625
0 0.97734375 0.6171875 0.0453125 0.084375
0 0.9203125 0.60703125 0.0578125 0.090625
0 0.859375 0.60546875 0.071875 0.0875
0 0.8125 0.54140625 0.0546875 0.0875
0 0.79921875 0.4828125 0.059375 0.08515625
0 0.77421875 0.44453125 0.02734375 0.0515625
0 0.675 0.4390625 0.0296875 0.0625
0 0.70625 0.4875 0.05 0.0796875
0 0.72421875 0.52890625 0.0609375 0.0765625
0 0.73515625 0.6046875 0.08125 0.12265625
0 0.77421875 0.6875 0.103125 0.11328125
0 0.8953125 0.7015625 0.08984375 0.128125
0 0.95234375 0.81796875 0.09453125 0.1578125
0 0.8 0.803125 0.09609375 0.13671875
0 0.84375 0.9234375 0.13203125 0.153125
0 0.64921875 0.928125 0.09296875 0.1328125
0 0.628125 0.79453125 0.08203125 0.1578125
0 0.60703125 0.6859375 0.071875 0.13046875
0 0.596875 0.5765625 0.06640625 0.11796875
0 0.58984375 0.509375 0.078125 0.115625
0 0.48828125 0.5 0.07265625 0.1453125
0 0.4515625 0.5765625 0.06875 0.09375
0 0.4609375 0.65625 0.07890625 0.1078125
0 0.459375 0.771875 0.0875 0.13046875
0 0.45390625 0.91328125 0.10625 0.16015625
0 0.453125 0.42890625 0.0484375 0.08828125
0 0.38515625 0.4203125 0.05078125 0.0671875
0 0.36484375 0.46796875 0.07109375 0.08515625
0 0.36484375 0.5078125 0.05703125 0.06484375
0 0.33984375 0.5828125 0.0640625 0.1109375
0 0.31484375 0.66484375 0.075 0.12734375
0 0.28671875 0.76875 0.08125 0.12109375
0 0.259375 0.9 0.08984375 0.15703125
0 0.08046875 0.87734375 0.09453125 0.16640625
0 0.13359375 0.75546875 0.08125 0.16328125
0 0.1671875 0.6546875 0.090625 0.15390625
0 0.20625 0.5625 0.0609375 0.1046875
0 0.1484375 0.58046875 0.0359375 0.0671875
0 0.28359375 0.51953125 0.0328125 0.0765625
0 0.2328125 0.49765625 0.05625 0.09140625
0 0.27578125 0.4515625 0.0546875 0.07890625
0 0.2859375 0.4 0.0375 0.06015625
0 0.31796875 0.3828125 0.04375 0.07578125
0 0.22578125 0.38515625 0.0546875 0.08359375
0 0.1953125 0.41953125 0.04765625 0.05390625
0 0.16875 0.45859375 0.0484375 0.084375
0 0.1390625 0.503125 0.071875 0.096875
0 0.08671875 0.5671875 0.06484375 0.09921875
0 0.046875 0.6421875 0.06015625 0.1140625
0 0.0109375 0.69140625 0.02109375 0.14375
0 0.02109375 0.50234375 0.0421875 0.1234375
0 0.0734375 0.4515625 0.0640625 0.09765625
0 0.1140625 0.40078125 0.05703125 0.11015625
0 0.15078125 0.37578125 0.03984375 0.07265625