0 0.95 0.4640625 0.05390625 0.12421875
0 0.88984375 0.53046875 0.0578125 0.08359375
0 0.93515625 0.58984375 0.06640625 0.08125
0 0.96796875 0.659375 0.059375 0.11875
0 0.9203125 0.66328125 0.0640625 0.0890625
0 0.9828125 0.52890625 0.034375 0.09453125
0 0.7625 0.49375 0.03671875 0.05078125
0 0.78828125 0.5234375 0.0625 0.0734375
0 0.81328125 0.58203125 0.05390625 0.10703125
0 0.84375 0.65703125 0.05703125 0.08671875
0 0.8921875 0.75390625 0.08359375 0.1328125
0 0.940625 0.88359375 0.09609375 0.140625
0 0.83046875 0.946875 0.08671875 0.10625
0 0.7921875 0.86015625 0.07265625 0.13984375
0 0.75703125 0.75390625 0.10859375 0.1265625
0 0.72109375 0.67109375 0.08125 0.12890625
0 0.70546875 0.56875 0.08125 0.12265625
0 0.58515625 0.5125 0.053125 0.0609375
0 0.6578125 0.47578125 0.0421875 0.05703125
0 0.5875 0.56640625 0.07265625 0.071875
0 0.5984375 0.6328125 0.08203125 0.09375
0 0.609375 0.72890625 0.1015625 0.13203125
0 0.63203125 0.84765625 0.090625 0.134375
0 0.64609375 0.95625 0.12109375 0.07734375
0 0.45546875 0.94765625 0.11171875 0.0796875
0 0.46015625 0.8265625 0.0859375 0.12890625
0 0.45390625 0.71796875 0.07734375 0.11640625
0 0.45078125 0.6390625 0.07890625 0.07421875
0 0.47265625 0.5546875 0.06640625 0.1359375
0 0.45078125 0.46875 0.046875 0.08515625
0 0.37421875 0.48203125 0.05703125 0.065625
0 0.37265625 0.515625 0.05 0.06640625
0 0.35390625 0.56484375 0.06796875 0.08203125
0 0.33359375 0.63671875 0.065625 0.09765625
0 0.3125 0.725 0.07265625 0.12890625
0 0.27734375 0.840625 0.08125 0.11953125
0 0.2515625 0.9453125 0.109375 0.109375
0 0.08984375 0.93125 0.1234375 0.13046875
0 0.1296875 0.80234375 0.0875 0.1546875
0 0.17578125 0.7015625 0.11796875 0.134375
0 0.21015625 0.6046875 0.05234375 0.08359375
0 0.28125 0.57578125 0.0515625 0.10859375
0 0.228125 0.53515625 0.05546875 0.1015625
0 0.26953125 0.47734375 0.05078125 0.115625
0 0.31015625 0.425 0.03515625 0.071875
0 0.2140625 0.41953125 0.03828125 0.07109375
0 0.1875 0.45625 0.046875 0.0625
0 0.16328125 0.4984375 0.046875 0.0734375
0 0.1359375 0.55703125 0.0671875 0.08125
0 0.1421875 0.6265625 0.02890625 0.03671875
0 0.08203125 0.6171875 0.06171875 0.09453125
0 0.03828125 0.709375 0.0765625 0.11484375
0 0.02265625 0.54609375 0.04453125 0.07578125
0 0.065625 0.49609375 0.06875 0.09296875
0 0.1078125 0.4453125 0.05625 0.08671875
0 0.1421875 0.4078125 0.04296875 0.0671875