0 0.82578125 0.7546875 0.184375 0.25078125
0 0.80859375 0.3828125 0.1265625 0.21484375
0 0.9046875 0.1140625 0.11328125 0.178125
0 0.7890625 0.16328125 0.128125 0.22734375
0 0.64765625 0.19453125 0.1140625 0.1953125
0 0.571875 0.09921875 0.1109375 0.16875
0 0.653125 0.4609375 0.13515625 0.2125
0 0.5109375 0.26171875 0.11328125 0.19453125
0 0.42734375 0.1484375 0.0921875 0.15625
0 0.35234375 0.05625 0.06640625 0.1125
0 0.58984375 0.875 0.2 0.24921875
0 0.44375 0.57734375 0.12109375 0.228125
0 0.34609375 0.32578125 0.115625 0.2078125
0 0.2703125 0.19453125 0.115625 0.2
0 0.209375 0.07578125 0.109375 0.1515625
0 0.18828125 0.6953125 0.16875 0.2390625
0 0.134375 0.41953125 0.15625 0.21953125
0 0.08125 0.2578125 0.1140625 0.17890625
0 0.05859375 0.11484375 0.1171875 0.1546875