0 0.78359375 0.15859375 0.04296875 0.07109375
0 0.16484375 0.25 0.06640625 0.09140625
0 0.06015625 0.46484375 0.06328125 0.11484375
0 0.60546875 0.0296875 0.05859375 0.05859375
0 0.359375 0.4375 0.06015625 0.1015625
0 0.09609375 0.61484375 0.0625 0.1109375
0 0.5890625 0.2796875 0.06015625 0.0984375
0 0.5078125 0.0671875 0.05546875 0.08203125
0 0.65234375 0.10625 0.0578125 0.096875
0 0.13046875 0.034375 0.0546875 0.06875
0 0.6921875 0.21640625 0.05859375 0.09765625
0 0.4375 0.2328125 0.059375 0.09140625
0 0.1609375 0.9515625 0.0796875 0.08984375
0 0.403125 0.11640625 0.05625 0.08203125
0 0.82734375 0.0234375 0.0546875 0.046875
0 0.365625 0.0328125 0.08125 0.065625
0 0.32578125 0.30234375 0.05 0.084375
0 0.73984375 0.06015625 0.05859375 0.08125
0 0.546875 0.1765625 0.059375 0.0984375
0 0.290625 0.17890625 0.0625 0.0796875
0 0.25859375 0.0734375 0.06328125 0.08828125
0 0.87890625 0.103125 0.04765625 0.08125
0 0.8859375 0.6265625 0.07890625 0.15859375
0 0.26953125 0.678125 0.071875 0.11015625
0 0.7671875 0.7421875 0.0796875 0.14609375
0 0.9546875 0.06171875 0.04765625 0.08828125
0 0.1203125 0.7765625 0.0828125 0.13359375
0 0.30703125 0.86328125 0.06796875 0.1265625
0 0.1453125 0.14140625 0.05859375 0.09609375
0 0.0328125 0.20625 0.065625 0.10625
0 0.58359375 0.64453125 0.06328125 0.1203125
0 0.6390625 0.8265625 0.07265625 0.1171875
0 0.02109375 0.10625 0.0421875 0.09140625
0 0.22578125 0.509375 0.06171875 0.11484375
0 0.47890625 0.3609375 0.05859375 0.11796875
0 0.21015625 0.36484375 0.0609375 0.08359375
0 0.9796875 0.56328125 0.040625 0.1265625
0 0.646875 0.4015625 0.059375 0.12578125
0 0.053125 0.33203125 0.04921875 0.07578125
0 0.81328125 0.4671875 0.0625 0.1390625
0 0.5046875 0.93515625 0.075 0.1234375
0 0.7546875 0.32734375 0.06328125 0.134375
0 0.8390625 0.92421875 0.07578125 0.146875
0 0.703125 0.5515625 0.0640625 0.1125
0 0.52421875 0.496875 0.06328125 0.10390625
0 0.921875 0.39375 0.040625 0.0921875
0 0.96484375 0.8015625 0.0703125 0.1171875
0 0.84609375 0.2703125 0.06015625 0.09765625
0 0.446875 0.75546875 0.0625 0.1046875
0 0.94296875 0.22109375 0.05703125 0.1078125
0 0.41484375 0.57734375 0.06875 0.115625