0 0.14296875 0.46796875 0.23671875 0.32109375
0 0.253125 0.2703125 0.1375 0.24296875
0 0.33046875 0.1609375 0.0984375 0.1703125
0 0.37109375 0.10078125 0.0671875 0.121875
0 0.6953125 0.5140625 0.2203125 0.28046875
0 0.63984375 0.2875 0.1625 0.21796875
0 0.6234375 0.15859375 0.11953125 0.1375
0 0.6078125 0.0796875 0.0796875 0.103125
0 0.58515625 0.0296875 0.06484375 0.0578125
0 0.9515625 0.2921875 0.096875 0.1875
0 0.8671875 0.171875 0.1265625 0.17265625
0 0.096875 0.05390625 0.07265625 0.0828125
0 0.24296875 0.0546875 0.084375 0.10859375
0 0.16640625 0.08828125 0.07734375 0.13125
0 0.0953125 0.16640625 0.0984375 0.13359375
0 0.034375 0.25859375 0.06875 0.1296875
0 0.98125 0.09921875 0.0375 0.0953125
0 0.9375 0.0453125 0.071875 0.0859375
0 0.80546875 0.0796875 0.1015625 0.13125