0 0.78359375 0.040625 0.0578125 0.08125
0 0.7078125 0.0546875 0.05625 0.096875
0 0.97890625 0.05703125 0.0421875 0.0890625
0 0.9171875 0.0796875 0.05859375 0.09765625
0 0.7703125 0.15 0.06171875 0.10234375
0 0.7015625 0.1765625 0.059375 0.1125
0 0.425 0.07265625 0.05703125 0.09375
0 0.55625 0.11875 0.06015625 0.1078125
0 0.53671875 0.26953125 0.06875 0.115625
0 0.50703125 0.04453125 0.05859375 0.08828125
0 0.58125 0.02890625 0.05625 0.0578125
0 0.85234375 0.1265625 0.0625 0.1
0 0.334375 0.1234375 0.06484375 0.10703125
0 0.9234375 0.21015625 0.05703125 0.10625
0 0.1296875 0.23125 0.071875 0.1140625
0 0.85234375 0.0265625 0.05859375 0.053125
0 0.640625 0.0875 0.059375 0.1015625
0 0.440625 0.3296875 0.0640625 0.1109375
0 0.1578125 0.35390625 0.0671875 0.1109375
0 0.27890625 0.27734375 0.06875 0.11328125
0 0.06875 0.59140625 0.0734375 0.1328125
0 0.04375 0.0375 0.06875 0.075
0 0.68828125 0.33984375 0.06328125 0.10625
0 0.46796875 0.16875 0.0609375 0.1234375
0 0.8609375 0.24921875 0.06484375 0.09921875
0 0.0734375 0.1328125 0.06953125 0.10078125
0 0.615625 0.225 0.0640625 0.10234375
0 0.86015625 0.446875 0.06171875 0.11796875
0 0.2140625 0.48515625 0.06875 0.11328125
0 0.11953125 0.76484375 0.07421875 0.12734375
0 0.66171875 0.83125 0.06796875 0.12890625
0 0.775 0.2953125 0.06328125 0.10078125
0 0.4546875 0.71875 0.08359375 0.12421875
0 0.771875 0.48046875 0.06640625 0.12890625
0 0.93046875 0.359375 0.05625 0.1171875
0 0.2578125 0.66171875 0.0765625 0.1390625
0 0.23671875 0.1703125 0.06484375 0.0984375
0 0.2875 0.0328125 0.0484375 0.06484375
0 0.19140625 0.08359375 0.05859375 0.08515625
0 0.49609375 0.47109375 0.065625 0.11015625
0 0.37578125 0.56015625 0.0546875 0.1078125
0 0.3828125 0.22890625 0.06875 0.1046875
0 0.0328125 0.43515625 0.065625 0.09375
0 0.6765625 0.56015625 0.07734375 0.11953125
0 0.3328125 0.403125 0.07265625 0.09921875
0 0.17890625 0.94140625 0.07265625 0.1109375
0 0.984375 0.175 0.03125 0.12734375
0 0.5953125 0.390625 0.06171875 0.1234375
0 0.575 0.6359375 0.06484375 0.1203125
0 0.3265625 0.8390625 0.07890625 0.15546875
0 0.86171875 0.940625 0.0484375 0.11875
0 0.7625 0.73359375 0.06015625 0.11484375
0 0.546875 0.9296875 0.0578125 0.140625
0 0.9359375 0.57109375 0.06875 0.09609375