0 0.26171875 0.04609375 0.05703125 0.09140625
0 0.10546875 0.0296875 0.07265625 0.05859375
0 0.7859375 0.06015625 0.06484375 0.11484375
0 0.1515625 0.0828125 0.07578125 0.11015625
0 0.66796875 0.46953125 0.06953125 0.14765625
0 0.20078125 0.18671875 0.06796875 0.11171875
0 0.02734375 0.13828125 0.0546875 0.096875
0 0.50390625 0.1875 0.05859375 0.0953125
0 0.53125 0.0453125 0.05859375 0.090625
0 0.05234375 0.25234375 0.059375 0.0984375
0 0.775 0.2328125 0.0609375 0.1203125
0 0.11015625 0.3734375 0.07265625 0.10625
0 0.95390625 0.31875 0.06953125 0.1515625
0 0.86875 0.590625 0.05390625 0.109375
0 0.69296875 0.1078125 0.0671875 0.109375
0 0.234375 0.725 0.084375 0.14375
0 0.65234375 0.7671875 0.084375 0.165625
0 0.46328125 0.3890625 0.0671875 0.1203125
0 0.25703125 0.3140625 0.065625 0.11796875
0 0.875 0.3546875 0.07734375 0.1453125
0 0.67109375 0.2890625 0.06328125 0.11484375
0 0.8703125 0.18515625 0.0609375 0.10390625
0 0.77109375 0.40703125 0.0671875 0.134375
0 0.37734375 0.23671875 0.046875 0.0796875
0 0.59609375 0.1484375 0.065625 0.10078125
0 0.540625 0.51796875 0.08203125 0.13203125
0 0.6265625 0.02578125 0.0609375 0.0515625
0 0.88828125 0.89296875 0.0625 0.128125
0 0.4 0.63125 0.07890625 0.14921875
0 0.32109375 0.1359375 0.05859375 0.084375
0 0.16015625 0.51796875 0.06015625 0.0984375
0 0.4328125 0.084375 0.0578125 0.09453125
0 0.33515625 0.94375 0.08828125 0.1046875
0 0.0390625 0.87578125 0.078125 0.17890625
0 0.78125 0.6546875 0.06171875 0.128125
0 0.8734375 0.03359375 0.0796875 0.0671875
0 0.3296875 0.42734375 0.0796875 0.15
0 0.50078125 0.853125 0.08984375 0.16484375
0 0.57578125 0.31796875 0.05546875 0.0890625