0 0.684375 0.9546875 0.08828125 0.090625
0 0.57734375 0.865625 0.121875 0.14375
0 0.484375 0.74609375 0.1 0.09375
0 0.25703125 0.88671875 0.11953125 0.13125
0 0.1765625 0.7671875 0.0921875 0.11171875
0 0.0859375 0.6546875 0.09375 0.13671875
0 0.0359375 0.52265625 0.071875 0.14140625
0 0.37578125 0.62109375 0.1125 0.15859375
0 0.30390625 0.4984375 0.10625 0.12734375
0 0.21015625 0.41953125 0.0890625 0.171875
0 0.13203125 0.3 0.07109375 0.134375
0 0.04921875 0.20859375 0.0796875 0.14453125
0 0.23984375 0.07421875 0.05546875 0.1078125
0 0.33515625 0.178125 0.0765625 0.13359375
0 0.4 0.26484375 0.09375 0.14921875
0 0.49375 0.36796875 0.10390625 0.153125
0 0.59140625 0.49921875 0.0765625 0.14140625
0 0.6734375 0.6 0.13828125 0.1296875
0 0.7984375 0.71015625 0.11015625 0.159375
0 0.88203125 0.846875 0.1046875 0.1421875
0 0.97890625 0.95078125 0.04140625 0.08984375
0 0.96796875 0.578125 0.0640625 0.1375
0 0.8609375 0.4484375 0.071875 0.12890625
0 0.77578125 0.340625 0.07421875 0.125
0 0.69609375 0.2703125 0.06796875 0.13203125
0 0.96484375 0.209375 0.0703125 0.1828125
0 0.8640625 0.13125 0.08359375 0.146875
0 0.5859375 0.153125 0.10078125 0.1234375
0 0.50625 0.06328125 0.10078125 0.11328125