0 0.140625 0.6125 0.0609375 0.09921875
0 0.0859375 0.69609375 0.0609375 0.10625
0 0.03984375 0.77890625 0.06328125 0.10390625
0 0.0828125 0.9265625 0.071875 0.12734375
0 0.1296875 0.8109375 0.0796875 0.13515625
0 0.165625 0.715625 0.06484375 0.11171875
0 0.2109375 0.64140625 0.059375 0.11953125
0 0.2484375 0.56953125 0.06171875 0.096875
0 0.275 0.49140625 0.06640625 0.07890625
0 0.384375 0.4578125 0.0515625 0.090625
0 0.36171875 0.51796875 0.05390625 0.09609375
0 0.32890625 0.58828125 0.0640625 0.08203125
0 0.29453125 0.6625 0.05234375 0.096875
0 0.2640625 0.74765625 0.0765625 0.09921875
0 0.2203125 0.84453125 0.07734375 0.12109375
0 0.178125 0.95 0.078125 0.1
0 0.46015625 0.47578125 0.0640625 0.0890625
0 0.434375 0.54375 0.071875 0.0859375
0 0.4078125 0.621875 0.05 0.0953125
0 0.38203125 0.6953125 0.0828125 0.08984375
0 0.35234375 0.7875 0.0890625 0.09765625
0 0.3234375 0.9 0.0859375 0.10859375
0 0.546875 0.50390625 0.0671875 0.0734375
0 0.51640625 0.57890625 0.05390625 0.078125
0 0.49609375 0.65390625 0.06171875 0.09140625
0 0.4703125 0.7265625 0.0671875 0.09765625
0 0.44921875 0.81796875 0.0703125 0.103125
0 0.4171875 0.9375 0.06796875 0.11953125
0 0.51953125 0.96640625 0.075 0.06640625
0 0.54765625 0.8765625 0.0859375 0.10859375
0 0.57265625 0.78203125 0.07421875 0.08671875
0 0.590625 0.6828125 0.0546875 0.1
0 0.60546875 0.61015625 0.053125 0.07890625
0 0.61875 0.53203125 0.0515625 0.06796875
0 0.65 0.93125 0.07578125 0.10625
0 0.6671875 0.81328125 0.0703125 0.10234375
0 0.67578125 0.72265625 0.075 0.07890625
0 0.6921875 0.6421875 0.0703125 0.084375
0 0.69140625 0.56953125 0.05625 0.06796875
0 0.71171875 0.5421875 0.0515625 0.0546875
0 0.71015625 0.49765625 0.0375 0.05625
0 0.71875 0.440625 0.04296875 0.05390625
0 0.72578125 0.38359375 0.0546875 0.0578125
0 0.72890625 0.33203125 0.03828125 0.04296875
0 0.73046875 0.2984375 0.04140625 0.0375
0 0.7375 0.26640625 0.04765625 0.0359375
0 0.75 0.196875 0.0359375 0.0359375
0 0.7484375 0.23359375 0.0328125 0.03046875
0 0.81484375 0.196875 0.04453125 0.0546875
0 0.8078125 0.24609375 0.04765625 0.0421875
0 0.80625 0.27890625 0.04609375 0.03828125
0 0.8078125 0.31171875 0.05390625 0.03046875
0 0.80390625 0.353125 0.05 0.06015625
0 0.80390625 0.4046875 0.05078125 0.040625
0 0.80078125 0.4515625 0.05078125 0.0734375
0 0.803125 0.51328125 0.0546875 0.0671875
0 0.7984375 0.57265625 0.05 0.06171875
0 0.7921875 0.64140625 0.05703125 0.0875
0 0.784375 0.7484375 0.0625 0.1171875
0 0.77890625 0.84765625 0.0765625 0.11484375
0 0.76484375 0.94296875 0.0875 0.10859375
0 0.88515625 0.89140625 0.0875 0.10546875
0 0.8828125 0.7953125 0.07890625 0.09609375
0 0.8796875 0.69609375 0.07734375 0.0796875
0 0.88125 0.62109375 0.075 0.075
0 0.88046875 0.55625 0.059375 0.08046875
0 0.88203125 0.4890625 0.0578125 0.07734375
0 0.87890625 0.4265625 0.05703125 0.0625
0 0.87890625 0.3875 0.0515625 0.0515625
0 0.88203125 0.340625 0.05078125 0.05078125
0 0.8828125 0.29921875 0.04765625 0.04296875
0 0.8796875 0.26796875 0.0515625 0.05546875
0 0.87734375 0.209375 0.04140625 0.0640625
0 0.9390625 0.21328125 0.05390625 0.04296875
0 0.94453125 0.24453125 0.0375 0.0328125
0 0.94765625 0.27734375 0.04921875 0.0484375
0 0.95234375 0.3203125 0.0390625 0.0375
0 0.9484375 0.35703125 0.04296875 0.0484375
0 0.959375 0.3984375 0.04453125 0.059375
0 0.96328125 0.4453125 0.053125 0.0515625
0 0.9625 0.49765625 0.0625 0.08125
0 0.965625 0.57890625 0.059375 0.0765625
0 0.96953125 0.65078125 0.05703125 0.0765625
0 0.97421875 0.72421875 0.04609375 0.1125
0 0.97578125 0.82265625 0.0484375 0.08359375
0 0.97421875 0.94140625 0.0515625 0.1171875