0 0.96015625 0.43828125 0.0796875 0.1109375
0 0.90390625 0.5015625 0.06640625 0.09140625
0 0.9359375 0.55234375 0.06015625 0.09453125
0 0.97578125 0.6234375 0.0484375 0.08359375
0 0.925 0.61953125 0.04609375 0.07109375
0 0.85625 0.6140625 0.0796875 0.08828125
0 0.81796875 0.54609375 0.05390625 0.07421875
0 0.8015625 0.48671875 0.053125 0.10625
0 0.77109375 0.45234375 0.02109375 0.053125
0 0.890625 0.71328125 0.09140625 0.1234375
0 0.953125 0.8375 0.0890625 0.16328125
0 0.8484375 0.925 0.1265625 0.13359375
0 0.79765625 0.80859375 0.084375 0.121875
0 0.77109375 0.6953125 0.08125 0.115625
0 0.73125 0.6109375 0.08203125 0.11953125
0 0.71953125 0.540625 0.06015625 0.0640625
0 0.703125 0.49921875 0.053125 0.05546875
0 0.675 0.43984375 0.034375 0.04921875
0 0.59609375 0.5109375 0.06875 0.12578125
0 0.5953125 0.58984375 0.06328125 0.09921875
0 0.60625 0.69453125 0.0640625 0.11015625
0 0.628125 0.81640625 0.1 0.14453125
0 0.646875 0.92734375 0.08984375 0.11875
0 0.453125 0.92265625 0.11015625 0.15234375
0 0.4609375 0.78515625 0.08671875 0.13125
0 0.46484375 0.66953125 0.08125 0.1046875
0 0.45859375 0.58984375 0.08046875 0.0984375
0 0.48203125 0.503125 0.06640625 0.10859375
0 0.44765625 0.434375 0.04140625 0.0890625
0 0.38671875 0.43671875 0.0421875 0.04765625
0 0.3734375 0.48046875 0.0640625 0.08125
0 0.359375 0.51640625 0.06171875 0.0734375
0 0.34453125 0.59375 0.0640625 0.096875