0 0.92265625 0.7375 0.04375 0.090625
0 0.86328125 0.81171875 0.0671875 0.096875
0 0.75 0.9546875 0.0625 0.08984375
0 0.98515625 0.45703125 0.02890625 0.0859375
0 0.93046875 0.52109375 0.04765625 0.06796875
0 0.8609375 0.575 0.0390625 0.07109375
0 0.78359375 0.6421875 0.0484375 0.0640625
0 0.6859375 0.74453125 0.0546875 0.08359375
0 0.57109375 0.83671875 0.05859375 0.11640625
0 0.47109375 0.93515625 0.06171875 0.10234375
0 0.98125 0.30625 0.0375 0.0640625
0 0.86171875 0.3765625 0.05 0.07109375
0 0.7921875 0.4328125 0.05234375 0.071875
0 0.7171875 0.4921875 0.0484375 0.06796875
0 0.5984375 0.57421875 0.046875 0.08671875
0 0.515625 0.67265625 0.04609375 0.08203125
0 0.409375 0.76171875 0.046875 0.1046875
0 0.2875 0.86171875 0.0609375 0.1109375
0 0.97421875 0.165625 0.0359375 0.071875
0 0.92109375 0.20625 0.046875 0.0625
0 0.8640625 0.22421875 0.04140625 0.05859375
0 0.73125 0.30234375 0.0359375 0.078125
0 0.66015625 0.3578125 0.03515625 0.06796875
0 0.5375 0.44296875 0.0359375 0.065625
0 0.44375 0.51953125 0.0484375 0.0890625
0 0.3421875 0.61171875 0.04609375 0.0671875
0 0.23046875 0.70234375 0.04921875 0.0984375
0 0.109375 0.8234375 0.05078125 0.11953125
0 0.9640625 0.06171875 0.03828125 0.0453125
0 0.91171875 0.06640625 0.03828125 0.06328125
0 0.8671875 0.1 0.02578125 0.0515625
0 0.7953125 0.13203125 0.03359375 0.05234375
0 0.73828125 0.153125 0.02890625 0.0515625
0 0.6828125 0.196875 0.0390625 0.06484375
0 0.5546875 0.26171875 0.04453125 0.07890625
0 0.47109375 0.32734375 0.03515625 0.05859375
0 0.3921875 0.3890625 0.04765625 0.0796875
0 0.290625 0.4734375 0.05 0.1265625
0 0.18671875 0.559375 0.05703125 0.1015625
0 0.06640625 0.64609375 0.0453125 0.09375
0 0.75078125 0.0375 0.02890625 0.05234375
0 0.69765625 0.06171875 0.028125 0.05859375
0 0.63359375 0.09453125 0.04296875 0.071875
0 0.5734375 0.1203125 0.0359375 0.0546875
0 0.51015625 0.17109375 0.04921875 0.0703125
0 0.43046875 0.21640625 0.0390625 0.0875
0 0.3421875 0.2828125 0.0453125 0.08984375
0 0.25703125 0.35390625 0.0515625 0.0859375
0 0.14140625 0.421875 0.05859375 0.10546875
0 0.03984375 0.5234375 0.05859375 0.11484375
0 0.52109375 0.04140625 0.02421875 0.05546875
0 0.46015625 0.071875 0.03984375 0.065625
0 0.3875 0.12265625 0.04765625 0.08125
0 0.3 0.17734375 0.053125 0.08671875
0 0.2109375 0.22578125 0.04375 0.0796875
0 0.10546875 0.309375 0.04921875 0.09140625
0 0.340625 0.04140625 0.03515625 0.05546875
0 0.26171875 0.08359375 0.0515625 0.09375
0 0.16796875 0.13984375 0.03984375 0.0890625
0 0.07578125 0.2 0.05703125 0.1140625
0 0.13046875 0.0515625 0.03046875 0.0890625
0 0.040625 0.11953125 0.06171875 0.09140625
0 0.02109375 0.03515625 0.0421875 0.0703125