0 0.55 0.0453125 0.0546875 0.090625
0 0.903125 0.13828125 0.05234375 0.09609375
0 0.83359375 0.04140625 0.0546875 0.0828125
0 0.08515625 0.06328125 0.06171875 0.10546875
0 0.27734375 0.19921875 0.0546875 0.09765625
0 0.465625 0.08828125 0.05546875 0.09375
0 0.9296875 0.71484375 0.0765625 0.12734375
0 0.76484375 0.07265625 0.05546875 0.0921875
0 0.22734375 0.10546875 0.05703125 0.0953125
0 0.84140625 0.190625 0.0625 0.1046875
0 0.7609375 0.21875 0.06328125 0.1234375
0 0.628125 0.02578125 0.05546875 0.0515625
0 0.15859375 0.28359375 0.065625 0.1109375
0 0.646875 0.73359375 0.078125 0.14296875
0 0.421875 0.2640625 0.04453125 0.08125
0 0.9078125 0.29765625 0.0578125 0.0984375
0 0.3921875 0.93359375 0.1 0.1328125
0 0.325 0.328125 0.06953125 0.115625
0 0.75390625 0.62734375 0.084375 0.1546875
0 0.97890625 0.25 0.0421875 0.10234375
0 0.375 0.1453125 0.0625 0.0890625
0 0.45078125 0.62578125 0.0765625 0.15078125
0 0.38125 0.46796875 0.07421875 0.12734375
0 0.6640625 0.4703125 0.06328125 0.1046875
0 0.0796875 0.50859375 0.0609375 0.1328125
0 0.2078125 0.41015625 0.0609375 0.11171875
0 0.60703125 0.1484375 0.0546875 0.096875
0 0.196875 0.0265625 0.06171875 0.05234375
0 0.325 0.04375 0.059375 0.0875
0 0.840625 0.35859375 0.05625 0.09921875
0 0.528125 0.81640625 0.0953125 0.17734375
0 0.7359375 0.9 0.0765625 0.1875
0 0.03515625 0.37109375 0.06171875 0.14140625
0 0.68984375 0.10390625 0.05390625 0.09296875
0 0.26015625 0.5515625 0.06875 0.13515625
0 0.67578125 0.27578125 0.071875 0.10703125
0 0.97421875 0.1140625 0.05 0.09921875
0 0.32734375 0.721875 0.07890625 0.134375
0 0.11640625 0.16484375 0.05859375 0.084375
0 0.48671875 0.390625 0.0703125 0.1109375
0 0.82734375 0.815625 0.0796875 0.1296875
0 0.52578125 0.1984375 0.05390625 0.0953125
0 0.58828125 0.3359375 0.0609375 0.1
0 0.1921875 0.84140625 0.06171875 0.14765625
0 0.8375 0.5703125 0.05390625 0.10234375
0 0.128125 0.671875 0.07109375 0.12265625
0 0.753125 0.40703125 0.05546875 0.1109375
0 0.91796875 0.4921875 0.04296875 0.09765625