0 0.15703125 0.84609375 0.090625 0.1484375
0 0.12734375 0.6734375 0.0609375 0.1265625
0 0.0859375 0.5484375 0.06953125 0.13984375
0 0.04921875 0.4515625 0.0671875 0.12421875
0 0.028125 0.3515625 0.05546875 0.0734375
0 0.1578125 0.3484375 0.0625 0.0875
0 0.19921875 0.4375 0.06640625 0.1046875
0 0.24453125 0.55703125 0.08359375 0.146875
0 0.2859375 0.6859375 0.07265625 0.1515625
0 0.34609375 0.8640625 0.08671875 0.16171875
0 0.46875 0.7484375 0.08828125 0.13125
0 0.54453125 0.91484375 0.103125 0.14140625
0 0.66328125 0.7984375 0.1046875 0.1703125
0 0.75390625 0.66484375 0.08203125 0.16640625
0 0.8703125 0.834375 0.09453125 0.16171875
0 0.9546875 0.696875 0.090625 0.19609375
0 0.8515625 0.56328125 0.07109375 0.16796875
0 0.9375 0.43515625 0.084375 0.15703125
0 0.57109375 0.62109375 0.0609375 0.134375
0 0.66875 0.51015625 0.08515625 0.1609375
0 0.76171875 0.415625 0.07734375 0.11796875
0 0.39375 0.596875 0.08125 0.13359375
0 0.33828125 0.44375 0.08046875 0.1546875
0 0.28046875 0.33046875 0.05390625 0.115625
0 0.43828125 0.3421875 0.06171875 0.10703125
0 0.503125 0.46328125 0.06171875 0.096875
0 0.58828125 0.36640625 0.046875 0.10390625
0 0.67578125 0.29296875 0.0578125 0.09296875
0 0.75390625 0.20625 0.0515625 0.115625
0 0.84375 0.35 0.071875 0.13203125
0 0.921875 0.27890625 0.06796875 0.125
0 0.83515625 0.17734375 0.05390625 0.09140625
0 0.90546875 0.12890625 0.06171875 0.0984375
0 0.965625 0.08046875 0.04375 0.0796875
0 0.89375 0.03671875 0.05546875 0.0734375
0 0.82421875 0.0640625 0.0625 0.075
0 0.6953125 0.03359375 0.06328125 0.0671875
0 0.68125 0.146875 0.04609375 0.09609375
0 0.61796875 0.0765625 0.0375 0.084375
0 0.5546875 0.0265625 0.05546875 0.053125
0 0.60078125 0.2046875 0.06484375 0.08515625
0 0.5109375 0.26484375 0.04921875 0.09296875
0 0.38046875 0.23984375 0.05859375 0.11328125
0 0.4515625 0.17265625 0.0515625 0.08671875
0 0.5390625 0.12890625 0.04921875 0.0796875
0 0.4921875 0.0515625 0.05234375 0.06953125
0 0.40859375 0.11640625 0.04140625 0.071875
0 0.33046875 0.1578125 0.040625 0.075
0 0.25234375 0.246875 0.0484375 0.08046875
0 0.20390625 0.17109375 0.0515625 0.10546875
0 0.10859375 0.2625 0.028125 0.0609375
0 0.0859375 0.18515625 0.040625 0.0765625
0 0.0640625 0.13203125 0.0390625 0.0671875
0 0.0453125 0.07578125 0.03984375 0.065625
0 0.02734375 0.03515625 0.03046875 0.046875
0 0.14453125 0.05 0.05 0.05703125
0 0.1671875 0.103125 0.04140625 0.05234375
0 0.25859375 0.040625 0.04453125 0.06640625
0 0.28046875 0.08359375 0.05234375 0.07109375
0 0.36328125 0.04140625 0.04453125 0.075