0 0.73046875 0.1171875 0.053125 0.08125
0 0.59140625 0.071875 0.05546875 0.0734375
0 0.23359375 0.046875 0.0515625 0.0875
0 0.45078125 0.03671875 0.0515625 0.0734375
0 0.2046875 0.6453125 0.08359375 0.159375
0 0.80078125 0.21171875 0.05546875 0.1
0 0.80390625 0.0765625 0.04765625 0.07421875
0 0.37265625 0.0828125 0.05625 0.08125
0 0.1609375 0.1890625 0.06484375 0.1015625
0 0.0953125 0.0265625 0.06171875 0.053125
0 0.878125 0.16328125 0.0484375 0.07734375
0 0.66875 0.0390625 0.05546875 0.078125
0 0.5109375 0.1171875 0.06015625 0.09140625
0 0.95078125 0.13671875 0.04921875 0.08203125
0 0.37109375 0.340625 0.0703125 0.0953125
0 0.940625 0.025 0.05546875 0.05
0 0.13671875 0.48125 0.08125 0.13671875
0 0.87421875 0.0390625 0.04921875 0.07421875
0 0.56953125 0.20546875 0.0609375 0.096875
0 0.42265625 0.17265625 0.06171875 0.09609375
0 0.32890625 0.55625 0.07734375 0.1171875
0 0.025 0.15625 0.05 0.1
0 0.44140625 0.478125 0.071875 0.1234375
0 0.546875 0.38203125 0.06796875 0.10703125
0 0.5859375 0.80703125 0.08515625 0.1390625
0 0.89296875 0.81875 0.053125 0.09375
0 0.6609375 0.15546875 0.0671875 0.1
0 0.12421875 0.103125 0.07109375 0.10703125
0 0.38125 0.71015625 0.07109375 0.1390625
0 0.05703125 0.25 0.0640625 0.10078125
0 0.321875 0.02265625 0.05546875 0.04453125
0 0.4890625 0.26875 0.0765625 0.10703125
0 0.2640625 0.421875 0.075 0.14375
0 0.3265625 0.2234375 0.06484375 0.10703125
0 0.6296875 0.32265625 0.06796875 0.11015625
0 0.09609375 0.35625 0.08046875 0.121875
0 0.275 0.12890625 0.053125 0.0875
0 0.05 0.71875 0.09765625 0.159375
0 0.6140625 0.52734375 0.0734375 0.12421875
0 0.89453125 0.5375 0.04453125 0.09375
0 0.7828125 0.9078125 0.07109375 0.15078125
0 0.459375 0.921875 0.08203125 0.15546875
0 0.72265625 0.26328125 0.0546875 0.08828125
0 0.503125 0.6234375 0.07265625 0.13125
0 0.690625 0.7125 0.06015625 0.11328125
0 0.8890625 0.32890625 0.053125 0.09765625
0 0.1015625 0.90390625 0.08359375 0.15859375
0 0.70625 0.4578125 0.0515625 0.0796875
0 0.253125 0.81171875 0.08203125 0.15234375
0 0.7921875 0.61328125 0.0515625 0.10703125
0 0.97890625 0.453125 0.0421875 0.090625
0 0.21875 0.30234375 0.06171875 0.0828125
0 0.9703125 0.265625 0.0515625 0.09765625
0 0.80703125 0.38046875 0.0578125 0.10546875