0 0.56171875 0.7296875 0.07734375 0.13203125
0 0.4421875 0.86953125 0.0953125 0.18125
0 0.36328125 0.7140625 0.08125 0.17109375
0 0.2328125 0.83671875 0.09609375 0.128125
0 0.09375 0.93203125 0.09921875 0.13046875
0 0.0578125 0.78671875 0.0609375 0.11640625
0 0.18046875 0.6859375 0.0859375 0.1109375
0 0.15703125 0.57578125 0.0671875 0.121875
0 0.26484375 0.4375 0.05703125 0.1078125
0 0.31640625 0.54765625 0.06640625 0.11875
0 0.4828125 0.57578125 0.07109375 0.13984375
0 0.653125 0.88515625 0.10625 0.18125
0 0.77890625 0.76640625 0.11015625 0.1921875
0 0.896875 0.659375 0.0859375 0.153125
0 0.86640625 0.93515625 0.0953125 0.1296875
0 0.96875 0.53515625 0.0625 0.1734375
0 0.8859375 0.38515625 0.078125 0.16640625
0 0.790625 0.49921875 0.08984375 0.15859375
0 0.68515625 0.615625 0.0921875 0.15078125
0 0.6046875 0.475 0.08359375 0.1375
0 0.70703125 0.3671875 0.0765625 0.1078125
0 0.79296875 0.26484375 0.0640625 0.134375
0 0.975 0.30234375 0.0484375 0.1203125
0 0.89140625 0.1953125 0.07890625 0.1375
0 0.96484375 0.11953125 0.0578125 0.1203125
0 0.87890625 0.05390625 0.0515625 0.0921875
0 0.8078125 0.10625 0.0640625 0.10625
0 0.7078125 0.17734375 0.05234375 0.09609375
0 0.63359375 0.24140625 0.0640625 0.09453125
0 0.5375 0.33359375 0.078125 0.115625
0 0.43671875 0.4484375 0.06953125 0.12421875
0 0.37734375 0.32734375 0.05546875 0.1328125
0 0.4609375 0.2390625 0.0546875 0.0921875
0 0.5671875 0.1421875 0.0671875 0.11015625
0 0.6390625 0.0859375 0.04765625 0.0875
0 0.734375 0.04140625 0.05078125 0.0734375
0 0.59375 0.0296875 0.04453125 0.059375
0 0.50859375 0.08203125 0.05078125 0.09765625
0 0.38515625 0.0734375 0.0765625 0.1015625
0 0.33046875 0.0296875 0.046875 0.059375
0 0.428125 0.1609375 0.0546875 0.08046875
0 0.32890625 0.265625 0.084375 0.1234375
0 0.22265625 0.34765625 0.05078125 0.0953125
0 0.1046875 0.4375 0.0625 0.10859375
0 0.08515625 0.35625 0.05 0.0765625
0 0.05703125 0.2875 0.05625 0.09375
0 0.18359375 0.26171875 0.053125 0.075
0 0.2875 0.17109375 0.0484375 0.06328125
0 0.25859375 0.10546875 0.05625 0.08515625
0 0.21953125 0.05078125 0.04453125 0.0609375
0 0.08828125 0.02421875 0.046875 0.04765625
0 0.10390625 0.0703125 0.0421875 0.059375
0 0.12890625 0.1328125 0.04609375 0.07734375
0 0.14921875 0.1890625 0.04921875 0.08359375
0 0.03828125 0.20546875 0.0484375 0.08515625
0 0.0203125 0.14609375 0.0390625 0.059375