0 0.93984375 0.90234375 0.05390625 0.1203125
0 0.8328125 0.67421875 0.06171875 0.10234375
0 0.9703125 0.54765625 0.059375 0.1234375
0 0.9046875 0.34609375 0.06640625 0.12578125
0 0.9390625 0.1140625 0.040625 0.07890625
0 0.8359375 0.1875 0.06015625 0.09296875
0 0.76171875 0.040625 0.06484375 0.08125
0 0.71875 0.2734375 0.06484375 0.10859375
0 0.64921875 0.13125 0.0609375 0.1
0 0.6890625 0.80625 0.0765625 0.14140625
0 0.62578125 0.5875 0.08359375 0.12890625
0 0.5625 0.38203125 0.06015625 0.1296875
0 0.5109375 0.2125 0.059375 0.13125
0 0.45859375 0.0734375 0.06015625 0.11640625
0 0.32109375 0.153125 0.065625 0.11015625
0 0.35625 0.31484375 0.06015625 0.13125
0 0.40546875 0.4921875 0.07109375 0.146875
0 0.459375 0.734375 0.06875 0.15
0 0.515625 0.94140625 0.06875 0.1171875
0 0.29453125 0.86328125 0.1015625 0.15703125
0 0.24140625 0.64140625 0.09296875 0.13828125
0 0.20546875 0.45 0.08125 0.16328125
0 0.1703125 0.2859375 0.08984375 0.1453125
0 0.1328125 0.1296875 0.0671875 0.11015625
0 0.07734375 0.77421875 0.08359375 0.1578125
0 0.03984375 0.58515625 0.06875 0.1453125
0 0.03203125 0.390625 0.06328125 0.1296875