0 0.87578125 0.6859375 0.109375 0.19140625
0 0.9015625 0.4640625 0.1015625 0.165625
0 0.9390625 0.27890625 0.07109375 0.12421875
0 0.88046875 0.20546875 0.05703125 0.08828125
0 0.97265625 0.125 0.0484375 0.08359375
0 0.8984375 0.046875 0.0609375 0.08828125
0 0.8203125 0.11015625 0.06875 0.11328125
0 0.7609375 0.0484375 0.05859375 0.096875
0 0.83203125 0.35 0.103125 0.1609375
0 0.76484375 0.26328125 0.0640625 0.1328125
0 0.7171875 0.17421875 0.07265625 0.1125
0 0.65859375 0.09765625 0.059375 0.103125
0 0.796875 0.565625 0.103125 0.1578125
0 0.7171875 0.4375 0.09296875 0.16640625
0 0.66171875 0.31484375 0.07421875 0.125
0 0.61328125 0.234375 0.06875 0.11484375
0 0.5765625 0.14375 0.06953125 0.1140625
0 0.528125 0.07734375 0.05390625 0.10234375
0 0.71484375 0.79453125 0.11875 0.20390625
0 0.63828125 0.6625 0.09453125 0.184375
0 0.60390625 0.51328125 0.1015625 0.14921875
0 0.54140625 0.390625 0.0796875 0.1328125
0 0.496875 0.2984375 0.09296875 0.14453125
0 0.45546875 0.20625 0.0859375 0.14921875
0 0.4171875 0.128125 0.0609375 0.08984375
0 0.39375 0.0625 0.0546875 0.08515625
0 0.3328125 0.27109375 0.078125 0.12421875
0 0.36171875 0.37578125 0.1140625 0.14140625
0 0.39921875 0.48515625 0.0921875 0.14296875
0 0.434375 0.6078125 0.1109375 0.17109375
0 0.49609375 0.77421875 0.128125 0.18359375
0 0.5359375 0.928125 0.134375 0.14375
0 0.30546875 0.8953125 0.10546875 0.1625
0 0.2796875 0.72265625 0.10859375 0.1796875
0 0.24296875 0.5578125 0.0765625 0.14453125
0 0.228125 0.4390625 0.09609375 0.153125
0 0.20234375 0.32109375 0.075 0.12734375
0 0.18515625 0.253125 0.06328125 0.109375
0 0.16171875 0.16875 0.08203125 0.11796875
0 0.15 0.08671875 0.06328125 0.10546875
0 0.0984375 0.81953125 0.09453125 0.153125
0 0.08671875 0.6625 0.11484375 0.175
0 0.07578125 0.51328125 0.11015625 0.16875
0 0.059375 0.3984375 0.0828125 0.14296875
0 0.04921875 0.290625 0.08359375 0.12890625
0 0.03984375 0.19609375 0.0796875 0.12734375
0 0.0375 0.109375 0.075 0.125
0 0.0234375 0.0453125 0.046875 0.090625