0 0.05546875 0.8625 0.10546875 0.14296875
0 0.04765625 0.70625 0.07578125 0.13046875
0 0.04765625 0.5453125 0.09453125 0.15390625
0 0.04296875 0.43359375 0.06328125 0.10546875
0 0.0328125 0.33046875 0.065625 0.0828125
0 0.03203125 0.225 0.06328125 0.10625
0 0.12734375 0.0921875 0.07734375 0.1078125
0 0.14140625 0.165625 0.08046875 0.10703125
0 0.1609375 0.25 0.07109375 0.09609375
0 0.24140625 0.03984375 0.0625 0.0796875
0 0.25703125 0.125 0.06953125 0.11015625
0 0.28046875 0.19609375 0.07578125 0.09609375
0 0.30234375 0.27109375 0.0625 0.08984375
0 0.16328125 0.34765625 0.09921875 0.10859375
0 0.19140625 0.45546875 0.10078125 0.13046875
0 0.33203125 0.3796875 0.08046875 0.11328125
0 0.21171875 0.59921875 0.09375 0.16796875
0 0.3625 0.50234375 0.08984375 0.16171875
0 0.41171875 0.61484375 0.096875 0.1765625
0 0.2484375 0.74609375 0.07890625 0.12890625
0 0.27109375 0.92421875 0.12265625 0.15078125
0 0.44296875 0.78359375 0.10078125 0.18203125
0 0.36796875 0.06328125 0.06640625 0.11640625
0 0.3984375 0.15 0.06171875 0.1109375
0 0.434375 0.21796875 0.06328125 0.10390625
0 0.46640625 0.33515625 0.04765625 0.0953125
0 0.51484375 0.40625 0.08984375 0.1421875
0 0.56640625 0.52734375 0.09453125 0.171875
0 0.628125 0.6640625 0.103125 0.1671875
0 0.703125 0.84765625 0.12421875 0.171875
0 0.52109375 0.084375 0.06640625 0.12734375
0 0.553125 0.175 0.08359375 0.12109375
0 0.59765625 0.24140625 0.06484375 0.1140625
0 0.6421875 0.3515625 0.07421875 0.11953125
0 0.7140625 0.44140625 0.08828125 0.11171875
0 0.77890625 0.57265625 0.07265625 0.12421875
0 0.85078125 0.73984375 0.1015625 0.13359375
0 0.97578125 0.6453125 0.04765625 0.1515625
0 0.89609375 0.51328125 0.08203125 0.13515625
0 0.834375 0.384375 0.06953125 0.13203125
0 0.7640625 0.2828125 0.075 0.13125
0 0.7171875 0.18515625 0.06484375 0.12265625
0 0.6625 0.1015625 0.06796875 0.08984375
0 0.628125 0.03984375 0.06171875 0.0796875
0 0.76640625 0.059375 0.06640625 0.09921875
0 0.81171875 0.13984375 0.0703125 0.109375
0 0.8515625 0.04609375 0.0578125 0.0921875
0 0.9015625 0.08515625 0.05546875 0.0796875
0 0.96875 0.16484375 0.06171875 0.10546875
0 0.87578125 0.228125 0.07421875 0.11484375
0 0.9421875 0.309375 0.071875 0.1109375