0 0.0671875 0.028125 0.0359375 0.05625
0 0.065625 0.0984375 0.03046875 0.0578125
0 0.12890625 0.02734375 0.0375 0.05234375
0 0.12734375 0.08984375 0.034375 0.06328125
0 0.07109375 0.1796875 0.03984375 0.08125
0 0.1453125 0.1953125 0.0453125 0.071875
0 0.2296875 0.22578125 0.0484375 0.084375
0 0.165625 0.34609375 0.034375 0.07734375
0 0.3296875 0.271875 0.04453125 0.0796875
0 0.25625 0.39921875 0.0609375 0.07578125
0 0.08046875 0.47890625 0.06640625 0.09453125
0 0.18359375 0.55 0.06484375 0.1046875
0 0.0890625 0.73984375 0.0765625 0.13515625
0 0.440625 0.33671875 0.06875 0.0921875
0 0.3796875 0.4703125 0.06484375 0.10703125
0 0.29921875 0.62421875 0.06953125 0.10703125
0 0.209375 0.821875 0.0921875 0.1640625
0 0.48828125 0.55390625 0.07421875 0.1109375
0 0.5453125 0.37890625 0.059375 0.11484375
0 0.4296875 0.7078125 0.0671875 0.09453125
0 0.3578125 0.9265625 0.09375 0.146875
0 0.56171875 0.8265625 0.06640625 0.11875
0 0.6140625 0.60625 0.0734375 0.10703125
0 0.653125 0.4625 0.05234375 0.090625
0 0.6859375 0.325 0.0453125 0.078125
0 0.77421875 0.5390625 0.0609375 0.09453125
0 0.7390625 0.71015625 0.078125 0.13359375
0 0.69609375 0.91015625 0.0796875 0.14453125
0 0.88671875 0.80546875 0.075 0.13828125
0 0.91015625 0.61328125 0.06875 0.12890625
0 0.80390625 0.40625 0.0421875 0.0734375
0 0.82265625 0.28046875 0.04921875 0.07890625
0 0.9328125 0.47734375 0.0671875 0.109375
0 0.94375 0.35625 0.0640625 0.0921875
0 0.72578125 0.17109375 0.04140625 0.09609375
0 0.9515625 0.22421875 0.0515625 0.10234375
0 0.96484375 0.15078125 0.04765625 0.07578125
0 0.9765625 0.0828125 0.03203125 0.05
0 0.98125 0.03203125 0.0375 0.06015625