0 0.97265625 0.9140625 0.0515625 0.0828125
0 0.909375 0.72734375 0.04765625 0.0828125
0 0.8046875 0.83359375 0.05078125 0.09765625
0 0.7609375 0.6359375 0.0484375 0.1046875
0 0.6265625 0.74296875 0.0609375 0.09765625
0 0.5046875 0.8515625 0.06875 0.11328125
0 0.975 0.22734375 0.04296875 0.06796875
0 0.89765625 0.29609375 0.04453125 0.07421875
0 0.8 0.3921875 0.0515625 0.0765625
0 0.70546875 0.46015625 0.05859375 0.09453125
0 0.58125 0.56875 0.0546875 0.090625
0 0.178125 0.86328125 0.05703125 0.1125
0 0.9171875 0.12421875 0.04765625 0.07578125
0 0.8390625 0.17578125 0.0421875 0.071875
0 0.74296875 0.26171875 0.05859375 0.090625
0 0.64765625 0.32421875 0.053125 0.096875
0 0.5203125 0.41875 0.05390625 0.0890625
0 0.41328125 0.49765625 0.04453125 0.0828125
0 0.28359375 0.58203125 0.05625 0.08359375
0 0.14140625 0.6828125 0.0625 0.12890625
0 0.77890625 0.07109375 0.04296875 0.07109375
0 0.69375 0.12578125 0.04921875 0.0734375
0 0.5890625 0.209375 0.059375 0.0734375
0 0.6390625 0.04375 0.0515625 0.0828125
0 0.54296875 0.08671875 0.06015625 0.0953125
0 0.41171875 0.059375 0.0546875 0.08828125
0 0.44296875 0.17265625 0.0515625 0.09453125
0 0.471875 0.26953125 0.05859375 0.09140625
0 0.378125 0.3484375 0.06640625 0.1046875
0 0.3390625 0.2328125 0.06328125 0.11171875
0 0.30859375 0.121875 0.06015625 0.08359375
0 0.25703125 0.42734375 0.04921875 0.08671875
0 0.21328125 0.3078125 0.0640625 0.1171875
0 0.1984375 0.17265625 0.075 0.11796875
0 0.1734375 0.08046875 0.0578125 0.0984375
0 0.11875 0.52890625 0.05625 0.10078125
0 0.09453125 0.38046875 0.0484375 0.0953125
0 0.08125 0.24140625 0.07109375 0.128125
0 0.05234375 0.15625 0.06484375 0.11796875
0 0.04296875 0.0734375 0.04609375 0.0890625