0 0.1375 0.78828125 0.1046875 0.1734375
0 0.12421875 0.6109375 0.06953125 0.14296875
0 0.10546875 0.4796875 0.0703125 0.1390625
0 0.09765625 0.34765625 0.06484375 0.12578125
0 0.08515625 0.23046875 0.05859375 0.115625
0 0.078125 0.15546875 0.0640625 0.0984375
0 0.06796875 0.05859375 0.059375 0.09296875
0 0.21875 0.16484375 0.071875 0.0921875
0 0.228125 0.24765625 0.06953125 0.11875
0 0.2578125 0.390625 0.06640625 0.10546875
0 0.28515625 0.49765625 0.08515625 0.1390625
0 0.3171875 0.68125 0.10390625 0.153125
0 0.3515625 0.878125 0.1125 0.1921875
0 0.31328125 0.03671875 0.065625 0.0734375
0 0.34765625 0.1 0.06328125 0.10625
0 0.36796875 0.17734375 0.06484375 0.13671875
0 0.40390625 0.3046875 0.0703125 0.11875
0 0.44375 0.43359375 0.07890625 0.13515625
0 0.49453125 0.5828125 0.09375 0.16953125
0 0.540625 0.76171875 0.10234375 0.16640625
0 0.46328125 0.04609375 0.06171875 0.08203125
0 0.50390625 0.12421875 0.0765625 0.103125
0 0.53671875 0.23046875 0.07734375 0.13125
0 0.5953125 0.346875 0.06171875 0.109375
0 0.64609375 0.4859375 0.08046875 0.1375
0 0.7140625 0.61796875 0.08359375 0.12890625
0 0.7921875 0.8265625 0.08828125 0.18515625
0 0.93125 0.71328125 0.08984375 0.23046875
0 0.8578125 0.51484375 0.090625 0.1640625
0 0.78828125 0.41328125 0.08671875 0.1640625
0 0.7265625 0.28359375 0.0671875 0.1359375
0 0.675 0.15546875 0.06015625 0.1109375
0 0.6203125 0.06796875 0.071875 0.1359375
0 0.74140625 0.02890625 0.0515625 0.0578125
0 0.7890625 0.125 0.06328125 0.10546875
0 0.8359375 0.20625 0.05859375 0.12421875
0 0.88515625 0.0609375 0.06953125 0.10703125
0 0.95546875 0.1625 0.0609375 0.14375
0 0.91484375 0.30390625 0.09609375 0.13125