0 0.35703125 0.0640625 0.05390625 0.08046875
0 0.61796875 0.0390625 0.0515625 0.071875
0 0.4328125 0.03203125 0.05703125 0.0640625
0 0.303125 0.09453125 0.0515625 0.09609375
0 0.2171875 0.121875 0.05625 0.09609375
0 0.4921875 0.12578125 0.05859375 0.08359375
0 0.43046875 0.16484375 0.0546875 0.09609375
0 0.16171875 0.0484375 0.0546875 0.08515625
0 0.18828125 0.27578125 0.05390625 0.10390625
0 0.08359375 0.0953125 0.053125 0.096875
0 0.6453125 0.18828125 0.06171875 0.09453125
0 0.28125 0.21171875 0.05859375 0.109375
0 0.13125 0.16484375 0.0546875 0.09921875
0 0.790625 0.03125 0.05 0.0625
0 0.84453125 0.59609375 0.03984375 0.08828125
0 0.565625 0.21875 0.04921875 0.0796875
0 0.9484375 0.746875 0.04609375 0.08671875
0 0.57890625 0.37265625 0.04609375 0.07265625
0 0.65234375 0.325 0.04375 0.06875
0 0.91015625 0.28125 0.06015625 0.09140625
0 0.04765625 0.22890625 0.05234375 0.0890625
0 0.35078125 0.184375 0.0515625 0.0984375
0 0.7421875 0.4546875 0.0421875 0.0765625
0 0.5625 0.07578125 0.05234375 0.084375
0 0.8796875 0.79765625 0.0515625 0.0953125
0 0.09453125 0.3328125 0.05 0.0875
0 0.86328125 0.34375 0.0546875 0.084375
0 0.31875 0.76953125 0.07421875 0.1390625
0 0.2625 0.378125 0.065625 0.11953125
0 0.16328125 0.4640625 0.05625 0.0984375
0 0.903125 0.53671875 0.046875 0.09375
0 0.2375 0.60234375 0.06484375 0.1203125
0 0.2078125 0.8734375 0.0703125 0.14765625
0 0.05078125 0.53203125 0.05625 0.10078125
0 0.675 0.5 0.0453125 0.08203125
0 0.7015625 0.1390625 0.05078125 0.08828125
0 0.0640625 0.94921875 0.09609375 0.0953125
0 0.12734375 0.68515625 0.07265625 0.1453125
0 0.703125 0.703125 0.04921875 0.109375
0 0.4234375 0.30546875 0.0546875 0.1
0 0.5109375 0.421875 0.046875 0.09765625
0 0.35078125 0.33046875 0.059375 0.0953125
0 0.74140625 0.0875 0.04765625 0.07421875
0 0.7796875 0.6390625 0.05546875 0.09921875
0 0.4875 0.25625 0.04921875 0.0921875
0 0.61171875 0.553125 0.07109375 0.09765625
0 0.53203125 0.6171875 0.07265625 0.12421875
0 0.62109375 0.75234375 0.09375 0.13515625
0 0.0203125 0.77109375 0.03984375 0.13515625
0 0.9859375 0.6453125 0.028125 0.109375
0 0.5390625 0.84765625 0.0640625 0.121875
0 0.8078125 0.39453125 0.05625 0.084375
0 0.03515625 0.0203125 0.0546875 0.040625
0 0.428125 0.66640625 0.0546875 0.10546875
0 0.8078125 0.86015625 0.0578125 0.1265625
0 0.340625 0.5296875 0.0546875 0.096875
0 0.4328125 0.453125 0.05 0.0953125
0 0.74609375 0.96328125 0.07421875 0.0734375
0 0.43828125 0.95625 0.0765625 0.0875
0 0.76796875 0.2484375 0.046875 0.08359375
0 0.875 0.12578125 0.0453125 0.078125