0 0.14375 0.37890625 0.04921875 0.0671875
0 0.11484375 0.41015625 0.053125 0.09375
0 0.07421875 0.4609375 0.05703125 0.1
0 0.02578125 0.50234375 0.05078125 0.10703125
0 0.040625 0.6484375 0.07421875 0.12265625
0 0.0109375 0.715625 0.021875 0.134375
0 0.090625 0.57578125 0.059375 0.09375
0 0.14609375 0.5015625 0.07734375 0.09375
0 0.14453125 0.575 0.04375 0.08203125
0 0.19453125 0.42421875 0.04921875 0.0671875
0 0.22265625 0.38203125 0.04765625 0.0890625
0 0.3125 0.39140625 0.046875 0.07734375
0 0.2828125 0.42734375 0.06171875 0.084375
0 0.275 0.4640625 0.059375 0.06796875
0 0.23515625 0.50234375 0.0546875 0.090625
0 0.27890625 0.5234375 0.04765625 0.08046875
0 0.20859375 0.57890625 0.0671875 0.0796875
0 0.18125 0.66640625 0.08828125 0.11796875
0 0.134375 0.76171875 0.07265625 0.1375
0 0.10234375 0.8875 0.06015625 0.165625
0 0.25859375 0.89921875 0.0859375 0.1703125
0 0.2875 0.775 0.084375 0.11875
0 0.315625 0.66796875 0.07578125 0.121875
0 0.3375 0.58125 0.05859375 0.10234375
0 0.35390625 0.51953125 0.05703125 0.08671875
0 0.3796875 0.46640625 0.0703125 0.0859375
0 0.45 0.4375 0.040625 0.07265625
0 0.4890625 0.5171875 0.06875 0.128125
0 0.45390625 0.58984375 0.06796875 0.08359375
0 0.453125 0.665625 0.09921875 0.096875
0 0.4640625 0.7734375 0.10546875 0.1359375
0 0.45234375 0.9125 0.10546875 0.13828125
0 0.64140625 0.9265625 0.09375 0.13828125
0 0.62421875 0.79296875 0.084375 0.140625
0 0.60625 0.67421875 0.0828125 0.11015625
0 0.59609375 0.58515625 0.07265625 0.0796875
0 0.5875 0.50625 0.07734375 0.096875
0 0.678125 0.44765625 0.0328125 0.0515625
0 0.69375 0.50078125 0.059375 0.05859375
0 0.72265625 0.53359375 0.07265625 0.0578125
0 0.7359375 0.6109375 0.078125 0.09296875
0 0.76875 0.69765625 0.10078125 0.10546875
0 0.79609375 0.81015625 0.090625 0.12109375
0 0.8484375 0.9234375 0.13984375 0.153125
0 0.9546875 0.81796875 0.090625 0.15625
0 0.8953125 0.696875 0.08984375 0.121875
0 0.86015625 0.60546875 0.07265625 0.090625
0 0.81328125 0.5390625 0.06171875 0.0703125
0 0.7953125 0.490625 0.0609375 0.07109375
0 0.76875 0.44921875 0.040625 0.04453125
0 0.9015625 0.490625 0.06875 0.0765625
0 0.9375 0.54140625 0.07421875 0.09921875
0 0.91484375 0.62265625 0.06640625 0.07890625
0 0.97578125 0.62109375 0.04765625 0.096875
0 0.965625 0.43984375 0.06796875 0.08671875