0 0.04296875 0.06953125 0.02890625 0.13359375
0 0.05546875 0.15703125 0.0359375 0.1453125
0 0.06171875 0.28515625 0.05390625 0.16953125
0 0.075 0.45546875 0.04921875 0.23671875
0 0.01796875 0.65078125 0.0359375 0.221875
0 0.0328125 0.840625 0.053125 0.271875
0 0.09609375 0.65625 0.046875 0.228125
0 0.11328125 0.8765625 0.05 0.24609375
0 0.20625 0.8828125 0.0578125 0.18359375
0 0.17578125 0.73515625 0.0515625 0.2484375
0 0.14375 0.46171875 0.046875 0.3046875
0 0.13359375 0.28046875 0.03671875 0.18984375
0 0.09375 0.05546875 0.040625 0.1109375
0 0.115625 0.13828125 0.0375 0.17890625
0 0.15078125 0.0609375 0.0421875 0.121875
0 0.175 0.184375 0.04140625 0.159375
0 0.19921875 0.30234375 0.03359375 0.15390625
0 0.21640625 0.4796875 0.05 0.26484375
0 0.24296875 0.68671875 0.046875 0.26484375
0 0.27890625 0.89921875 0.07265625 0.2015625
0 0.31484375 0.715625 0.053125 0.20625
0 0.2890625 0.55078125 0.04921875 0.26953125
0 0.25859375 0.3296875 0.025 0.2375
0 0.23359375 0.17421875 0.034375 0.1953125
0 0.20625 0.08125 0.02421875 0.13125
0 0.2734375 0.0796875 0.0375 0.159375
0 0.29375 0.2078125 0.03671875 0.20625
0 0.31796875 0.36171875 0.03828125 0.18984375
0 0.35078125 0.56328125 0.04765625 0.228125
0 0.33359375 0.11015625 0.04453125 0.1625
0 0.38203125 0.1203125 0.03359375 0.13828125
0 0.35546875 0.2453125 0.040625 0.2
0 0.3796875 0.38125 0.04453125 0.22421875
0 0.40859375 0.2703125 0.028125 0.17421875
0 0.40625 0.07265625 0.028125 0.1453125
0 0.43828125 0.16484375 0.02578125 0.15078125
0 0.46640625 0.27734375 0.05 0.2
0 0.44296875 0.4109375 0.04765625 0.21328125
0 0.4171875 0.59375 0.0453125 0.1875
0 0.39453125 0.7625 0.05703125 0.2578125
0 0.35546875 0.93828125 0.0625 0.1234375
0 0.5015625 0.07578125 0.03515625 0.1375
0 0.4546875 0.0671875 0.03515625 0.13359375
0 0.48671875 0.17421875 0.028125 0.11953125
0 0.5234375 0.0515625 0.028125 0.103125
0 0.56484375 0.05234375 0.02734375 0.09921875
0 0.55703125 0.11015625 0.03515625 0.1625
0 0.53359375 0.2046875 0.03359375 0.159375
0 0.521875 0.31875 0.03828125 0.15
0 0.5 0.4625 0.0453125 0.18984375
0 0.48125 0.61640625 0.04765625 0.19375
0 0.44609375 0.8609375 0.06015625 0.2765625
0 0.484375 0.93828125 0.02890625 0.10234375
0 0.5203125 0.815625 0.0578125 0.2328125
0 0.540625 0.63359375 0.06171875 0.171875
0 0.5546875 0.49140625 0.040625 0.2265625
0 0.5828125 0.365625 0.0296875 0.19453125
0 0.5953125 0.25 0.03984375 0.15390625
0 0.6 0.1515625 0.021875 0.11953125
0 0.6171875 0.08125 0.021875 0.090625
0 0.6546875 0.02734375 0.040625 0.0546875
0 0.65625 0.1078125 0.02890625 0.11328125
0 0.64921875 0.18515625 0.02890625 0.08515625
0 0.63515625 0.27265625 0.02890625 0.11328125
0 0.62421875 0.37734375 0.02890625 0.10546875
0 0.61015625 0.49609375 0.03984375 0.17109375
0 0.5984375 0.6734375 0.046875 0.1859375
0 0.58515625 0.83828125 0.05546875 0.19140625
0 0.64296875 0.88671875 0.04609375 0.2265625
0 0.659375 0.70390625 0.0484375 0.20625
0 0.67109375 0.53359375 0.04765625 0.21015625
0 0.67421875 0.39296875 0.040625 0.2078125
0 0.6890625 0.30078125 0.03671875 0.12578125
0 0.68984375 0.2125 0.028125 0.11484375
0 0.68984375 0.1359375 0.03203125 0.11953125
0 0.69453125 0.06015625 0.03984375 0.1203125
0 0.73671875 0.06015625 0.0328125 0.1203125
0 0.73828125 0.2015625 0.03203125 0.1578125
0 0.72890625 0.3203125 0.03359375 0.12734375
0 0.7265625 0.41015625 0.03984375 0.15
0 0.721875 0.55703125 0.04765625 0.17578125
0 0.7171875 0.74140625 0.0453125 0.2046875
0 0.70390625 0.89921875 0.0546875 0.2015625
0 0.76328125 0.9265625 0.0515625 0.146875
0 0.76484375 0.7734375 0.04375 0.18359375
0 0.771875 0.58125 0.040625 0.24453125
0 0.775 0.40234375 0.040625 0.1609375
0 0.7796875 0.296875 0.03125 0.12109375
0 0.77578125 0.20703125 0.03359375 0.1140625
0 0.77421875 0.0625 0.0390625 0.125
0 0.8171875 0.95234375 0.05 0.09453125
0 0.81953125 0.83671875 0.04375 0.146875
0 0.8203125 0.6875 0.04296875 0.178125
0 0.81796875 0.5546875 0.04296875 0.16796875
0 0.81796875 0.43125 0.0359375 0.159375
0 0.81328125 0.31328125 0.034375 0.14453125
0 0.81484375 0.21484375 0.0328125 0.12265625
0 0.81328125 0.12890625 0.03203125 0.109375
0 0.8140625 0.053125 0.0328125 0.10546875
0 0.875 0.953125 0.0375 0.09375
0 0.86796875 0.84453125 0.04453125 0.16328125
0 0.8671875 0.7265625 0.04453125 0.16484375
0 0.86640625 0.58125 0.03984375 0.14765625
0 0.86015625 0.46015625 0.03671875 0.1390625
0 0.85234375 0.33125 0.040625 0.13671875
0 0.85625 0.25 0.028125 0.125
0 0.8515625 0.1609375 0.0390625 0.11796875
0 0.8484375 0.059375 0.0359375 0.11796875
0 0.88046875 0.0328125 0.0328125 0.065625
0 0.88671875 0.09921875 0.03359375 0.090625
0 0.8890625 0.16796875 0.0359375 0.10703125
0 0.88984375 0.2671875 0.03515625 0.11953125
0 0.8953125 0.3703125 0.03359375 0.11484375
0 0.9015625 0.50234375 0.03359375 0.12734375
0 0.91015625 0.625 0.03515625 0.1328125
0 0.915625 0.7546875 0.0421875 0.12890625
0 0.91875 0.90234375 0.02578125 0.14140625
0 0.95 0.79921875 0.03515625 0.15703125
0 0.95 0.6625 0.0390625 0.1515625
0 0.9421875 0.51171875 0.0359375 0.1484375
0 0.9375 0.3890625 0.0359375 0.14765625
0 0.92734375 0.2765625 0.03359375 0.15234375
0 0.91953125 0.1921875 0.0296875 0.13046875
0 0.91484375 0.071875 0.03203125 0.14375
0 0.9859375 0.68046875 0.02734375 0.14921875
0 0.97890625 0.51484375 0.0390625 0.15234375
0 0.9703125 0.4046875 0.03203125 0.1171875
0 0.965625 0.30703125 0.0296875 0.10546875
0 0.9578125 0.2171875 0.0375 0.15078125
0 0.9953125 0.39375 0.009375 0.10078125
0 0.99375 0.30859375 0.0125 0.10234375
0 0.990625 0.215625 0.01875 0.10625
0 0.9515625 0.1109375 0.03515625 0.115625
0 0.94609375 0.04921875 0.0265625 0.09453125
0 0.978125 0.03046875 0.02421875 0.05546875
0 0.98515625 0.11484375 0.02578125 0.10546875