0 0.2359375 0.67265625 0.065625 0.1296875
0 0.1390625 0.77265625 0.059375 0.09296875
0 0.01796875 0.8609375 0.0359375 0.115625
0 0.0921875 0.59296875 0.05703125 0.1390625
0 0.06875 0.4328125 0.07421875 0.11640625
0 0.03515625 0.2515625 0.0484375 0.09609375
0 0.096875 0.08125 0.06640625 0.10859375
0 0.18828125 0.04296875 0.05859375 0.0859375
0 0.13046875 0.20546875 0.053125 0.096875
0 0.228125 0.14296875 0.05390625 0.07890625
0 0.4 0.0359375 0.0625 0.07109375
0 0.3578125 0.1921875 0.06328125 0.11171875
0 0.446875 0.13359375 0.053125 0.11171875
0 0.528125 0.0703125 0.0625 0.10625
0 0.16484375 0.3328125 0.06875 0.12265625
0 0.18984375 0.48046875 0.06015625 0.10703125
0 0.30078125 0.38828125 0.05 0.0875
0 0.3375 0.5578125 0.0515625 0.13125
0 0.44140625 0.471875 0.04453125 0.0890625
0 0.40625 0.33203125 0.071875 0.12890625
0 0.48203125 0.25390625 0.04296875 0.08203125
0 0.57109375 0.1953125 0.0640625 0.090625
0 0.59375 0.02734375 0.04375 0.0546875
0 0.6421875 0.14140625 0.04921875 0.09453125
0 0.7109375 0.06796875 0.053125 0.103125
0 0.7859375 0.03984375 0.05625 0.0796875
0 0.53671875 0.38203125 0.05859375 0.10703125
0 0.55078125 0.81875 0.0609375 0.1125
0 0.17109375 0.94765625 0.05546875 0.10390625
0 0.50703125 0.63828125 0.0640625 0.11953125
0 0.59140625 0.55234375 0.06328125 0.11640625
0 0.64453125 0.72578125 0.0515625 0.10546875
0 0.7375 0.6140625 0.0640625 0.10078125
0 0.6796875 0.46796875 0.06796875 0.09921875
0 0.6171875 0.30703125 0.05703125 0.1
0 0.69296875 0.24453125 0.046875 0.1
0 0.76328125 0.1859375 0.046875 0.10703125
0 0.83515625 0.1390625 0.05390625 0.09375
0 0.90390625 0.08125 0.05546875 0.0984375
0 0.96796875 0.0359375 0.05390625 0.07109375
0 0.9671875 0.2046875 0.0328125 0.05546875
0 0.90390625 0.24765625 0.053125 0.0875
0 0.8203125 0.3046875 0.03828125 0.0859375
0 0.75703125 0.3875 0.06640625 0.0859375
0 0.8234375 0.5328125 0.04453125 0.10859375
0 0.8890625 0.446875 0.0625 0.128125
0 0.9671875 0.38671875 0.065625 0.11953125
0 0.95546875 0.59921875 0.05234375 0.11171875