0 0.1921875 0.56171875 0.07421875 0.11796875
0 0.35078125 0.0703125 0.04296875 0.07421875
0 0.04375 0.63828125 0.065625 0.11171875
0 0.1203125 0.17421875 0.0515625 0.07578125
0 0.53359375 0.2390625 0.05078125 0.08046875
0 0.22734375 0.11953125 0.046875 0.0671875
0 0.09375 0.05625 0.04609375 0.0703125
0 0.271875 0.23984375 0.053125 0.08828125
0 0.17421875 0.4078125 0.0671875 0.121875
0 0.36875 0.6296875 0.090625 0.1640625
0 0.72109375 0.1328125 0.040625 0.07421875
0 0.859375 0.17890625 0.05078125 0.084375
0 0.45625 0.41953125 0.06953125 0.10234375
0 0.5625 0.73125 0.0765625 0.1421875
0 0.03046875 0.47890625 0.0609375 0.08984375
0 0.7390625 0.4453125 0.05703125 0.11171875
0 0.675 0.62890625 0.06171875 0.1265625
0 0.49765625 0.5703125 0.06953125 0.12109375
0 0.61328125 0.903125 0.090625 0.15546875
0 0.5765625 0.3671875 0.0546875 0.09375
0 0.7734375 0.2453125 0.046875 0.0890625
0 0.3078125 0.35390625 0.0625 0.109375
0 0.94453125 0.10859375 0.03671875 0.06875
0 0.21875 0.72578125 0.0734375 0.146875
0 0.42890625 0.78671875 0.0890625 0.175
0 0.678125 0.034375 0.05 0.06875
0 0.74765625 0.79921875 0.07265625 0.13984375
0 0.92890625 0.29921875 0.04296875 0.08203125
0 0.4765625 0.95390625 0.09375 0.0859375
0 0.33828125 0.48671875 0.06796875 0.1171875
0 0.421875 0.3046875 0.0640625 0.0890625
0 0.81015625 0.06328125 0.04375 0.07890625
0 0.6328125 0.18125 0.04453125 0.0796875
0 0.14140625 0.2828125 0.0703125 0.0828125
0 0.96875 0.62890625 0.0625 0.1671875
0 0.6359375 0.48125 0.0625 0.11484375
0 0.0640625 0.80625 0.06328125 0.1203125
0 0.94765625 0.86796875 0.08671875 0.16875
0 0.490625 0.13203125 0.0421875 0.0734375
0 0.6734375 0.3046875 0.05078125 0.0890625
0 0.25546875 0.90625 0.0703125 0.1265625
0 0.88984375 0.028125 0.04375 0.05625
0 0.98203125 0.42421875 0.0359375 0.10859375
0 0.38203125 0.175 0.03984375 0.075
0 0.83046875 0.365625 0.0421875 0.08828125
0 0.44140625 0.03125 0.04921875 0.06171875
0 0.01953125 0.33046875 0.0390625 0.1296875
0 0.10546875 0.96953125 0.0671875 0.0609375
0 0.8171875 0.9421875 0.08671875 0.10859375
0 0.79296875 0.5640625 0.05234375 0.1015625
0 0.89140625 0.51015625 0.05234375 0.11015625
0 0.203125 0.0203125 0.059375 0.03984375
0 0.01171875 0.20703125 0.02265625 0.09921875
0 0.8703125 0.7078125 0.0671875 0.17734375
0 0.5828125 0.075 0.0390625 0.07578125