0 0.73359375 0.90390625 0.14609375 0.19140625
0 0.81015625 0.6046875 0.128125 0.2328125
0 0.8875 0.396875 0.10859375 0.1515625
0 0.91640625 0.2546875 0.10390625 0.1546875
0 0.95234375 0.1265625 0.07890625 0.11796875
0 0.8421875 0.04609375 0.0671875 0.0921875
0 0.81953125 0.10625 0.084375 0.12734375
0 0.77265625 0.1953125 0.09296875 0.15546875
0 0.7109375 0.3140625 0.08828125 0.1453125
0 0.6265625 0.475 0.0890625 0.2015625
0 0.48359375 0.72578125 0.1453125 0.22890625
0 0.69765625 0.0640625 0.08671875 0.11171875
0 0.63203125 0.13671875 0.09765625 0.15234375
0 0.5546875 0.24140625 0.08515625 0.14375
0 0.43984375 0.39609375 0.09921875 0.165625
0 0.28046875 0.55859375 0.10546875 0.16875
0 0.5109375 0.08515625 0.0875 0.121875
0 0.42734375 0.1734375 0.0671875 0.1234375
0 0.58515625 0.046875 0.0703125 0.09296875
0 0.30078125 0.2984375 0.10078125 0.1625
0 0.12578125 0.4453125 0.11796875 0.18515625
0 0.41796875 0.053125 0.08046875 0.10625
0 0.31953125 0.12265625 0.0859375 0.12890625
0 0.22109375 0.08359375 0.06484375 0.121875
0 0.1546875 0.04921875 0.084375 0.0984375
0 0.18515625 0.22734375 0.07890625 0.1625
0 0.10234375 0.1703125 0.08203125 0.1171875
0 0.03671875 0.11953125 0.0734375 0.1265625
0 0.0328125 0.34921875 0.06484375 0.16015625
0 0.07734375 0.03046875 0.0640625 0.0609375