0 0.9625 0.44921875 0.059375 0.0921875
0 0.9046875 0.503125 0.0671875 0.06484375
0 0.94609375 0.55625 0.06484375 0.08828125
0 0.97734375 0.63203125 0.0453125 0.0890625
0 0.92109375 0.61875 0.06328125 0.07578125
0 0.85859375 0.621875 0.065625 0.0765625
0 0.815625 0.546875 0.05234375 0.07890625
0 0.7984375 0.49140625 0.0578125 0.08046875
0 0.77109375 0.45859375 0.021875 0.0578125
0 0.89609375 0.7140625 0.08671875 0.121875
0 0.9453125 0.83515625 0.075 0.17109375
0 0.84140625 0.92421875 0.1125 0.15078125
0 0.80234375 0.81796875 0.071875 0.12890625
0 0.775 0.715625 0.09609375 0.11171875
0 0.7359375 0.61875 0.078125 0.12421875
0 0.725 0.54375 0.05 0.08203125
0 0.7 0.50078125 0.0484375 0.075
0 0.675 0.4515625 0.0375 0.065625
0 0.58984375 0.5265625 0.0765625 0.07890625
0 0.596875 0.59765625 0.08203125 0.090625
0 0.60859375 0.6875 0.0609375 0.12109375
0 0.6265625 0.80078125 0.084375 0.13203125
0 0.64453125 0.9328125 0.0953125 0.12265625
0 0.4546875 0.925 0.1234375 0.13125
0 0.45703125 0.78671875 0.09453125 0.14140625
0 0.46015625 0.671875 0.0875 0.0921875
0 0.45703125 0.6 0.07421875 0.0859375
0 0.48515625 0.52109375 0.06484375 0.11640625
0 0.453125 0.440625 0.0515625 0.065625
0 0.37734375 0.46484375 0.07109375 0.06953125
0 0.35703125 0.53515625 0.0671875 0.08125
0 0.33984375 0.59453125 0.0671875 0.09921875
0 0.31875 0.6828125 0.08671875 0.10546875
0 0.29375 0.78125 0.08515625 0.109375
0 0.259375 0.91171875 0.103125 0.14140625
0 0.08984375 0.88828125 0.0953125 0.1296875
0 0.13515625 0.7703125 0.07734375 0.13125
0 0.18359375 0.66171875 0.09296875 0.1375
0 0.2078125 0.5828125 0.05859375 0.08046875
0 0.2328125 0.51171875 0.0453125 0.08828125
0 0.2875 0.5359375 0.03828125 0.08046875
0 0.271875 0.465625 0.0625 0.071875
0 0.3109375 0.3921875 0.04921875 0.053125
0 0.22421875 0.38203125 0.05234375 0.08046875
0 0.196875 0.42890625 0.05 0.071875
0 0.16875 0.471875 0.05390625 0.05625
0 0.13984375 0.5078125 0.0609375 0.05703125
0 0.09140625 0.57265625 0.05859375 0.11171875
0 0.1484375 0.58125 0.0453125 0.07890625
0 0.04765625 0.64765625 0.06328125 0.09296875
0 0.01171875 0.70703125 0.02265625 0.10625
0 0.0296875 0.5109375 0.059375 0.1046875
0 0.07734375 0.45078125 0.059375 0.090625
0 0.1109375 0.4109375 0.04453125 0.08515625
0 0.1421875 0.38984375 0.040625 0.0828125