0 0.31484375 0.0609375 0.046875 0.075
0 0.1984375 0.35 0.0796875 0.1375
0 0.03125 0.30859375 0.0625 0.1078125
0 0.871875 0.09453125 0.0484375 0.08515625
0 0.3578125 0.1609375 0.04921875 0.0765625
0 0.25234375 0.47421875 0.0796875 0.14140625
0 0.79453125 0.4953125 0.075 0.146875
0 0.78359375 0.72265625 0.07734375 0.159375
0 0.0796875 0.0515625 0.053125 0.08203125
0 0.5671875 0.8734375 0.08203125 0.153125
0 0.15703125 0.24296875 0.0609375 0.09765625
0 0.42421875 0.55859375 0.0765625 0.121875
0 0.48828125 0.68828125 0.0703125 0.13515625
0 0.25703125 0.20078125 0.0640625 0.09921875
0 0.71171875 0.36875 0.0703125 0.13203125
0 0.6953125 0.559375 0.0734375 0.140625
0 0.0625 0.41953125 0.0671875 0.1125
0 0.94296875 0.05390625 0.06171875 0.096875
0 0.45625 0.3625 0.05625 0.11640625
0 0.30703125 0.31640625 0.065625 0.109375
0 0.88125 0.61640625 0.08828125 0.1421875
0 0.31015625 0.621875 0.071875 0.14375
0 0.965625 0.56640625 0.06875 0.1375
0 0.7328125 0.059375 0.059375 0.0921875
0 0.01875 0.1734375 0.0375 0.10625
0 0.36328125 0.42890625 0.06484375 0.10546875
0 0.67265625 0.79140625 0.0859375 0.153125
0 0.11953125 0.1421875 0.05859375 0.09140625
0 0.2171875 0.10703125 0.0640625 0.08046875
0 0.5796875 0.17109375 0.046875 0.09375
0 0.60078125 0.02421875 0.05078125 0.0484375
0 0.5921875 0.615625 0.07421875 0.1421875
0 0.62578125 0.428125 0.06171875 0.12890625
0 0.50234375 0.2234375 0.05703125 0.09609375
0 0.796875 0.33515625 0.0515625 0.09375
0 0.8859375 0.878125 0.0796875 0.15390625
0 0.52578125 0.48671875 0.06484375 0.12421875
0 0.11171875 0.56640625 0.0625 0.10859375
0 0.88359375 0.44140625 0.065625 0.115625
0 0.2171875 0.90234375 0.0796875 0.1796875
0 0.72265625 0.2125 0.046875 0.09140625
0 0.5578125 0.31328125 0.04921875 0.10546875
0 0.41328125 0.2515625 0.05 0.08828125
0 0.94765625 0.19453125 0.04921875 0.09140625
0 0.97578125 0.81796875 0.0484375 0.2140625
0 0.1640625 0.7234375 0.07578125 0.13046875
0 0.95703125 0.37890625 0.05703125 0.1109375
0 0.440625 0.121875 0.053125 0.09140625
0 0.64296875 0.27734375 0.05390625 0.0953125
0 0.44375 0.9625 0.0828125 0.075
0 0.028125 0.82734375 0.05546875 0.171875
0 0.525 0.0671875 0.0421875 0.08203125
0 0.87421875 0.26328125 0.046875 0.090625
0 0.8015625 0.15 0.0546875 0.09140625
0 0.81171875 0.025 0.06484375 0.04921875
0 0.353125 0.7921875 0.08671875 0.13359375
0 0.66640625 0.11640625 0.04609375 0.08203125