0 0.57734375 0.14140625 0.04765625 0.0765625
0 0.18828125 0.0796875 0.04921875 0.07109375
0 0.43671875 0.48828125 0.084375 0.140625
0 0.0640625 0.11640625 0.05859375 0.09609375
0 0.13359375 0.4921875 0.06640625 0.103125
0 0.5359375 0.04296875 0.04453125 0.07265625
0 0.75078125 0.0515625 0.04140625 0.0703125
0 0.2640625 0.421875 0.06796875 0.11171875
0 0.71640625 0.490625 0.0578125 0.11171875
0 0.24765625 0.290625 0.06484375 0.10859375
0 0.61953125 0.56171875 0.07109375 0.1203125
0 0.3890625 0.8984375 0.07578125 0.1234375
0 0.36484375 0.24453125 0.06015625 0.09453125
0 0.509375 0.30546875 0.06484375 0.09453125
0 0.2875 0.03203125 0.0453125 0.0640625
0 0.48828125 0.6125 0.07265625 0.15078125
0 0.4765625 0.2 0.0578125 0.0796875
0 0.67109375 0.09453125 0.03828125 0.06875
0 0.11328125 0.35078125 0.06796875 0.090625
0 0.62265625 0.25703125 0.05390625 0.0828125
0 0.20078125 0.7984375 0.05625 0.109375
0 0.39609375 0.3546875 0.0640625 0.10703125
0 0.67265625 0.7125 0.08515625 0.1296875
0 0.1578125 0.634375 0.0625 0.11015625
0 0.74765625 0.875 0.08125 0.15234375
0 0.21328125 0.17890625 0.06796875 0.08046875
0 0.93984375 0.9453125 0.08359375 0.10234375
0 0.78671875 0.62578125 0.06640625 0.12109375
0 0.96953125 0.709375 0.06015625 0.15390625
0 0.825 0.4234375 0.04921875 0.1
0 0.88046875 0.09375 0.04765625 0.08515625
0 0.7125 0.20390625 0.04921875 0.08125
0 0.6765625 0.35390625 0.05546875 0.09609375
0 0.96171875 0.028125 0.03671875 0.05546875
0 0.55625 0.43671875 0.06875 0.11171875
0 0.3296875 0.14140625 0.0546875 0.08515625
0 0.98125 0.4890625 0.03671875 0.140625
0 0.3 0.56484375 0.0703125 0.11484375
0 0.86015625 0.26953125 0.05 0.11015625
0 0.77578125 0.32578125 0.0546875 0.10078125
0 0.5484375 0.79375 0.0796875 0.1390625
0 0.8609375 0.77734375 0.0765625 0.15546875
0 0.79765625 0.1546875 0.046875 0.084375
0 0.915625 0.384375 0.05 0.10234375
0 0.340625 0.7203125 0.06484375 0.11015625
0 0.43515625 0.08515625 0.03984375 0.06875
0 0.08671875 0.22890625 0.07109375 0.1015625
0 0.6 0.94921875 0.0765625 0.1015625
0 0.95234375 0.20859375 0.04453125 0.0703125