0 0.94296875 0.64921875 0.06328125 0.11328125
0 0.88515625 0.71171875 0.05390625 0.09375
0 0.75703125 0.87890625 0.07109375 0.1484375
0 0.9609375 0.38515625 0.05546875 0.09140625
0 0.91015625 0.43515625 0.05859375 0.09765625
0 0.859375 0.4953125 0.04609375 0.1015625
0 0.80703125 0.56328125 0.07265625 0.109375
0 0.72421875 0.62109375 0.078125 0.1140625
0 0.6546875 0.67265625 0.05390625 0.12734375
0 0.57578125 0.77578125 0.05625 0.12734375
0 0.46953125 0.84921875 0.07265625 0.128125
0 0.97578125 0.19453125 0.040625 0.109375
0 0.87890625 0.2546875 0.06015625 0.10546875
0 0.83125 0.29609375 0.04765625 0.09453125
0 0.778125 0.34296875 0.0453125 0.10078125
0 0.71015625 0.40078125 0.06328125 0.11875
0 0.63984375 0.45078125 0.0546875 0.10390625
0 0.56953125 0.5140625 0.06328125 0.121875
0 0.50078125 0.5796875 0.07578125 0.134375
0 0.39453125 0.63203125 0.0734375 0.1359375
0 0.29453125 0.7359375 0.0640625 0.1375
0 0.19140625 0.82734375 0.0625 0.14453125
0 0.0671875 0.92734375 0.0734375 0.14296875
0 0.90078125 0.10078125 0.04140625 0.07265625
0 0.8515625 0.11328125 0.05 0.0890625
0 0.809375 0.14453125 0.04375 0.07421875
0 0.75859375 0.18828125 0.04921875 0.08359375
0 0.70078125 0.21953125 0.04921875 0.0828125
0 0.5578125 0.31953125 0.05 0.09296875
0 0.4890625 0.3578125 0.06015625 0.1015625
0 0.409375 0.41328125 0.05390625 0.09296875
0 0.315625 0.45 0.0671875 0.10234375
0 0.228125 0.52265625 0.05546875 0.10546875
0 0.1234375 0.5984375 0.0625 0.10703125
0 0.7421875 0.040625 0.059375 0.08046875
0 0.68515625 0.05390625 0.05 0.09453125
0 0.62578125 0.09765625 0.03671875 0.07890625
0 0.56875 0.14453125 0.040625 0.06875
0 0.49375 0.18359375 0.04921875 0.1
0 0.415625 0.221875 0.0609375 0.1125
0 0.34609375 0.26953125 0.0546875 0.09609375
0 0.24453125 0.3 0.06953125 0.12421875
0 0.15625 0.3640625 0.05390625 0.09609375
0 0.0734375 0.42421875 0.07578125 0.14765625
0 0.490625 0.03359375 0.0453125 0.0671875
0 0.41875 0.059375 0.05390625 0.10078125
0 0.34375 0.09296875 0.03984375 0.103125
0 0.2859375 0.1328125 0.05546875 0.09765625
0 0.2078125 0.16328125 0.05625 0.08984375
0 0.1140625 0.23125 0.07265625 0.11796875
0 0.14375 0.0734375 0.05078125 0.10390625
0 0.05390625 0.11796875 0.05625 0.1015625