0 0.87890625 0.91171875 0.05078125 0.09921875
0 0.953125 0.62890625 0.05625 0.07734375
0 0.8859375 0.6734375 0.05859375 0.08515625
0 0.71484375 0.82109375 0.06875 0.11484375
0 0.6171875 0.925 0.06796875 0.10390625
0 0.9421875 0.41015625 0.04921875 0.0859375
0 0.88203125 0.48671875 0.0421875 0.08046875
0 0.8 0.53125 0.059375 0.08046875
0 0.7296875 0.57734375 0.04921875 0.08125
0 0.64453125 0.640625 0.0484375 0.075
0 0.4640625 0.771875 0.05234375 0.10703125
0 0.34140625 0.896875 0.059375 0.1046875
0 0.1703125 0.815625 0.0640625 0.11640625
0 0.03984375 0.940625 0.0796875 0.11796875
0 0.41015625 0.6109375 0.05078125 0.10234375
0 0.49453125 0.5421875 0.06328125 0.07578125
0 0.58203125 0.48828125 0.05703125 0.09765625
0 0.6609375 0.4328125 0.04609375 0.0890625
0 0.734375 0.384375 0.05546875 0.08203125
0 0.82265625 0.3484375 0.04296875 0.065625
0 0.88046875 0.31171875 0.03671875 0.06015625
0 0.94140625 0.27578125 0.0390625 0.0625
0 0.87578125 0.17578125 0.0453125 0.08125
0 0.8109375 0.20625 0.046875 0.078125
0 0.7484375 0.23671875 0.0421875 0.065625
0 0.67265625 0.253125 0.05234375 0.08515625
0 0.60078125 0.29296875 0.0421875 0.07421875
0 0.52109375 0.35234375 0.0421875 0.09140625
0 0.434375 0.409375 0.0328125 0.07109375
0 0.3484375 0.465625 0.05 0.09453125
0 0.24609375 0.55 0.05390625 0.09140625
0 0.1140625 0.64609375 0.05390625 0.1078125
0 0.93828125 0.028125 0.0484375 0.05625
0 0.88515625 0.05546875 0.03125 0.05
0 0.82265625 0.075 0.0359375 0.0671875
0 0.75625 0.10078125 0.03828125 0.06328125
0 0.615625 0.15 0.0453125 0.0671875
0 0.54921875 0.18125 0.0359375 0.0703125
0 0.4796875 0.22109375 0.0484375 0.09765625
0 0.3953125 0.2765625 0.05 0.08515625
0 0.2890625 0.3375 0.05625 0.090625
0 0.190625 0.42109375 0.05234375 0.0953125
0 0.078125 0.4953125 0.06328125 0.13203125
0 0.64140625 0.034375 0.04140625 0.06875
0 0.57734375 0.04765625 0.04453125 0.09375
0 0.50703125 0.0859375 0.05078125 0.08515625
0 0.42734375 0.125 0.05390625 0.09453125
0 0.3375 0.16796875 0.0625 0.1078125
0 0.2453125 0.221875 0.059375 0.0875
0 0.1375 0.28671875 0.0625 0.10546875
0 0.0328125 0.35625 0.05625 0.1078125
0 0.37265625 0.04453125 0.04296875 0.0796875
0 0.2875 0.0796875 0.04921875 0.090625
0 0.1890625 0.140625 0.05859375 0.103125
0 0.08984375 0.18359375 0.059375 0.11328125
0 0.05 0.1078125 0.046875 0.1
0 0.15625 0.04609375 0.04921875 0.08671875
0 0.02578125 0.0359375 0.05078125 0.0625
0 0.240625 0.02890625 0.053125 0.0578125