0 0.728125 0.20078125 0.025 0.0375
0 0.696875 0.06796875 0.0203125 0.028125
0 0.59609375 0.115625 0.02734375 0.04296875
0 0.6078125 0.05234375 0.02109375 0.03203125
0 0.08046875 0.4703125 0.0453125 0.059375
0 0.5921875 0.0125 0.01640625 0.025
0 0.60390625 0.07890625 0.0203125 0.0234375
0 0.803125 0.28125 0.03203125 0.05078125
0 0.69453125 0.21796875 0.03046875 0.04609375
0 0.3421875 0.096875 0.01796875 0.03125
0 0.5484375 0.17890625 0.03046875 0.040625
0 0.83515625 0.26796875 0.0296875 0.04140625
0 0.35703125 0.453125 0.0453125 0.059375
0 0.3765625 0.13203125 0.025 0.04375
0 0.48359375 0.17109375 0.02734375 0.0390625
0 0.65546875 0.17890625 0.02734375 0.0375
0 0.43203125 0.0703125 0.01875 0.03203125
0 0.2578125 0.2671875 0.0359375 0.0453125
0 0.54609375 0.06171875 0.0203125 0.0328125
0 0.47734375 0.2921875 0.03359375 0.0484375
0 0.628125 0.10390625 0.0234375 0.034375
0 0.69375 0.1671875 0.025 0.0375
0 0.509375 0.08671875 0.02421875 0.04140625
0 0.51875 0.0484375 0.01796875 0.028125
0 0.4546875 0.15234375 0.02578125 0.040625
0 0.45234375 0.0875 0.02109375 0.0375
0 0.109375 0.6359375 0.05546875 0.0671875
0 0.69375 0.1265625 0.0234375 0.0359375
0 0.63984375 0.3625 0.040625 0.06328125
0 0.4640625 0.49375 0.0421875 0.0625
0 0.39609375 0.0890625 0.01875 0.034375
0 0.35703125 0.1140625 0.01953125 0.03515625
0 0.5203125 0.2828125 0.03359375 0.04921875
0 0.55859375 0.13515625 0.025 0.0375
0 0.5203125 0.1546875 0.0265625 0.03828125
0 0.275 0.3 0.034375 0.04921875
0 0.25234375 0.4171875 0.04375 0.05703125
0 0.4203125 0.16875 0.02578125 0.04375
0 0.659375 0.13671875 0.02265625 0.03515625
0 0.49609375 0.1296875 0.02734375 0.04140625
0 0.30546875 0.18203125 0.02109375 0.0359375
0 0.36640625 0.31953125 0.03984375 0.059375
0 0.3 0.340625 0.040625 0.05546875
0 0.21328125 0.3203125 0.04140625 0.053125
0 0.18671875 0.5109375 0.04765625 0.0671875
0 0.3203125 0.1328125 0.02109375 0.03984375
0 0.06484375 0.41640625 0.04609375 0.05546875
0 0.6875 0.42265625 0.03515625 0.05234375
0 0.625 0.14765625 0.025 0.03671875
0 0.43125 0.03984375 0.015625 0.028125
0 0.46953125 0.109375 0.02109375 0.03515625
0 0.8703125 0.2546875 0.02578125 0.03984375
0 0.590625 0.16328125 0.025 0.03828125
0 0.59140625 0.37890625 0.03828125 0.053125
0 0.49140625 0.24609375 0.0296875 0.046875
0 0.34375 0.21796875 0.0265625 0.04453125
0 0.23203125 0.3625 0.040625 0.0515625
0 0.759375 0.2421875 0.034375 0.05
0 0.878125 0.3046875 0.028125 0.04765625
0 0.96640625 0.52890625 0.04296875 0.0625
0 0.51015625 0.01484375 0.01484375 0.0234375
0 0.16328125 0.44453125 0.04453125 0.06171875
0 0.41953125 0.2265625 0.02421875 0.03984375
0 0.79453125 0.2265625 0.03046875 0.0453125
0 0.465625 0.05703125 0.02265625 0.0328125
0 0.1953125 0.2890625 0.0328125 0.04453125
0 0.72578125 0.16171875 0.021875 0.034375
0 0.57734375 0.21796875 0.02734375 0.040625
0 0.64765625 0.3015625 0.03203125 0.0453125
0 0.325 0.196875 0.02578125 0.03828125
0 0.09296875 0.55 0.05078125 0.0640625
0 0.7546875 0.15625 0.021875 0.0328125
0 0.85546875 0.41015625 0.03984375 0.071875
0 0.665625 0.06953125 0.0203125 0.0265625
0 0.72265625 0.065625 0.01796875 0.02421875
0 0.72890625 0.4046875 0.040625 0.06171875
0 0.93046875 0.3546875 0.0328125 0.0453125
0 0.5328125 0.109375 0.0265625 0.04140625
0 0.44140625 0.18828125 0.025 0.0421875
0 0.35 0.16640625 0.02734375 0.04296875
0 0.396875 0.3625 0.03984375 0.0625
0 0.725 0.2546875 0.03046875 0.04375
0 0.8125 0.35390625 0.03359375 0.0515625
0 0.396875 0.52109375 0.04140625 0.0625
0 0.5296875 0.4734375 0.04296875 0.06484375
0 0.75390625 0.11875 0.0203125 0.028125
0 0.5078125 0.1953125 0.028125 0.04375
0 0.72109375 0.09609375 0.02109375 0.0265625
0 0.69609375 0.0421875 0.01640625 0.02265625
0 0.81875 0.17734375 0.01953125 0.03046875
0 0.55390625 0.3328125 0.0328125 0.0484375
0 0.56484375 0.0828125 0.01875 0.025
0 0.48828125 0.40390625 0.04296875 0.06484375
0 0.44453125 0.2546875 0.02890625 0.04609375
0 0.37578125 0.18125 0.02734375 0.04453125
0 0.61171875 0.25390625 0.03359375 0.05078125
0 0.3359375 0.2828125 0.0375 0.05078125
0 0.81953125 0.43203125 0.0390625 0.05859375
0 0.44765625 0.0453125 0.0171875 0.03359375
0 0.4171875 0.10859375 0.0234375 0.0390625
0 0.43359375 0.1265625 0.025 0.03984375
0 0.278125 0.4765625 0.0453125 0.06328125
0 0.24609375 0.696875 0.05078125 0.0734375
0 0.121875 0.30859375 0.04140625 0.04453125
0 0.56640625 0.27265625 0.0359375 0.05234375
0 0.9453125 0.434375 0.0375 0.05859375
0 0.828125 0.21796875 0.02421875 0.0375
0 0.68359375 0.34765625 0.034375 0.05234375
0 0.9515625 0.67890625 0.04375 0.0796875
0 0.45625 0.35703125 0.03828125 0.05625
0 0.778125 0.46484375 0.0390625 0.05625
0 0.4890625 0.0734375 0.021875 0.0375
0 0.653125 0.2359375 0.03515625 0.05078125
0 0.55859375 0.66015625 0.0421875 0.065625
0 0.82890625 0.52265625 0.040625 0.0609375
0 0.90703125 0.71640625 0.04375 0.06796875
0 0.17578125 0.2640625 0.03515625 0.04296875
0 0.134375 0.34609375 0.0421875 0.05078125
0 0.5453125 0.39140625 0.03671875 0.05546875
0 0.6171875 0.0265625 0.0203125 0.02421875
0 0.66953125 0.04609375 0.01796875 0.02265625
0 0.78828125 0.1828125 0.0203125 0.03046875
0 0.6625 0.1 0.02265625 0.03125
0 0.6203125 0.625 0.0390625 0.0640625
0 0.50546875 0.3390625 0.0375 0.05390625
0 0.60390625 0.31796875 0.03359375 0.05
0 0.6171875 0.19921875 0.02578125 0.04140625
0 0.3921875 0.2703125 0.0296875 0.04375
0 0.6859375 0.284375 0.03359375 0.04296875
0 0.3671875 0.03203125 0.015625 0.028125
0 0.42578125 0.4265625 0.03828125 0.05859375
0 0.20703125 0.071875 0.01640625 0.02421875
0 0.53984375 0.234375 0.03046875 0.04453125
0 0.4796875 0.7109375 0.046875 0.07734375
0 0.33359375 0.1515625 0.02109375 0.03671875
0 0.6390625 0.075 0.0203125 0.028125
0 0.34453125 0.05625 0.015625 0.03203125
0 0.90859375 0.46640625 0.0390625 0.059375
0 0.9296875 0.56328125 0.03828125 0.05078125
0 0.32734375 0.08203125 0.015625 0.0265625
0 0.09296875 0.10078125 0.02109375 0.02578125
0 0.64609375 0.02109375 0.01796875 0.0234375
0 0.23359375 0.053125 0.015625 0.02890625
0 0.578125 0.053125 0.01953125 0.02890625
0 0.50078125 0.0421875 0.01796875 0.028125
0 0.7296875 0.32734375 0.03671875 0.04765625
0 0.0484375 0.2984375 0.03359375 0.03515625
0 0.69609375 0.0171875 0.015625 0.0203125
0 0.2890625 0.16484375 0.025 0.04296875
0 0.26015625 0.18828125 0.02265625 0.03671875
0 0.053125 0.33359375 0.0421875 0.0453125
0 0.4453125 0.01328125 0.015625 0.0234375
0 0.21640625 0.59375 0.0375 0.0640625
0 0.89375 0.37890625 0.03515625 0.05390625
0 0.69453125 0.10078125 0.0203125 0.02421875
0 0.778125 0.1109375 0.01796875 0.028125
0 0.36796875 0.2390625 0.02578125 0.040625
0 0.378125 0.06484375 0.01875 0.03359375
0 0.2828125 0.053125 0.0140625 0.0265625
0 0.39609375 0.04921875 0.01484375 0.028125
0 0.29375 0.06171875 0.01796875 0.03046875
0 0.1546875 0.390625 0.04453125 0.04921875
0 0.4421875 0.88828125 0.05625 0.09609375
0 0.77109375 0.378125 0.03515625 0.05546875
0 0.68515625 0.50859375 0.03828125 0.06171875
0 0.27265625 0.15 0.01953125 0.03359375
0 0.87578125 0.4984375 0.04296875 0.05859375
0 0.2265625 0.1625 0.02265625 0.0390625
0 0.46484375 0.21484375 0.02890625 0.04453125
0 0.265625 0.04140625 0.01640625 0.028125
0 0.8453125 0.3296875 0.034375 0.046875
0 0.84296875 0.63125 0.04296875 0.05703125
0 0.48203125 0.0328125 0.015625 0.02578125
0 0.628125 0.52421875 0.03671875 0.0546875
0 0.24375 0.175 0.021875 0.0390625
0 0.7328125 0.5765625 0.04140625 0.0609375
0 0.396875 0.15078125 0.028125 0.040625
0 0.0578125 0.37265625 0.04453125 0.040625
0 0.4953125 0.0109375 0.01484375 0.02109375
0 0.46171875 0.02109375 0.015625 0.025
0 0.25390625 0.07109375 0.0171875 0.02734375
0 0.2828125 0.82265625 0.05078125 0.0796875
0 0.7828125 0.1515625 0.01953125 0.03046875
0 0.71953125 0.0421875 0.01484375 0.02109375
0 0.784375 0.55390625 0.03671875 0.0546875
0 0.39609375 0.0140625 0.015625 0.02734375
0 0.4359375 0.59375 0.0453125 0.08203125
0 0.53671875 0.02421875 0.01484375 0.028125
0 0.18125 0.10078125 0.01640625 0.025
0 0.6140625 0.775 0.04609375 0.0703125
0 0.73203125 0.4875 0.03828125 0.05234375
0 0.3265625 0.95546875 0.06171875 0.0828125
0 0.18984375 0.0578125 0.015625 0.02578125
0 0.11015625 0.2765625 0.0375 0.0390625
0 0.39140625 0.20546875 0.0265625 0.03828125
0 0.79765625 0.66796875 0.04453125 0.06875
0 0.221875 0.21796875 0.03203125 0.04140625
0 0.04453125 0.0765625 0.021875 0.0265625
0 0.06328125 0.1484375 0.028125 0.0390625
0 0.76796875 0.29921875 0.02734375 0.04453125
0 0.23359375 0.2390625 0.034375 0.04453125
0 0.50546875 0.56171875 0.03984375 0.06484375
0 0.2765625 0.2125 0.0265625 0.03671875
0 0.58359375 0.4515625 0.02890625 0.0515625
0 0.31640625 0.2515625 0.03203125 0.0421875
0 0.16796875 0.0234375 0.01640625 0.02578125
0 0.13125 0.02578125 0.01796875 0.03046875
0 0.7609375 0.19375 0.02109375 0.02890625
0 0.3578125 0.06015625 0.01484375 0.028125
0 0.22890625 0.10078125 0.0171875 0.03125
0 0.1609375 0.23203125 0.03515625 0.0421875
0 0.1890625 0.184375 0.0234375 0.040625
0 0.075 0.0703125 0.02109375 0.03046875
0 0.0171875 0.8 0.034375 0.0890625
0 0.28984375 0.10859375 0.01484375 0.02734375
0 0.640625 0.0484375 0.01875 0.0265625
0 0.1 0.24921875 0.0390625 0.04140625
0 0.21015625 0.02578125 0.01484375 0.0234375
0 0.41640625 0.02578125 0.015625 0.02578125
0 0.4296875 0.009375 0.015625 0.01796875
0 0.815625 0.8078125 0.0484375 0.07578125
0 0.18984375 0.00859375 0.0171875 0.0171875
0 0.72265625 0.1234375 0.0203125 0.028125
0 0.29375 0.23125 0.0265625 0.03671875
0 0.0125 0.12109375 0.021875 0.0296875
0 0.30234375 0.12109375 0.01484375 0.03046875
0 0.5640625 0.01953125 0.01484375 0.0265625
0 0.31484375 0.55234375 0.04140625 0.05625
0 0.98671875 0.6421875 0.0265625 0.08359375
0 0.41015625 0.0546875 0.0171875 0.03046875
0 0.628125 0.43515625 0.03046875 0.04765625
0 0.86328125 0.765625 0.04765625 0.075
0 0.8875 0.921875 0.059375 0.09375
0 0.1296875 0.74296875 0.0546875 0.09609375
0 0.3328125 0.0484375 0.01328125 0.02890625
0 0.03359375 0.27265625 0.03203125 0.0375
0 0.17421875 0.1671875 0.0234375 0.03828125
0 0.26015625 0.1375 0.01875 0.03515625
0 0.68125 0.734375 0.0390625 0.065625
0 0.05390625 0.10546875 0.02265625 0.03046875
0 0.128125 0.17734375 0.03203125 0.0390625
0 0.884375 0.5984375 0.03515625 0.059375
0 0.68515625 0.60234375 0.03671875 0.0578125
0 0.20859375 0.20625 0.02578125 0.04375
0 0.19453125 0.12421875 0.01953125 0.03359375
0 0.3296875 0.38359375 0.0359375 0.05234375
0 0.01875 0.15078125 0.02578125 0.02265625
0 0.21171875 0.14453125 0.01953125 0.034375
0 0.1578125 0.89296875 0.0625 0.10546875
0 0.14453125 0.2078125 0.0328125 0.046875
0 0.071875 0.1921875 0.028125 0.0296875
0 0.6203125 0.009375 0.01796875 0.01796875
0 0.0359375 0.23984375 0.03671875 0.03203125
0 0.1796875 0.04765625 0.0140625 0.025
0 0.421875 0.30234375 0.02734375 0.0421875
0 0.03359375 0.9484375 0.0671875 0.09375
0 0.575 0.54765625 0.0375 0.0578125
0 0.27109375 0.0921875 0.0171875 0.03046875
0 0.83046875 0.978125 0.05703125 0.04296875
0 0.2421875 0.1125 0.015625 0.03046875
0 0.1484375 0.1171875 0.0203125 0.03359375
0 0.3890625 0.7546875 0.04921875 0.09296875
0 0.9390625 0.89296875 0.05703125 0.1078125
0 0.2703125 0.00859375 0.01796875 0.0171875
0 0.7453125 0.06328125 0.015625 0.02421875
0 0.06875 0.040625 0.01875 0.025
0 0.54375 0.00703125 0.01640625 0.0140625
0 0.5265625 0.14921875 0.02890625 0.04140625
0 0.25859375 0.03046875 0.0109375 0.02265625
0 0.16015625 0.1390625 0.02109375 0.034375
0 0.15859375 0.0125 0.01484375 0.025
0 0.98984375 0.49140625 0.01875 0.05859375
0 0.09453125 0.01640625 0.01796875 0.01953125
0 0.07265625 0.1765625 0.03046875 0.02890625
0 0.2671875 0.13828125 0.01953125 0.03515625
0 0.34140625 0.63671875 0.04453125 0.07890625
0 0.53203125 0.834375 0.06640625 0.1
0 0.68046875 0.92109375 0.04765625 0.0828125
0 0.60703125 0.9703125 0.05 0.059375
0 0.74296875 0.69609375 0.03671875 0.078125