0 0.125 0.0546875 0.06484375 0.10546875
0 0.15625 0.21640625 0.07265625 0.10859375
0 0.19375 0.390625 0.0484375 0.08671875
0 0.88046875 0.16875 0.07734375 0.13046875
0 0.71328125 0.4609375 0.08125 0.1578125
0 0.03203125 0.028125 0.0640625 0.05625
0 0.59375 0.14140625 0.06796875 0.1265625
0 0.90703125 0.55390625 0.084375 0.15234375
0 0.7796875 0.64296875 0.0859375 0.16171875
0 0.3015625 0.1390625 0.0484375 0.09296875
0 0.43046875 0.0796875 0.053125 0.103125
0 0.015625 0.1265625 0.03046875 0.11015625
0 0.22890625 0.565625 0.05546875 0.10546875
0 0.80625 0.04609375 0.0640625 0.0921875
0 0.43671875 0.665625 0.0578125 0.1015625
0 0.94609375 0.30859375 0.07734375 0.159375
0 0.64609375 0.76875 0.08046875 0.15078125
0 0.06953125 0.678125 0.07890625 0.1078125
0 0.48984375 0.90078125 0.084375 0.165625
0 0.47109375 0.22578125 0.0578125 0.11328125
0 0.76796875 0.23046875 0.07265625 0.12265625
0 0.8609375 0.88671875 0.10859375 0.15703125
0 0.8328125 0.3734375 0.07421875 0.1328125
0 0.5859375 0.5640625 0.0890625 0.15234375
0 0.2671875 0.7890625 0.07421875 0.15234375
0 0.10546875 0.91015625 0.08203125 0.1484375
0 0.38203125 0.48046875 0.075 0.115625
0 0.52890625 0.36953125 0.078125 0.13046875
0 0.646875 0.3125 0.0625 0.10625
0 0.7078125 0.0828125 0.0640625 0.109375
0 0.34140625 0.30703125 0.06953125 0.12109375