0 0.925 0.5765625 0.07578125 0.12890625
0 0.89765625 0.87109375 0.08515625 0.14453125
0 0.784375 0.665625 0.090625 0.14921875
0 0.93046875 0.35234375 0.09140625 0.13125
0 0.81640625 0.42578125 0.06875 0.12578125
0 0.1109375 0.5015625 0.084375 0.15390625
0 0.546875 0.58359375 0.06796875 0.11796875
0 0.63203125 0.7765625 0.084375 0.12578125
0 0.4578125 0.92109375 0.06796875 0.1234375
0 0.93359375 0.16328125 0.06640625 0.10390625
0 0.8421875 0.2328125 0.06328125 0.09765625
0 0.725 0.30546875 0.06875 0.10234375
0 0.615625 0.4109375 0.0671875 0.13359375
0 0.4765625 0.46171875 0.07578125 0.12578125
0 0.3796875 0.69609375 0.078125 0.12421875
0 0.21171875 0.83984375 0.07421875 0.14140625
0 0.15 0.6671875 0.0875 0.16171875
0 0.85078125 0.08515625 0.0640625 0.11171875
0 0.69765625 0.07109375 0.06953125 0.11171875
0 0.31796875 0.5546875 0.08515625 0.14609375
0 0.5375 0.27421875 0.0671875 0.13359375
0 0.41015625 0.34140625 0.075 0.12734375
0 0.2734375 0.4203125 0.09140625 0.1375
0 0.6796875 0.5046875 0.0609375 0.11015625
0 0.59609375 0.11640625 0.065625 0.09609375
0 0.4390625 0.11640625 0.06796875 0.115625
0 0.36484375 0.2421875 0.06015625 0.11953125
0 0.2296875 0.31640625 0.0828125 0.14296875
0 0.0828125 0.396875 0.0765625 0.11796875
0 0.32265625 0.16171875 0.0640625 0.11953125
0 0.27578125 0.1046875 0.071875 0.1203125
0 0.19140625 0.21953125 0.0703125 0.12421875
0 0.17265625 0.14140625 0.071875 0.1
0 0.0578125 0.29140625 0.0828125 0.1375
0 0.765625 0.1390625 0.07421875 0.11640625
0 0.659375 0.19921875 0.0734375 0.11328125
0 0.14375 0.08828125 0.06953125 0.1046875
0 0.03671875 0.2046875 0.07109375 0.1171875
0 0.034375 0.1171875 0.06875 0.09140625
0 0.490625 0.1984375 0.0796875 0.128125
0 0.54453125 0.05859375 0.0640625 0.1171875