0 0.23515625 0.9390625 0.07890625 0.11875
0 0.0796875 0.85703125 0.0671875 0.10625
0 0.09921875 0.66640625 0.06171875 0.1015625
0 0.21875 0.73203125 0.06484375 0.1078125
0 0.21796875 0.55390625 0.0609375 0.1078125
0 0.16875 0.4125 0.06640625 0.1296875
0 0.1625 0.31953125 0.04921875 0.078125
0 0.22109375 0.03984375 0.04921875 0.0796875
0 0.23984375 0.12421875 0.0609375 0.109375
0 0.340625 0.03984375 0.059375 0.0796875
0 0.36171875 0.13359375 0.06875 0.09921875
0 0.2640625 0.228125 0.04921875 0.0984375
0 0.27578125 0.3359375 0.05078125 0.0828125
0 0.3109375 0.45859375 0.05859375 0.10234375
0 0.39375 0.2421875 0.06484375 0.11796875
0 0.43359375 0.384375 0.06796875 0.14375
0 0.35546875 0.62734375 0.071875 0.165625
0 0.38984375 0.81796875 0.0625 0.1171875
0 0.52578125 0.69609375 0.07421875 0.109375
0 0.496875 0.52109375 0.03984375 0.096875
0 0.4765625 0.06953125 0.06015625 0.0828125
0 0.51640625 0.17109375 0.06875 0.11953125
0 0.5515625 0.27890625 0.06640625 0.121875
0 0.61875 0.0953125 0.06484375 0.1203125
0 0.7171875 0.05234375 0.0625 0.1046875
0 0.65625 0.21640625 0.06484375 0.11796875
0 0.584375 0.4296875 0.090625 0.11015625
0 0.70234375 0.340625 0.07109375 0.13515625
0 0.81015625 0.27265625 0.06328125 0.115625
0 0.76875 0.153125 0.06328125 0.09375
0 0.85546875 0.08125 0.065625 0.1109375
0 0.9328125 0.034375 0.0546875 0.06796875
0 0.90703125 0.2171875 0.0625 0.1390625
0 0.875 0.428125 0.0453125 0.096875
0 0.753125 0.49765625 0.07421875 0.10234375
0 0.6484375 0.5859375 0.05546875 0.11171875
0 0.53984375 0.9453125 0.07421875 0.10859375
0 0.6859375 0.82421875 0.05859375 0.11640625
0 0.803125 0.68984375 0.0640625 0.10703125
0 0.84453125 0.915625 0.07734375 0.1328125
0 0.96796875 0.77890625 0.0375 0.09921875