0 0.5765625 0.08671875 0.07734375 0.11640625
0 0.3296875 0.046875 0.0625 0.09296875
0 0.81171875 0.09375 0.0796875 0.121875
0 0.73203125 0.13671875 0.07109375 0.1171875
0 0.1390625 0.08671875 0.06875 0.115625
0 0.21796875 0.22890625 0.07109375 0.12734375
0 0.08125 0.02578125 0.059375 0.0515625
0 0.96484375 0.13515625 0.0671875 0.11015625
0 0.2421875 0.0640625 0.0609375 0.10546875
0 0.028125 0.1484375 0.05625 0.10625
0 0.49609375 0.1203125 0.06875 0.1
0 0.875 0.04140625 0.0671875 0.0828125
0 0.646875 0.04375 0.065625 0.0875
0 0.8984375 0.19296875 0.07734375 0.11484375
0 0.58828125 0.24765625 0.0671875 0.0984375
0 0.75390625 0.896875 0.09609375 0.1765625
0 0.390625 0.5359375 0.0734375 0.1203125
0 0.10234375 0.2640625 0.07109375 0.125
0 0.70625 0.6046875 0.08203125 0.14375
0 0.7609375 0.3140625 0.0703125 0.11640625
0 0.26953125 0.609375 0.07109375 0.13359375
0 0.934375 0.38671875 0.06015625 0.10078125
0 0.41953125 0.034375 0.07265625 0.06796875
0 0.8390625 0.2625 0.07109375 0.12109375
0 0.66640625 0.1984375 0.06953125 0.12578125
0 0.68671875 0.36171875 0.06484375 0.115625
0 0.0421875 0.47109375 0.08125 0.1734375
0 0.49375 0.284375 0.06875 0.11015625
0 0.82734375 0.79765625 0.0828125 0.15546875
0 0.5921875 0.42578125 0.0796875 0.1171875
0 0.32109375 0.18359375 0.06015625 0.11484375
0 0.50234375 0.4875 0.06953125 0.1109375
0 0.39453125 0.1515625 0.0578125 0.0859375
0 0.93203125 0.01640625 0.05625 0.03203125
0 0.9625 0.96796875 0.075 0.0640625
0 0.39609375 0.33203125 0.06171875 0.096875
0 0.6125 0.6703125 0.07421875 0.115625
0 0.30859375 0.359375 0.0703125 0.12578125
0 0.50390625 0.76953125 0.07109375 0.16171875
0 0.9140625 0.69453125 0.0625 0.1109375
0 0.37421875 0.85546875 0.075 0.12890625
0 0.12890625 0.72578125 0.071875 0.14609375
0 0.17421875 0.41796875 0.05859375 0.1234375