0 0.8703125 0.78203125 0.17890625 0.278125
0 0.91640625 0.5875 0.12734375 0.184375
0 0.94375 0.425 0.10234375 0.1578125
0 0.8140625 0.32421875 0.08359375 0.1625
0 0.76953125 0.43203125 0.09140625 0.2015625
0 0.67421875 0.6125 0.14375 0.22265625
0 0.54296875 0.83671875 0.125 0.2015625
0 0.79140625 0.12578125 0.0734375 0.10546875
0 0.71015625 0.0890625 0.075 0.125
0 0.640625 0.04609375 0.04375 0.0875
0 0.75703125 0.20234375 0.0515625 0.1046875
0 0.69765625 0.26953125 0.0609375 0.11328125
0 0.65 0.15390625 0.0640625 0.1046875
0 0.58984375 0.09296875 0.07265625 0.1078125
0 0.5171875 0.06640625 0.0765625 0.11171875
0 0.63203125 0.36640625 0.1171875 0.165625
0 0.60234375 0.22265625 0.07734375 0.11640625
0 0.52578125 0.16875 0.0890625 0.1140625
0 0.440625 0.12265625 0.075 0.103125
0 0.38515625 0.07109375 0.08203125 0.09609375
0 0.5140625 0.29453125 0.10546875 0.16015625
0 0.43046875 0.2171875 0.06796875 0.134375
0 0.36953125 0.16640625 0.0671875 0.134375
0 0.30703125 0.1390625 0.065625 0.11171875
0 0.25234375 0.08671875 0.07578125 0.13203125
0 0.5234375 0.4671875 0.1046875 0.20625
0 0.41484375 0.3921875 0.1046875 0.18515625
0 0.32734375 0.30234375 0.084375 0.1671875
0 0.21640625 0.2015625 0.06640625 0.11953125
0 0.265625 0.26640625 0.06171875 0.09609375
0 0.16328125 0.14921875 0.0640625 0.11171875
0 0.4125 0.6703125 0.15625 0.20390625
0 0.29453125 0.51328125 0.109375 0.19375
0 0.20703125 0.41171875 0.12890625 0.1875
0 0.14453125 0.32734375 0.11796875 0.15625
0 0.04609375 0.2125 0.08828125 0.14921875
0 0.215625 0.8890625 0.1578125 0.221875
0 0.11171875 0.7078125 0.1359375 0.24765625
0 0.046875 0.553125 0.09375 0.16640625