0 0.075 0.64375 0.15 0.171875
0 0.159375 0.7671875 0.184375 0.19765625
0 0.3046875 0.93671875 0.25703125 0.1265625
0 0.58046875 0.884375 0.20625 0.17265625
0 0.79609375 0.803125 0.18828125 0.18203125
0 0.41171875 0.709375 0.2265625 0.16953125
0 0.2890625 0.6015625 0.18359375 0.1921875
0 0.19609375 0.471875 0.1296875 0.1765625
0 0.54296875 0.55625 0.15 0.1578125
0 0.64296875 0.66171875 0.15625 0.18046875
0 0.878125 0.603125 0.1328125 0.1625
0 0.73046875 0.47578125 0.19296875 0.18828125
0 0.92265625 0.4328125 0.1546875 0.17734375
0 0.4078125 0.4296875 0.15546875 0.159375
0 0.30703125 0.30703125 0.109375 0.115625
0 0.58125 0.36953125 0.1375 0.13515625
0 0.49375 0.27578125 0.12578125 0.10859375
0 0.18984375 0.22578125 0.11875 0.1515625
0 0.103125 0.134375 0.13203125 0.10390625
0 0.3796875 0.18203125 0.11796875 0.1140625
0 0.778125 0.3203125 0.14609375 0.128125
0 0.66171875 0.23125 0.1328125 0.13125
0 0.55234375 0.1609375 0.1234375 0.11875
0 0.70234375 0.1171875 0.13984375 0.12421875
0 0.82578125 0.2 0.11953125 0.12890625
0 0.953125 0.28046875 0.09296875 0.140625
0 0.9609375 0.16171875 0.078125 0.0984375
0 0.0515625 0.07109375 0.10234375 0.10078125
0 0.2015625 0.05 0.0859375 0.0984375
0 0.29140625 0.11015625 0.11015625 0.1015625
0 0.36015625 0.03671875 0.0984375 0.0734375
0 0.4546875 0.0828125 0.12109375 0.10546875
0 0.609375 0.0484375 0.12421875 0.09609375
0 0.76953125 0.04296875 0.11640625 0.0859375
0 0.865625 0.09296875 0.13671875 0.103125