0 0.13828125 0.9265625 0.078125 0.146875
0 0.08203125 0.73828125 0.08515625 0.1578125
0 0.034375 0.53984375 0.06875 0.15859375
0 0.02734375 0.0703125 0.05390625 0.11171875
0 0.05390625 0.1703125 0.06015625 0.13515625
0 0.10859375 0.3015625 0.0578125 0.14921875
0 0.16796875 0.45234375 0.065625 0.15078125
0 0.2234375 0.59296875 0.065625 0.134375
0 0.28671875 0.8109375 0.0671875 0.16640625
0 0.39453125 0.6828125 0.0609375 0.1265625
0 0.3484375 0.50390625 0.075 0.1328125
0 0.278125 0.3546875 0.06953125 0.15078125
0 0.2234375 0.20703125 0.06484375 0.12890625
0 0.17109375 0.10234375 0.078125 0.1375
0 0.26875 0.04765625 0.06875 0.0953125
0 0.3265625 0.1375 0.0609375 0.1109375
0 0.3890625 0.26328125 0.075 0.11015625
0 0.45546875 0.39765625 0.071875 0.1296875
0 0.56953125 0.77265625 0.065625 0.1421875
0 0.465625 0.9109375 0.0875 0.11953125
0 0.4125 0.0765625 0.065625 0.0953125
0 0.47890625 0.20390625 0.065625 0.1125
0 0.50546875 0.0359375 0.04921875 0.071875
0 0.56640625 0.1328125 0.059375 0.11015625
0 0.63828125 0.075 0.06953125 0.11640625
0 0.734375 0.04140625 0.04921875 0.0828125
0 0.640625 0.2703125 0.06328125 0.14140625
0 0.53984375 0.325 0.0640625 0.1484375
0 0.72578125 0.2109375 0.0625 0.1171875
0 0.79609375 0.140625 0.05546875 0.1265625
0 0.88671875 0.07109375 0.0640625 0.1359375
0 0.95 0.18671875 0.05234375 0.09609375
0 0.87578125 0.2546875 0.065625 0.11171875
0 0.7859375 0.33515625 0.053125 0.10859375
0 0.7109375 0.41640625 0.06484375 0.1546875
0 0.6171875 0.50078125 0.0734375 0.1359375
0 0.68359375 0.68046875 0.071875 0.13515625
0 0.78125 0.571875 0.075 0.14296875
0 0.86328125 0.49453125 0.0625 0.12265625
0 0.959375 0.41953125 0.06640625 0.16796875
0 0.9375 0.64453125 0.0765625 0.125
0 0.8515625 0.75625 0.06015625 0.16015625
0 0.76015625 0.88203125 0.08828125 0.1359375