0 0.9671875 0.3203125 0.06328125 0.07890625
0 0.915625 0.37109375 0.05703125 0.08125
0 0.95 0.41875 0.05859375 0.096875
0 0.9828125 0.46796875 0.034375 0.08046875
0 0.9625 0.6421875 0.07421875 0.1328125
0 0.9046875 0.54921875 0.09140625 0.13828125
0 0.8671875 0.478125 0.05234375 0.09609375
0 0.828125 0.42109375 0.0546875 0.084375
0 0.80625 0.34765625 0.0640625 0.08515625
0 0.68125 0.325 0.03828125 0.0671875
0 0.7109375 0.37265625 0.053125 0.08671875
0 0.73828125 0.40390625 0.05703125 0.08046875
0 0.7453125 0.47265625 0.07734375 0.11015625
0 0.78671875 0.53515625 0.078125 0.125
0 0.81484375 0.6390625 0.0796875 0.14765625
0 0.86015625 0.7453125 0.1453125 0.19453125
0 0.9390625 0.90703125 0.121875 0.1640625
0 0.70625 0.91015625 0.15625 0.15703125
0 0.6625 0.73984375 0.09453125 0.14453125
0 0.63828125 0.6125 0.08515625 0.1234375
0 0.61328125 0.51796875 0.09140625 0.09609375
0 0.61171875 0.4375 0.065625 0.09296875
0 0.5984375 0.3796875 0.071875 0.1109375
0 0.45078125 0.30546875 0.03984375 0.07421875
0 0.496875 0.37265625 0.0484375 0.10546875
0 0.46015625 0.428125 0.05 0.06875
0 0.4703125 0.49765625 0.08203125 0.084375
0 0.47109375 0.57421875 0.09375 0.12578125
0 0.47265625 0.9015625 0.0984375 0.196875
0 0.46015625 0.71640625 0.1015625 0.15234375
0 0.19296875 0.8765625 0.10546875 0.16953125
0 0.25859375 0.68203125 0.08671875 0.14609375
0 0.07578125 0.68125 0.115625 0.17421875
0 0.12734375 0.58125 0.07890625 0.15
0 0.28515625 0.60390625 0.08515625 0.14453125
0 0.32109375 0.5 0.0921875 0.11875
0 0.33671875 0.4328125 0.06796875 0.08984375
0 0.35703125 0.38125 0.0640625 0.08515625
0 0.37421875 0.3296875 0.065625 0.07890625
0 0.315625 0.2765625 0.040625 0.0734375
0 0.27890625 0.31640625 0.06015625 0.0984375
0 0.23359375 0.3578125 0.0546875 0.059375
0 0.190625 0.4109375 0.10390625 0.05
0 0.1875 0.4890625 0.0953125 0.11640625
0 0.03203125 0.47890625 0.0640625 0.115625
0 0.08671875 0.421875 0.0546875 0.08984375
0 0.14921875 0.3546875 0.08203125 0.1
0 0.19140625 0.29296875 0.04609375 0.08828125
0 0.225 0.26796875 0.0515625 0.0875
0 0.125 0.26875 0.06015625 0.0890625
0 0.06640625 0.32890625 0.0578125 0.084375
0 0.0203125 0.35234375 0.03984375 0.0875