0 0.9546875 0.03828125 0.04609375 0.06640625
0 0.4984375 0.040625 0.04921875 0.07890625
0 0.3171875 0.1359375 0.05390625 0.08515625
0 0.6203125 0.0734375 0.05390625 0.0953125
0 0.40703125 0.0921875 0.0546875 0.0890625
0 0.21796875 0.1875 0.06875 0.0984375
0 0.82890625 0.1015625 0.05078125 0.08125
0 0.27265625 0.046875 0.05703125 0.08671875
0 0.5421875 0.11796875 0.0484375 0.0875
0 0.31484375 0.4046875 0.06875 0.109375
0 0.1421875 0.0328125 0.05625 0.065625
0 0.3640625 0.025 0.05546875 0.04921875
0 0.2625 0.2890625 0.0640625 0.09609375
0 0.6921875 0.159375 0.06328125 0.109375
0 0.9125 0.19296875 0.0453125 0.078125
0 0.4859375 0.4421875 0.065625 0.1046875
0 0.18828125 0.10078125 0.06171875 0.08984375
0 0.36640625 0.22578125 0.05703125 0.08984375
0 0.1109375 0.2453125 0.06015625 0.1015625
0 0.05859375 0.146875 0.06796875 0.09609375
0 0.04453125 0.0671875 0.0578125 0.0796875
0 0.75234375 0.4484375 0.0578125 0.1171875
0 0.840625 0.37890625 0.04765625 0.08046875
0 0.88984375 0.06484375 0.0484375 0.08671875
0 0.5515625 0.6015625 0.08125 0.14296875
0 0.76328125 0.0234375 0.0515625 0.046875
0 0.17109375 0.925 0.09296875 0.14296875
0 0.5171875 0.26953125 0.05234375 0.0796875
0 0.3796875 0.5296875 0.0671875 0.13359375
0 0.696875 0.034375 0.05546875 0.06875
0 0.3109375 0.8078125 0.08125 0.13359375
0 0.76328125 0.275 0.04765625 0.08359375
0 0.67578125 0.3265625 0.0546875 0.09140625
0 0.7671875 0.12578125 0.05546875 0.0796875
0 0.4484375 0.690625 0.08046875 0.1265625
0 0.459375 0.16875 0.05234375 0.09140625
0 0.96875 0.165625 0.04375 0.07109375
0 0.58515625 0.384375 0.06484375 0.11796875
0 0.83828125 0.22265625 0.04921875 0.07734375
0 0.15 0.3546875 0.05625 0.10546875
0 0.42578125 0.33125 0.071875 0.11328125
0 0.6625 0.51640625 0.06328125 0.11640625
0 0.528125 0.89296875 0.09375 0.15546875
0 0.1953125 0.471875 0.0640625 0.10546875
0 0.928125 0.34375 0.046875 0.08828125
0 0.1140625 0.740625 0.09296875 0.14453125
0 0.24453125 0.61953125 0.07109375 0.10703125
0 0.05859375 0.578125 0.05859375 0.090625
0 0.95 0.76484375 0.04921875 0.09375
0 0.85625 0.60390625 0.0640625 0.11171875
0 0.02421875 0.4375 0.0484375 0.125
0 0.6125 0.22578125 0.05625 0.096875
0 0.7625 0.66171875 0.06015625 0.14375
0 0.62734375 0.771875 0.053125 0.09765625
0 0.8546875 0.88125 0.05 0.11640625
0 0.9359375 0.509375 0.0515625 0.11015625