0 0.8421875 0.90234375 0.06796875 0.10078125
0 0.67890625 0.73203125 0.059375 0.0953125
0 0.54140625 0.92890625 0.09375 0.11953125
0 0.540625 0.5953125 0.05703125 0.11640625
0 0.403125 0.76640625 0.0671875 0.10078125
0 0.11640625 0.84140625 0.0921875 0.12734375
0 0.4265625 0.51640625 0.05859375 0.1015625
0 0.5609375 0.24140625 0.03984375 0.065625
0 0.44140625 0.31953125 0.04296875 0.0734375
0 0.32421875 0.45234375 0.0625 0.096875
0 0.171875 0.6 0.06328125 0.09453125
0 0.03046875 0.7265625 0.0609375 0.0984375
0 0.096875 0.52265625 0.0625 0.0890625
0 0.234375 0.41796875 0.06796875 0.08359375
0 0.35859375 0.30703125 0.0484375 0.08203125
0 0.465625 0.21875 0.05859375 0.0921875
0 0.57421875 0.140625 0.05078125 0.071875
0 0.66640625 0.0765625 0.04921875 0.08359375
0 0.58125 0.04921875 0.06171875 0.09375
0 0.50390625 0.03984375 0.046875 0.075
0 0.4328125 0.0296875 0.0578125 0.05859375
0 0.49296875 0.11875 0.04140625 0.06328125
0 0.4109375 0.084375 0.04609375 0.09140625
0 0.33046875 0.0796875 0.059375 0.0984375
0 0.26796875 0.0671875 0.0421875 0.07421875
0 0.21484375 0.04140625 0.04296875 0.078125
0 0.3046875 0.17109375 0.05234375 0.06484375
0 0.3890625 0.190625 0.05234375 0.06953125
0 0.23671875 0.1703125 0.03515625 0.0765625
0 0.1703125 0.15390625 0.0609375 0.0859375
0 0.11171875 0.1140625 0.0515625 0.0734375
0 0.05703125 0.08203125 0.05390625 0.0828125
0 0.26953125 0.2796875 0.0640625 0.09140625
0 0.2 0.2625 0.05859375 0.09921875
0 0.1265625 0.234375 0.06484375 0.090625
0 0.07421875 0.209375 0.03671875 0.08671875
0 0.02578125 0.19296875 0.04921875 0.075
0 0.15546875 0.36953125 0.0546875 0.0796875
0 0.0765625 0.35390625 0.0625 0.10390625
0 0.02265625 0.31015625 0.04453125 0.11171875
0 0.021875 0.465625 0.04375 0.1125