0 0.09453125 0.94296875 0.0625 0.1140625
0 0.0640625 0.75546875 0.05078125 0.1109375
0 0.0390625 0.5734375 0.04609375 0.1
0 0.115625 0.384375 0.04765625 0.0875
0 0.0203125 0.44453125 0.03984375 0.1109375
0 0.071875 0.265625 0.04765625 0.084375
0 0.0484375 0.175 0.05703125 0.096875
0 0.021875 0.09296875 0.04375 0.09140625
0 0.09765625 0.05546875 0.06328125 0.08828125
0 0.13671875 0.1171875 0.0578125 0.1015625
0 0.1671875 0.2109375 0.04609375 0.090625
0 0.20703125 0.0703125 0.053125 0.0828125
0 0.28671875 0.0453125 0.05 0.084375
0 0.24453125 0.171875 0.04453125 0.09921875
0 0.3234375 0.11484375 0.05078125 0.0921875
0 0.403125 0.059375 0.0625 0.0953125
0 0.4671875 0.0375 0.06484375 0.075
0 0.371875 0.18984375 0.05234375 0.0875
0 0.29375 0.26484375 0.04609375 0.0828125
0 0.23515625 0.4390625 0.06875 0.15390625
0 0.3328125 0.37109375 0.0640625 0.10625
0 0.42421875 0.30703125 0.0578125 0.096875
0 0.490625 0.25859375 0.0546875 0.0921875
0 0.44375 0.1640625 0.0453125 0.09296875
0 0.51796875 0.1015625 0.053125 0.09140625
0 0.57734375 0.059375 0.03984375 0.08359375
0 0.63671875 0.03203125 0.05 0.0640625
0 0.565625 0.1984375 0.040625 0.05234375
0 0.6296875 0.1546875 0.03671875 0.07421875
0 0.690625 0.11015625 0.0484375 0.08203125
0 0.746875 0.07109375 0.04296875 0.08828125
0 0.803125 0.03515625 0.05703125 0.06953125
0 0.95859375 0.0515625 0.04296875 0.075
0 0.9109375 0.09296875 0.0421875 0.07421875
0 0.85625 0.125 0.05234375 0.0859375
0 0.7984375 0.15625 0.05078125 0.07734375
0 0.7390625 0.19140625 0.059375 0.08828125
0 0.678125 0.26328125 0.05078125 0.11015625
0 0.6046875 0.2890625 0.0515625 0.096875
0 0.534375 0.37109375 0.0515625 0.0921875
0 0.45859375 0.425 0.0453125 0.10078125
0 0.36953125 0.490625 0.0390625 0.07578125
0 0.2796875 0.590625 0.06640625 0.1078125
0 0.16796875 0.66015625 0.04609375 0.09296875
0 0.21328125 0.82578125 0.0546875 0.115625
0 0.31328125 0.74609375 0.05859375 0.11875
0 0.4171875 0.63515625 0.06171875 0.1078125
0 0.4984375 0.5578125 0.05 0.10390625
0 0.57578125 0.490625 0.06015625 0.096875
0 0.63984375 0.42109375 0.0515625 0.0953125
0 0.7234375 0.3640625 0.040625 0.09609375
0 0.784375 0.30625 0.053125 0.0953125
0 0.84140625 0.253125 0.0421875 0.09140625
0 0.90390625 0.22734375 0.06484375 0.096875
0 0.9578125 0.17578125 0.04609375 0.07421875
0 0.965625 0.32109375 0.0609375 0.10859375
0 0.91640625 0.365625 0.05390625 0.09609375
0 0.88046875 0.4078125 0.0359375 0.078125
0 0.846875 0.4390625 0.04609375 0.06953125
0 0.77890625 0.48671875 0.05390625 0.09765625
0 0.6921875 0.54453125 0.05234375 0.08125
0 0.6359375 0.63125 0.05078125 0.11875
0 0.55546875 0.7109375 0.0484375 0.0875
0 0.46875 0.8078125 0.0609375 0.09453125
0 0.60859375 0.8859375 0.05703125 0.09296875
0 0.6890625 0.7828125 0.046875 0.0984375
0 0.76484375 0.684375 0.05625 0.12265625
0 0.8484375 0.63046875 0.05703125 0.10703125
0 0.909375 0.57734375 0.0421875 0.103125
0 0.96640625 0.48984375 0.0671875 0.0890625
0 0.9703125 0.70078125 0.05859375 0.08203125
0 0.90546875 0.77109375 0.0578125 0.10703125
0 0.83046875 0.859375 0.05859375 0.11484375