0 0.6109375 0.6609375 0.1375 0.16171875
0 0.75078125 0.76953125 0.13203125 0.18046875
0 0.89453125 0.9046875 0.1328125 0.190625
0 0.96640625 0.74375 0.0671875 0.140625
0 0.8484375 0.6609375 0.09453125 0.16171875
0 0.96015625 0.57109375 0.0796875 0.1859375
0 0.84296875 0.496875 0.1109375 0.16640625
0 0.909375 0.41171875 0.090625 0.16484375
0 0.97109375 0.33828125 0.0578125 0.1328125
0 0.503125 0.55625 0.10859375 0.159375
0 0.3984375 0.4734375 0.09453125 0.1625
0 0.2921875 0.396875 0.0953125 0.14140625
0 0.40390625 0.328125 0.06640625 0.13515625
0 0.50234375 0.40703125 0.0765625 0.1546875
0 0.60625 0.48671875 0.103125 0.16640625
0 0.7234375 0.571875 0.0984375 0.16015625
0 0.71328125 0.403125 0.10234375 0.125
0 0.80625 0.32734375 0.071875 0.13671875
0 0.88671875 0.2625 0.0796875 0.12578125
0 0.965625 0.19921875 0.06484375 0.11875
0 0.93046875 0.09296875 0.06953125 0.09375
0 0.840625 0.04765625 0.08671875 0.08828125
0 0.8625 0.1421875 0.0671875 0.11796875
0 0.78359375 0.1953125 0.07109375 0.10703125
0 0.70390625 0.24453125 0.10234375 0.13203125
0 0.60234375 0.32578125 0.09609375 0.13828125
0 0.50625 0.259375 0.08984375 0.13359375
0 0.60078125 0.203125 0.06875 0.12109375
0 0.20703125 0.32890625 0.096875 0.14296875
0 0.11796875 0.2578125 0.0828125 0.14765625
0 0.05 0.18515625 0.07890625 0.12890625
0 0.03046875 0.0390625 0.0578125 0.078125
0 0.0875 0.08515625 0.071875 0.1265625
0 0.18515625 0.05234375 0.078125 0.1046875
0 0.15859375 0.14453125 0.059375 0.12265625
0 0.23828125 0.19609375 0.075 0.09765625
0 0.32421875 0.2578125 0.0671875 0.1171875
0 0.41328125 0.20390625 0.0953125 0.115625
0 0.33359375 0.14453125 0.0890625 0.1265625
0 0.259375 0.09140625 0.06953125 0.12890625
0 0.34296875 0.0453125 0.0859375 0.090625
0 0.42734375 0.09375 0.075 0.096875
0 0.51015625 0.04765625 0.0765625 0.0953125
0 0.503125 0.15 0.07578125 0.103125
0 0.5859375 0.090625 0.07890625 0.10546875
0 0.690625 0.134375 0.10234375 0.0890625
0 0.76953125 0.10078125 0.0765625 0.09375
0 0.67734375 0.0453125 0.0609375 0.08984375
0 0.75078125 0.03203125 0.06328125 0.06328125