0 0.97109375 0.890625 0.05703125 0.121875
0 0.89453125 0.6859375 0.06796875 0.08984375
0 0.76015625 0.81796875 0.053125 0.13359375
0 0.6109375 0.9453125 0.07109375 0.109375
0 0.928125 0.4109375 0.053125 0.08515625
0 0.8078125 0.5125 0.065625 0.08515625
0 0.68046875 0.6109375 0.06875 0.13828125
0 0.54609375 0.72734375 0.07734375 0.12578125
0 0.396875 0.87109375 0.075 0.12578125
0 0.196875 0.809375 0.06484375 0.12421875
0 0.03984375 0.91953125 0.0796875 0.1609375
0 0.3421875 0.66328125 0.08828125 0.12890625
0 0.4921875 0.53671875 0.07578125 0.1078125
0 0.634375 0.43828125 0.07265625 0.1015625
0 0.74609375 0.34453125 0.08203125 0.12578125
0 0.8890625 0.07421875 0.0390625 0.07109375
0 0.79921875 0.11875 0.0640625 0.09296875
0 0.64140625 0.075 0.0546875 0.09375
0 0.52578125 0.13359375 0.05703125 0.09765625
0 0.575 0.2859375 0.06484375 0.09375
0 0.453125 0.36171875 0.07109375 0.09609375
0 0.396875 0.225 0.06328125 0.11875
0 0.30234375 0.484375 0.08359375 0.14453125
0 0.16328125 0.59296875 0.0703125 0.11953125
0 0.13046875 0.44296875 0.06015625 0.115625
0 0.265625 0.32578125 0.075 0.146875
0 0.36015625 0.09140625 0.0625 0.1140625
0 0.23203125 0.20390625 0.07578125 0.1234375
0 0.1109375 0.28984375 0.0796875 0.12109375
0 0.20078125 0.071875 0.0609375 0.10546875
0 0.0859375 0.16796875 0.08828125 0.10703125
0 0.053125 0.05234375 0.06171875 0.10390625
0 0.02265625 0.72265625 0.0453125 0.125