0 0.06953125 0.9375 0.0953125 0.12421875
0 0.22890625 0.8296875 0.103125 0.12421875
0 0.15546875 0.65703125 0.06640625 0.14375
0 0.08984375 0.51640625 0.0671875 0.09375
0 0.03671875 0.403125 0.05390625 0.10859375
0 0.02734375 0.178125 0.05078125 0.109375
0 0.08984375 0.25703125 0.05390625 0.08984375
0 0.08984375 0.07265625 0.05625 0.10546875
0 0.04765625 0.025 0.0515625 0.05
0 0.13515625 0.13203125 0.03984375 0.06640625
0 0.1734375 0.03984375 0.05234375 0.06953125
0 0.215625 0.1046875 0.05390625 0.07890625
0 0.29765625 0.06875 0.05546875 0.078125
0 0.3703125 0.0421875 0.05 0.084375
0 0.27265625 0.16328125 0.06484375 0.0890625
0 0.18671875 0.20546875 0.06875 0.13125
0 0.1515625 0.35 0.05 0.08828125
0 0.24375 0.29296875 0.06796875 0.09453125
0 0.3359375 0.23671875 0.06015625 0.0921875
0 0.3609375 0.13359375 0.0515625 0.07890625
0 0.434375 0.0859375 0.0609375 0.08515625
0 0.50390625 0.04140625 0.06640625 0.0828125
0 0.71015625 0.03203125 0.05234375 0.06328125
0 0.63984375 0.05546875 0.065625 0.0765625
0 0.578125 0.096875 0.05078125 0.0828125
0 0.50625 0.14140625 0.05859375 0.08515625
0 0.42578125 0.1859375 0.0671875 0.096875
0 0.20625 0.45234375 0.0734375 0.14453125
0 0.3109375 0.3890625 0.08046875 0.1296875
0 0.409375 0.32265625 0.07578125 0.11953125
0 0.50078125 0.27109375 0.0765625 0.1078125
0 0.57734375 0.22109375 0.0546875 0.1
0 0.6515625 0.159375 0.06171875 0.1109375
0 0.721875 0.11328125 0.0546875 0.07265625
0 0.784375 0.09140625 0.06484375 0.09453125
0 0.84453125 0.07109375 0.05078125 0.09609375
0 0.89765625 0.04609375 0.059375 0.0921875
0 0.2828125 0.58828125 0.065625 0.1609375
0 0.38515625 0.48671875 0.0921875 0.15703125
0 0.49140625 0.43671875 0.08828125 0.14609375
0 0.584375 0.353125 0.08046875 0.08984375
0 0.6765625 0.303125 0.08671875 0.11953125
0 0.74375 0.240625 0.07265625 0.0953125
0 0.81171875 0.2078125 0.06484375 0.1109375
0 0.871875 0.1671875 0.06015625 0.10390625
0 0.92265625 0.13203125 0.0640625 0.08984375
0 0.97421875 0.0953125 0.04296875 0.09765625
0 0.96484375 0.2390625 0.04140625 0.1171875
0 0.91796875 0.28359375 0.0578125 0.12421875
0 0.85078125 0.315625 0.059375 0.1140625
0 0.778125 0.3921875 0.078125 0.1109375
0 0.68671875 0.45859375 0.0703125 0.128125
0 0.59921875 0.53359375 0.06953125 0.1328125
0 0.48984375 0.6125 0.0953125 0.13515625
0 0.36875 0.715625 0.071875 0.14921875
0 0.4734375 0.88828125 0.096875 0.1734375
0 0.7125 0.71484375 0.11796875 0.115625
0 0.81796875 0.63671875 0.09921875 0.11796875
0 0.8765625 0.52265625 0.07578125 0.115625
0 0.95703125 0.4453125 0.0859375 0.115625
0 0.93359375 0.7265625 0.0828125 0.1625
0 0.85 0.86875 0.0546875 0.1203125