0 0.96328125 0.91171875 0.0734375 0.1734375
0 0.76796875 0.6515625 0.06328125 0.09921875
0 0.7421875 0.725 0.06015625 0.0828125
0 0.72890625 0.80234375 0.03671875 0.08984375
0 0.69453125 0.8875 0.0421875 0.0859375
0 0.6703125 0.96796875 0.053125 0.0640625
0 0.83046875 0.746875 0.03046875 0.04375
0 0.7109375 0.58203125 0.06953125 0.078125
0 0.6921875 0.6546875 0.0703125 0.0921875
0 0.6609375 0.73203125 0.0734375 0.09375
0 0.64296875 0.81875 0.06171875 0.08515625
0 0.59453125 0.9328125 0.08671875 0.13359375
0 0.48046875 0.96796875 0.08828125 0.0640625
0 0.515625 0.8953125 0.065625 0.10078125
0 0.54609375 0.81328125 0.06015625 0.109375
0 0.5765625 0.73203125 0.05546875 0.09921875
0 0.596875 0.66171875 0.06328125 0.10625
0 0.62109375 0.58203125 0.05546875 0.0765625
0 0.640625 0.52109375 0.0578125 0.06015625
0 0.5734375 0.484375 0.059375 0.1203125
0 0.53125 0.5828125 0.0765625 0.08046875
0 0.5109375 0.66484375 0.0765625 0.103125
0 0.45546875 0.80390625 0.04765625 0.12578125
0 0.3859375 0.95625 0.06640625 0.0875
0 0.353125 0.81484375 0.0640625 0.12734375
0 0.384375 0.73828125 0.0796875 0.1078125
0 0.415625 0.665625 0.0765625 0.103125
0 0.45 0.58515625 0.0703125 0.121875
0 0.5109375 0.43515625 0.071875 0.13046875
0 0.4609375 0.3015625 0.04375 0.07890625
0 0.440625 0.35625 0.0515625 0.078125
0 0.4171875 0.42890625 0.046875 0.071875
0 0.390625 0.49609375 0.0453125 0.090625
0 0.35703125 0.5765625 0.05859375 0.0765625
0 0.31953125 0.640625 0.04375 0.084375
0 0.28671875 0.7375 0.04453125 0.10703125
0 0.25703125 0.81796875 0.05625 0.07578125
0 0.2171875 0.621875 0.04375 0.075
0 0.22265625 0.8875 0.05859375 0.06640625
0 0.09921875 0.88984375 0.053125 0.10859375
0 0.0328125 0.796875 0.065625 0.103125
0 0.14140625 0.8015625 0.08046875 0.1203125
0 0.1875 0.7125 0.06640625 0.11015625
0 0.253125 0.5640625 0.07421875 0.0984375
0 0.28203125 0.4859375 0.06015625 0.09453125
0 0.3203125 0.4125 0.05546875 0.0953125
0 0.3578125 0.34140625 0.05625 0.0859375
0 0.36953125 0.28984375 0.0546875 0.06484375
0 0.4 0.2265625 0.05234375 0.08671875
0 0.34765625 0.15625 0.059375 0.0515625
0 0.31484375 0.20078125 0.0609375 0.06484375
0 0.28828125 0.26015625 0.05859375 0.075
0 0.2578125 0.315625 0.06484375 0.084375
0 0.228125 0.3828125 0.06875 0.07265625
0 0.18515625 0.46328125 0.0484375 0.08515625
0 0.15625 0.53046875 0.05546875 0.07578125
0 0.11953125 0.61640625 0.06171875 0.08203125
0 0.071875 0.69765625 0.05 0.0828125
0 0.04765625 0.5578125 0.05859375 0.11796875
0 0.09375 0.4640625 0.065625 0.1109375
0 0.12421875 0.384375 0.07734375 0.0984375
0 0.1625 0.3296875 0.071875 0.0953125
0 0.19140625 0.25234375 0.0671875 0.09296875
0 0.2234375 0.18828125 0.0578125 0.07734375
0 0.25078125 0.12578125 0.05 0.08828125
0 0.28203125 0.0796875 0.06328125 0.084375
0 0.19609375 0.046875 0.046875 0.075
0 0.16484375 0.1046875 0.05234375 0.07890625
0 0.125 0.1734375 0.05234375 0.06953125
0 0.09609375 0.23671875 0.04765625 0.08828125
0 0.0609375 0.28984375 0.0609375 0.09765625
0 0.03359375 0.3734375 0.06640625 0.115625
0 0.0328125 0.17421875 0.05859375 0.08203125
0 0.10625 0.05078125 0.084375 0.084375
0 0.36171875 0.08203125 0.0484375 0.0734375
0 0.41953125 0.05546875 0.05859375 0.07890625
0 0.43828125 0.18203125 0.065625 0.09375
0 0.428125 0.1265625 0.0546875 0.0546875
0 0.49765625 0.16953125 0.04296875 0.0734375
0 0.484375 0.1125 0.05078125 0.071875
0 0.540625 0.090625 0.04921875 0.0765625
0 0.528125 0.03046875 0.05390625 0.06015625
0 0.471875 0.0453125 0.03984375 0.065625
0 0.55703125 0.16015625 0.053125 0.0546875
0 0.55859375 0.22421875 0.071875 0.071875
0 0.57734375 0.2984375 0.046875 0.08359375
0 0.66328125 0.42265625 0.05546875 0.0703125
0 0.6390625 0.35078125 0.05234375 0.08359375
0 0.6296875 0.27578125 0.04609375 0.07109375
0 0.615625 0.21875 0.05 0.08125
0 0.6015625 0.146875 0.053125 0.07734375
0 0.590625 0.0765625 0.04609375 0.07265625
0 0.584375 0.0265625 0.053125 0.053125
0 0.63515625 0.021875 0.0359375 0.04375
0 0.64375 0.059375 0.04609375 0.06796875
0 0.6578125 0.12265625 0.04609375 0.0765625
0 0.6703125 0.19375 0.05 0.084375
0 0.6828125 0.26015625 0.0453125 0.0546875
0 0.69453125 0.31171875 0.04609375 0.06171875
0 0.709375 0.3359375 0.046875 0.0546875
0 0.715625 0.3953125 0.05859375 0.08671875
0 0.778125 0.37109375 0.053125 0.07265625
0 0.76328125 0.30546875 0.04765625 0.06953125
0 0.740625 0.23828125 0.0484375 0.071875
0 0.803125 0.28125 0.040625 0.0640625
0 0.7890625 0.21640625 0.05 0.06796875
0 0.77421875 0.146875 0.05 0.0625
0 0.73046875 0.16796875 0.04453125 0.06484375
0 0.715625 0.11171875 0.0484375 0.0625
0 0.75625 0.08359375 0.0390625 0.05546875
0 0.70390625 0.05390625 0.04140625 0.0671875
0 0.74375 0.0359375 0.05078125 0.05390625
0 0.828125 0.1375 0.034375 0.071875
0 0.80859375 0.07578125 0.0421875 0.06796875
0 0.79609375 0.02578125 0.04765625 0.05078125
0 0.85234375 0.03359375 0.05 0.0671875
0 0.86953125 0.075 0.05 0.04453125