0 0.06640625 0.11171875 0.078125 0.084375
0 0.07734375 0.1890625 0.09375 0.06875
0 0.09296875 0.2625 0.09296875 0.06796875
0 0.13671875 0.346875 0.1140625 0.09921875
0 0.15078125 0.4390625 0.153125 0.09140625
0 0.18515625 0.59765625 0.15703125 0.2203125
0 0.265625 0.8015625 0.17890625 0.16796875
0 0.3203125 0.9359375 0.1625 0.09453125
0 0.2578125 0.1 0.05625 0.0578125
0 0.2796875 0.203125 0.125 0.13828125
0 0.33984375 0.3328125 0.10234375 0.13203125
0 0.39140625 0.45234375 0.10859375 0.096875
0 0.4765625 0.5890625 0.17109375 0.209375
0 0.5859375 0.79140625 0.1796875 0.1765625
0 0.709375 0.90234375 0.19453125 0.1609375
0 0.41796875 0.171875 0.09453125 0.09375
0 0.465625 0.246875 0.09375 0.075
0 0.50078125 0.2921875 0.11484375 0.075
0 0.56171875 0.34453125 0.11484375 0.08984375
0 0.634375 0.42578125 0.11796875 0.115625
0 0.70546875 0.50859375 0.115625 0.1375
0 0.7671875 0.61328125 0.11171875 0.13046875
0 0.9125 0.75859375 0.16796875 0.2265625
0 0.95078125 0.49609375 0.09765625 0.1328125
0 0.8859375 0.409375 0.12109375 0.1328125
0 0.78515625 0.340625 0.1 0.11640625
0 0.71953125 0.28046875 0.0875 0.11328125
0 0.65390625 0.22890625 0.0765625 0.0984375
0 0.6 0.18984375 0.06328125 0.08359375
0 0.86015625 0.21171875 0.07734375 0.115625
0 0.953125 0.24375 0.09375 0.24609375