0 0.9328125 0.78203125 0.13359375 0.21796875
0 0.94921875 0.275 0.06875 0.11875
0 0.90625 0.3703125 0.08828125 0.13671875
0 0.853125 0.46640625 0.10859375 0.14375
0 0.7671875 0.615625 0.09765625 0.1515625
0 0.675 0.759375 0.12890625 0.23984375
0 0.96953125 0.071875 0.03828125 0.07578125
0 0.9375 0.1078125 0.046875 0.0921875
0 0.88984375 0.1484375 0.04609375 0.1109375
0 0.853125 0.2 0.0515625 0.1
0 0.7984375 0.265625 0.05859375 0.1265625
0 0.6546875 0.4671875 0.096875 0.1453125
0 0.540625 0.58828125 0.08984375 0.16875
0 0.41015625 0.75078125 0.12890625 0.2328125
0 0.89140625 0.034375 0.03828125 0.06875
0 0.86015625 0.06796875 0.053125 0.10078125
0 0.81640625 0.09375 0.05390625 0.10625
0 0.76953125 0.13671875 0.0625 0.12890625
0 0.71875 0.1984375 0.065625 0.11328125
0 0.6546875 0.26328125 0.07265625 0.12890625
0 0.56796875 0.33828125 0.0734375 0.140625
0 0.46015625 0.44609375 0.08203125 0.13671875
0 0.33515625 0.5765625 0.07890625 0.1453125
0 0.17109375 0.7203125 0.1171875 0.21328125
0 0.7875 0.02734375 0.03828125 0.0546875
0 0.74609375 0.05234375 0.0484375 0.0875
0 0.70078125 0.0734375 0.05390625 0.09609375
0 0.64453125 0.03828125 0.034375 0.07578125
0 0.64296875 0.12421875 0.05859375 0.1
0 0.57890625 0.065625 0.053125 0.084375
0 0.5359375 0.03125 0.0453125 0.0625
0 0.565625 0.16953125 0.0703125 0.1234375
0 0.5171875 0.10078125 0.05078125 0.09921875
0 0.46328125 0.05078125 0.06171875 0.1015625
0 0.49609375 0.21953125 0.0671875 0.1046875
0 0.440625 0.16015625 0.071875 0.1125
0 0.3875 0.0859375 0.06171875 0.09921875
0 0.346875 0.034375 0.05625 0.06875
0 0.390625 0.3125 0.0859375 0.11015625
0 0.3390625 0.20234375 0.0640625 0.121875
0 0.29921875 0.121875 0.0640625 0.12421875
0 0.26015625 0.071875 0.0546875 0.11328125
0 0.2640625 0.4015625 0.075 0.14140625
0 0.21875 0.28828125 0.078125 0.12890625
0 0.19609375 0.2015625 0.07109375 0.1171875
0 0.15859375 0.10703125 0.07734375 0.11640625
0 0.134375 0.0515625 0.04765625 0.09296875
0 0.12421875 0.53125 0.11484375 0.20234375
0 0.08203125 0.38203125 0.0859375 0.14375
0 0.0578125 0.265625 0.08046875 0.1375
0 0.04609375 0.16875 0.08125 0.11796875
0 0.03125 0.078125 0.06171875 0.11328125