0 0.80078125 0.0390625 0.0453125 0.078125
0 0.58984375 0.046875 0.0546875 0.078125
0 0.090625 0.7734375 0.07734375 0.12109375
0 0.15078125 0.30546875 0.07734375 0.10234375
0 0.0984375 0.02578125 0.053125 0.0515625
0 0.0375 0.37421875 0.07421875 0.10390625
0 0.38203125 0.1640625 0.078125 0.1171875
0 0.165625 0.41171875 0.075 0.11953125
0 0.24296875 0.13125 0.06875 0.0953125
0 0.46015625 0.3875 0.06171875 0.09609375
0 0.68203125 0.2421875 0.0578125 0.10234375
0 0.2328125 0.67265625 0.07265625 0.14140625
0 0.45703125 0.028125 0.0609375 0.05546875
0 0.4875 0.10546875 0.06640625 0.09921875
0 0.678125 0.53671875 0.05625 0.11875
0 0.4140625 0.74453125 0.08125 0.13046875
0 0.01953125 0.1734375 0.03828125 0.09921875
0 0.628125 0.13671875 0.0484375 0.08359375
0 0.05546875 0.490625 0.07421875 0.11953125
0 0.25859375 0.83984375 0.06796875 0.11875
0 0.19453125 0.55546875 0.06796875 0.1046875
0 0.46484375 0.909375 0.06953125 0.1203125
0 0.05859375 0.61953125 0.06875 0.10859375
0 0.1359375 0.20546875 0.0421875 0.0703125
0 0.346875 0.06953125 0.06015625 0.07578125
0 0.81875 0.871875 0.07734375 0.140625
0 0.9 0.409375 0.05859375 0.12890625
0 0.5015625 0.4984375 0.07890625 0.146875
0 0.740625 0.71015625 0.06796875 0.146875
0 0.340625 0.46640625 0.06953125 0.1078125
0 0.10625 0.9453125 0.08828125 0.1046875
0 0.63515625 0.42734375 0.0625 0.1140625
0 0.22265625 0.05078125 0.0625 0.07109375
0 0.7890625 0.46171875 0.06015625 0.12578125
0 0.740625 0.35 0.06796875 0.1109375
0 0.86015625 0.60078125 0.06640625 0.1328125
0 0.578125 0.3015625 0.06484375 0.096875
0 0.540625 0.2 0.06171875 0.0984375
0 0.42421875 0.278125 0.06640625 0.09765625
0 0.90625 0.23515625 0.06171875 0.09375
0 0.59921875 0.8046875 0.0515625 0.1265625
0 0.715625 0.09140625 0.04375 0.07578125
0 0.11484375 0.121875 0.0484375 0.0796875
0 0.3734375 0.59453125 0.071875 0.1015625
0 0.825 0.29375 0.05 0.08828125
0 0.98125 0.1859375 0.0375 0.11796875
0 0.9296875 0.09296875 0.05390625 0.10234375
0 0.29609375 0.3484375 0.065625 0.103125
0 0.85078125 0.14140625 0.05078125 0.0953125
0 0.01953125 0.28671875 0.0375 0.08359375
0 0.9703125 0.3703125 0.059375 0.11875
0 0.2796875 0.23046875 0.06875 0.11171875
0 0.56171875 0.63046875 0.06484375 0.103125
0 0.7703125 0.18828125 0.0484375 0.084375
0 0.94609375 0.546875 0.05546875 0.11875
0 0.94375 0.78828125 0.0765625 0.12109375