0 0.88359375 0.04765625 0.05390625 0.08359375
0 0.67734375 0.04609375 0.0515625 0.0828125
0 0.44609375 0.0703125 0.07265625 0.11171875
0 0.83671875 0.33828125 0.0578125 0.11875
0 0.09296875 0.08359375 0.06328125 0.0859375
0 0.12265625 0.265625 0.075 0.103125
0 0.353125 0.12734375 0.0640625 0.09765625
0 0.18984375 0.0390625 0.05390625 0.078125
0 0.728125 0.14609375 0.0546875 0.10078125
0 0.15234375 0.35234375 0.07265625 0.11328125
0 0.57421875 0.3578125 0.07578125 0.1265625
0 0.2890625 0.4078125 0.0640625 0.0953125
0 0.59296875 0.0984375 0.06015625 0.0953125
0 0.49609375 0.56875 0.0734375 0.12734375
0 0.63671875 0.184375 0.059375 0.0859375
0 0.2578125 0.28984375 0.0703125 0.11484375
0 0.5453125 0.02734375 0.06328125 0.05390625
0 0.359375 0.6625 0.0640625 0.1109375
0 0.23671875 0.1984375 0.075 0.09453125
0 0.78671875 0.2390625 0.06484375 0.10078125
0 0.3296875 0.51171875 0.07109375 0.12734375
0 0.21796875 0.1109375 0.04453125 0.0671875
0 0.5546875 0.7109375 0.0609375 0.1109375
0 0.79375 0.53828125 0.0609375 0.121875
0 0.215625 0.75546875 0.090625 0.121875
0 0.16171875 0.47265625 0.06796875 0.10234375
0 0.53359375 0.2703125 0.0578125 0.0890625
0 0.0203125 0.32578125 0.03984375 0.1
0 0.60859375 0.91171875 0.065625 0.1484375
0 0.4890625 0.1765625 0.0625 0.09375
0 0.67421875 0.62109375 0.0484375 0.10546875
0 0.7390625 0.390625 0.05859375 0.1140625
0 0.6375 0.47890625 0.065625 0.096875
0 0.02265625 0.42421875 0.0453125 0.08984375
0 0.8140625 0.09453125 0.05078125 0.08203125
0 0.19609375 0.603125 0.07421875 0.1125
0 0.3734375 0.23203125 0.07265625 0.09921875
0 0.93515625 0.2921875 0.05703125 0.1109375
0 0.86328125 0.18828125 0.0484375 0.0828125
0 0.32109375 0.05 0.06484375 0.0765625
0 0.45703125 0.44765625 0.0703125 0.10390625
0 0.903125 0.45078125 0.0640625 0.128125
0 0.40625 0.81796875 0.075 0.10625
0 0.878125 0.67734375 0.07109375 0.14609375
0 0.7578125 0.8015625 0.06796875 0.12734375
0 0.2546875 0.9359375 0.07890625 0.1140625
0 0.96484375 0.8796875 0.06875 0.13359375
0 0.9375 0.1328125 0.05859375 0.0875
0 0.9796875 0.4140625 0.040625 0.14453125
0 0.03203125 0.68125 0.06328125 0.12265625
0 0.42421875 0.33515625 0.06484375 0.09609375
0 0.03046875 0.54375 0.0609375 0.11875
0 0.6875 0.30390625 0.059375 0.10078125
0 0.06328125 0.85078125 0.07890625 0.11953125
0 0.1046875 0.18671875 0.03984375 0.08203125