0 0.13828125 0.43359375 0.05 0.0890625
0 0.05859375 0.4640625 0.06875 0.1015625
0 0.04296875 0.528125 0.0734375 0.084375
0 0.028125 0.59453125 0.05625 0.1078125
0 0.025 0.66796875 0.05 0.1109375
0 0.18046875 0.51484375 0.07890625 0.11640625
0 0.15546875 0.5828125 0.07890625 0.08984375
0 0.159375 0.66875 0.08515625 0.10703125
0 0.16953125 0.7796875 0.08359375 0.109375
0 0.16484375 0.9015625 0.1046875 0.12578125
0 0.29453125 0.50078125 0.0640625 0.09765625
0 0.2984375 0.56796875 0.05703125 0.09296875
0 0.3109375 0.67265625 0.05859375 0.0984375
0 0.3453125 0.778125 0.07734375 0.134375
0 0.36953125 0.89609375 0.08984375 0.12890625
0 0.38125 0.403125 0.05078125 0.078125
0 0.4109375 0.4921875 0.05 0.11171875
0 0.4421875 0.58671875 0.059375 0.09921875
0 0.48828125 0.4546875 0.04765625 0.09375
0 0.48125 0.66484375 0.08203125 0.10625
0 0.50703125 0.7609375 0.06484375 0.109375
0 0.5515625 0.875 0.12265625 0.17109375
0 0.71796875 0.890625 0.0921875 0.11796875
0 0.6390625 0.76171875 0.0828125 0.12421875
0 0.59140625 0.66640625 0.07421875 0.12890625
0 0.55703125 0.58203125 0.0484375 0.09375
0 0.51484375 0.5171875 0.0296875 0.0609375
0 0.61796875 0.56953125 0.0453125 0.059375
0 0.59453125 0.46171875 0.0515625 0.08359375
0 0.62265625 0.5015625 0.04765625 0.0625
0 0.640625 0.4046875 0.0515625 0.08203125
0 0.68515625 0.45 0.04296875 0.065625
0 0.73125 0.40546875 0.03828125 0.05546875
0 0.7296875 0.4921875 0.05078125 0.0890625
0 0.684375 0.565625 0.05234375 0.0890625
0 0.72421875 0.64296875 0.059375 0.109375
0 0.78046875 0.4453125 0.0453125 0.075
0 0.7859375 0.55390625 0.05859375 0.0796875
0 0.7953125 0.7390625 0.07890625 0.10625
0 0.865625 0.85625 0.115625 0.1421875
0 0.9328125 0.7234375 0.09140625 0.159375
0 0.8484375 0.62265625 0.07265625 0.1015625
0 0.8296875 0.4875 0.0578125 0.07578125
0 0.82265625 0.40390625 0.05625 0.07578125
0 0.89765625 0.390625 0.046875 0.05390625
0 0.8734375 0.4359375 0.04296875 0.075
0 0.971875 0.396875 0.03671875 0.0609375
0 0.9375 0.428125 0.04765625 0.0640625
0 0.91640625 0.478125 0.06796875 0.06171875
0 0.98125 0.4625 0.03671875 0.05859375
0 0.9765625 0.5171875 0.04609375 0.05703125
0 0.9640625 0.596875 0.0671875 0.11953125
0 0.89140625 0.55 0.0703125 0.0765625