0 0.56875 0.84609375 0.20625 0.275
0 0.7234375 0.53046875 0.16484375 0.24296875
0 0.8 0.31015625 0.1453125 0.21015625
0 0.8734375 0.153125 0.16796875 0.18046875
0 0.709375 0.096875 0.10859375 0.15546875
0 0.621875 0.221875 0.146875 0.20546875
0 0.5203125 0.3875 0.12265625 0.2484375
0 0.3171875 0.6578125 0.24140625 0.33125
0 0.48046875 0.165625 0.134375 0.18125
0 0.57734375 0.0484375 0.06953125 0.096875
0 0.346875 0.08671875 0.1171875 0.1734375
0 0.35078125 0.2921875 0.14375 0.221875
0 0.13984375 0.5140625 0.15625 0.28203125
0 0.2125 0.2171875 0.12265625 0.1828125
0 0.2359375 0.06328125 0.09765625 0.1265625
0 0.078125 0.153125 0.12109375 0.20078125