0 0.9109375 0.871875 0.0609375 0.08203125
0 0.9234375 0.725 0.0703125 0.075
0 0.92890625 0.58359375 0.06640625 0.08203125
0 0.93671875 0.46875 0.0484375 0.07890625
0 0.940625 0.371875 0.05078125 0.06171875
0 0.953125 0.23046875 0.04140625 0.05703125
0 0.86796875 0.19765625 0.03359375 0.04453125
0 0.85625 0.24609375 0.04375 0.0515625
0 0.84140625 0.33046875 0.0359375 0.05078125
0 0.83046875 0.41875 0.03671875 0.05859375
0 0.81796875 0.53828125 0.05234375 0.06328125
0 0.79921875 0.65703125 0.0546875 0.0796875
0 0.78125 0.8203125 0.0578125 0.08515625
0 0.6203125 0.9140625 0.07890625 0.09375
0 0.646875 0.75703125 0.0453125 0.06796875
0 0.6796875 0.6171875 0.0359375 0.075
0 0.70546875 0.47734375 0.03515625 0.05703125
0 0.7203125 0.365625 0.04453125 0.05859375
0 0.740625 0.2828125 0.025 0.053125
0 0.75859375 0.2125 0.025 0.059375
0 0.65546875 0.24453125 0.03203125 0.0515625
0 0.62734375 0.3359375 0.0296875 0.05390625
0 0.596875 0.434375 0.03125 0.053125
0 0.57109375 0.55546875 0.034375 0.06328125
0 0.53203125 0.6828125 0.0484375 0.08046875
0 0.4921875 0.828125 0.05 0.090625
0 0.30859375 0.8890625 0.0578125 0.0921875
0 0.3625 0.75625 0.05546875 0.07421875
0 0.425 0.621875 0.04609375 0.05859375
0 0.4578125 0.5078125 0.0359375 0.06015625
0 0.50390625 0.38671875 0.0375 0.06796875
0 0.53125 0.296875 0.03515625 0.05234375
0 0.56015625 0.2046875 0.03671875 0.05859375
0 0.4765625 0.18046875 0.03046875 0.040625
0 0.4453125 0.2609375 0.02734375 0.05234375
0 0.40859375 0.3421875 0.0296875 0.07421875
0 0.36875 0.45078125 0.034375 0.06640625
0 0.3140625 0.55390625 0.0375 0.0734375
0 0.25546875 0.66640625 0.040625 0.06328125
0 0.1796875 0.8 0.0640625 0.10234375
0 0.08671875 0.9421875 0.053125 0.084375
0 0.05390625 0.7203125 0.0390625 0.065625
0 0.13984375 0.60390625 0.046875 0.0796875
0 0.2140625 0.49765625 0.05078125 0.0578125
0 0.2671875 0.39453125 0.0375 0.06171875
0 0.32421875 0.309375 0.03359375 0.05390625
0 0.3625 0.21015625 0.034375 0.05546875
0 0.23828125 0.265625 0.0296875 0.0734375
0 0.1875 0.34296875 0.03359375 0.05078125
0 0.1203125 0.43515625 0.0296875 0.0703125
0 0.05 0.5359375 0.03984375 0.053125
0 0.67421875 0.17109375 0.04140625 0.04453125
0 0.6984375 0.109375 0.0390625 0.0453125
0 0.70390625 0.05078125 0.02265625 0.04140625
0 0.63203125 0.02265625 0.02578125 0.03203125
0 0.6109375 0.07734375 0.03828125 0.05234375
0 0.58828125 0.13203125 0.04140625 0.046875
0 0.5140625 0.1078125 0.0296875 0.04296875
0 0.53828125 0.0390625 0.0375 0.05859375
0 0.434375 0.07265625 0.034375 0.046875
0 0.40234375 0.13828125 0.03359375 0.05859375
0 0.36171875 0.04375 0.028125 0.04375
0 0.33125 0.1125 0.02890625 0.0546875
0 0.29140625 0.17890625 0.0265625 0.05390625
0 0.25078125 0.06875 0.01953125 0.04609375
0 0.2125 0.140625 0.03828125 0.06171875
0 0.15703125 0.21796875 0.03359375 0.05078125
0 0.0921875 0.29296875 0.0390625 0.0734375
0 0.02734375 0.375 0.03828125 0.053125
0 0.0140625 0.259375 0.028125 0.04609375
0 0.07265625 0.17734375 0.0375 0.0515625
0 0.13046875 0.1046875 0.0375 0.04609375
0 0.065625 0.071875 0.03125 0.05078125
0 0.184375 0.0390625 0.025 0.040625
0 0.29453125 0.021875 0.03359375 0.04375
0 0.96484375 0.1703125 0.03828125 0.04375
0 0.95859375 0.11640625 0.02578125 0.0359375
0 0.96328125 0.0734375 0.03671875 0.04140625
0 0.96484375 0.02109375 0.03828125 0.0359375
0 0.8875 0.0234375 0.03984375 0.03671875
0 0.8796875 0.07109375 0.0359375 0.04375
0 0.8765625 0.12890625 0.03984375 0.0484375
0 0.78046875 0.14609375 0.0390625 0.0453125
0 0.78984375 0.0859375 0.03203125 0.0453125
0 0.79765625 0.0296875 0.03046875 0.03984375