0 0.6796875 0.02734375 0.05625 0.0546875
0 0.07578125 0.025 0.0609375 0.05
0 0.053125 0.7078125 0.08984375 0.15078125
0 0.203125 0.60234375 0.0796875 0.13203125
0 0.90390625 0.47109375 0.075 0.1375
0 0.79453125 0.5546875 0.078125 0.13046875
0 0.16796875 0.4640625 0.0640625 0.10703125
0 0.3796875 0.18125 0.0484375 0.07578125
0 0.33984375 0.509375 0.0640625 0.09921875
0 0.4484375 0.02734375 0.0546875 0.05390625
0 0.37109375 0.66328125 0.06484375 0.11015625
0 0.23203125 0.13984375 0.06015625 0.0875
0 0.84140625 0.33203125 0.06171875 0.1265625
0 0.24140625 0.76796875 0.07734375 0.12578125
0 0.77890625 0.20546875 0.05625 0.11328125
0 0.41875 0.3046875 0.05625 0.09296875
0 0.20859375 0.0453125 0.05546875 0.08984375
0 0.80390625 0.0609375 0.04453125 0.075
0 0.62734375 0.171875 0.05 0.08515625
0 0.4828125 0.11953125 0.05234375 0.08125
0 0.67890625 0.63359375 0.0640625 0.11640625
0 0.6796875 0.27734375 0.053125 0.10234375
0 0.271875 0.2375 0.05859375 0.08046875
0 0.890625 0.028125 0.0515625 0.05625
0 0.74453125 0.815625 0.07265625 0.1359375
0 0.34140625 0.0796875 0.0546875 0.07890625
0 0.584375 0.0703125 0.0578125 0.08828125
0 0.121875 0.20703125 0.04765625 0.07578125
0 0.9703125 0.61484375 0.05859375 0.12421875
0 0.953125 0.11953125 0.0578125 0.0921875
0 0.72421875 0.11328125 0.05546875 0.09375
0 0.2703125 0.94140625 0.08203125 0.1125
0 0.86640625 0.15703125 0.059375 0.09140625
0 0.078125 0.8890625 0.08203125 0.1296875
0 0.63203125 0.4859375 0.059375 0.1140625
0 0.29609375 0.3703125 0.06171875 0.10859375
0 0.6109375 0.93515625 0.0671875 0.12734375
0 0.86328125 0.71484375 0.071875 0.121875
0 0.94921875 0.92421875 0.096875 0.15078125
0 0.41953125 0.8453125 0.0671875 0.1546875
0 0.53046875 0.2359375 0.053125 0.10859375
0 0.103125 0.10078125 0.05625 0.0921875
0 0.03046875 0.396875 0.0609375 0.1265625
0 0.56328125 0.73828125 0.06640625 0.13515625
0 0.98359375 0.4234375 0.03203125 0.12578125
0 0.4671875 0.428125 0.05625 0.0875
0 0.56875 0.35703125 0.05625 0.09609375
0 0.03203125 0.5453125 0.0640625 0.10625
0 0.93515625 0.27109375 0.040625 0.0859375
0 0.1390625 0.3296875 0.05859375 0.103125
0 0.740625 0.39609375 0.06328125 0.10625
0 0.5109375 0.5765625 0.05390625 0.0984375