0 0.89921875 0.7875 0.11328125 0.23671875
0 0.89765625 0.26640625 0.08515625 0.16328125
0 0.63359375 0.86328125 0.17890625 0.2734375
0 0.65390625 0.59765625 0.14375 0.25
0 0.35546875 0.6765625 0.128125 0.2109375
0 0.3296875 0.87421875 0.1546875 0.25078125
0 0.11875 0.67890625 0.1703125 0.2875
0 0.18828125 0.51328125 0.11953125 0.20859375
0 0.23671875 0.36875 0.07265625 0.1640625
0 0.11875 0.30546875 0.06875 0.165625
0 0.1734375 0.2015625 0.09921875 0.1578125
0 0.07109375 0.134375 0.0828125 0.15546875
0 0.04765625 0.39765625 0.09140625 0.1625