0 0.7765625 0.0890625 0.04609375 0.078125
0 0.25234375 0.4453125 0.07890625 0.14453125
0 0.14609375 0.078125 0.0546875 0.08671875
0 0.115625 0.2171875 0.06171875 0.11640625
0 0.94453125 0.12734375 0.04609375 0.075
0 0.1984375 0.16171875 0.0546875 0.10625
0 0.65625 0.371875 0.04765625 0.0765625
0 0.42734375 0.028125 0.04375 0.05625
0 0.5765625 0.246875 0.0421875 0.07421875
0 0.06015625 0.12578125 0.0609375 0.1234375
0 0.64921875 0.18671875 0.040625 0.07734375
0 0.20859375 0.6515625 0.07890625 0.140625
0 0.22578125 0.0390625 0.05390625 0.07734375
0 0.18671875 0.328125 0.0625 0.11953125
0 0.140625 0.51015625 0.071875 0.11953125
0 0.34140625 0.38828125 0.0640625 0.12421875
0 0.26484375 0.28203125 0.06484375 0.1
0 0.6125 0.88203125 0.07734375 0.14921875
0 0.721875 0.2984375 0.05078125 0.08828125
0 0.078125 0.3734375 0.0703125 0.12109375
0 0.6375 0.03828125 0.0390625 0.071875
0 0.028125 0.2578125 0.05625 0.1328125
0 0.49921875 0.12734375 0.04296875 0.07890625
0 0.03203125 0.56875 0.06171875 0.13984375
0 0.49140625 0.3015625 0.0625 0.11171875
0 0.57421875 0.078125 0.03203125 0.0671875
0 0.35859375 0.07421875 0.04765625 0.08359375
0 0.35078125 0.2265625 0.06953125 0.10390625
0 0.8765625 0.91328125 0.08125 0.1296875
0 0.41796875 0.53046875 0.065625 0.11640625
0 0.32265625 0.578125 0.06328125 0.12109375
0 0.51640625 0.95234375 0.09140625 0.0953125
0 0.984375 0.1125 0.03125 0.075
0 0.90078125 0.59140625 0.04609375 0.0796875
0 0.28828125 0.12578125 0.05625 0.1015625
0 0.78671875 0.725 0.06484375 0.12578125
0 0.40625 0.7625 0.08359375 0.16171875
0 0.58203125 0.42890625 0.06796875 0.1234375
0 0.425 0.18515625 0.046875 0.0890625
0 0.903125 0.16015625 0.046875 0.07421875
0 0.69296875 0.7984375 0.0734375 0.13984375
0 0.79921875 0.23984375 0.040625 0.06875
0 0.428125 0.3390625 0.0671875 0.12890625
0 0.75234375 0.5078125 0.05546875 0.10234375
0 0.71484375 0.13203125 0.06015625 0.08359375
0 0.50703125 0.475 0.0546875 0.11171875
0 0.93515625 0.3046875 0.04140625 0.0859375
0 0.85 0.66171875 0.05 0.1140625
0 0.171875 0.9421875 0.0921875 0.10859375
0 0.59453125 0.62578125 0.0703125 0.1359375
0 0.51484375 0.7015625 0.071875 0.16640625
0 0.08828125 0.7625 0.06328125 0.13984375
0 0.6796875 0.56484375 0.0640625 0.12734375
0 0.303125 0.8484375 0.06328125 0.14765625
0 0.88046875 0.36484375 0.0359375 0.06953125
0 0.9625 0.83671875 0.075 0.1265625
0 0.965625 0.50390625 0.04453125 0.08359375
0 0.9828125 0.2546875 0.034375 0.08046875