0 0.05625 0.9390625 0.11171875 0.121875
0 0.06875 0.77578125 0.1375 0.1453125
0 0.08671875 0.54375 0.1734375 0.25
0 0.09453125 0.38515625 0.09765625 0.1109375
0 0.11171875 0.26015625 0.12265625 0.11953125
0 0.1203125 0.14921875 0.08984375 0.08984375
0 0.121875 0.05078125 0.09921875 0.0953125
0 0.26640625 0.02578125 0.1140625 0.0515625
0 0.28515625 0.08671875 0.08984375 0.09765625
0 0.28515625 0.15625 0.08671875 0.10546875
0 0.2890625 0.24765625 0.0875 0.09921875
0 0.2984375 0.3296875 0.0625 0.0703125
0 0.2984375 0.4140625 0.12890625 0.11640625
0 0.30234375 0.53671875 0.15546875 0.165625
0 0.3140625 0.70234375 0.15 0.1421875
0 0.3265625 0.8625 0.16640625 0.1484375
0 0.62421875 0.91640625 0.16171875 0.13828125
0 0.57890625 0.771875 0.16484375 0.15703125
0 0.54453125 0.59921875 0.12890625 0.1515625
0 0.52421875 0.47734375 0.096875 0.14453125
0 0.4984375 0.36953125 0.11171875 0.15234375
0 0.48125 0.278125 0.09453125 0.13671875
0 0.465625 0.19453125 0.1171875 0.14140625
0 0.44765625 0.11328125 0.09765625 0.08984375
0 0.57265625 0.02421875 0.08359375 0.046875
0 0.59609375 0.08203125 0.096875 0.0921875
0 0.6171875 0.14453125 0.0984375 0.090625
0 0.6484375 0.22734375 0.08125 0.0953125
0 0.68203125 0.3109375 0.11875 0.13515625
0 0.721875 0.4234375 0.09296875 0.13515625
0 0.75234375 0.5484375 0.1390625 0.140625
0 0.8015625 0.67421875 0.1203125 0.1609375
0 0.86640625 0.86953125 0.13125 0.153125
0 0.98203125 0.59765625 0.0359375 0.13125
0 0.95 0.4859375 0.08828125 0.11953125
0 0.909375 0.38046875 0.11328125 0.14296875
0 0.84765625 0.2984375 0.0703125 0.084375
0 0.79921875 0.1875 0.08984375 0.15390625
0 0.74453125 0.08125 0.09609375 0.09765625
0 0.703125 0.0265625 0.08828125 0.053125
0 0.9 0.034375 0.065625 0.06796875
0 0.93125 0.0890625 0.090625 0.084375
0 0.96953125 0.16875 0.0609375 0.096875