0 0.215625 0.7953125 0.0796875 0.15390625
0 0.14921875 0.653125 0.11796875 0.17421875
0 0.1125 0.51328125 0.10234375 0.18828125
0 0.07109375 0.4046875 0.075 0.12578125
0 0.046875 0.88828125 0.09375 0.2234375
0 0.26953125 0.93515625 0.10859375 0.125
0 0.03984375 0.309375 0.06171875 0.1296875
0 0.0890625 0.0921875 0.04453125 0.10234375
0 0.11015625 0.17578125 0.0796875 0.13203125
0 0.1578125 0.2234375 0.07421875 0.12421875
0 0.19140625 0.30625 0.06875 0.1328125
0 0.23828125 0.42265625 0.0765625 0.134375
0 0.2875 0.54296875 0.078125 0.18125
0 0.36015625 0.6609375 0.10546875 0.1765625
0 0.4296875 0.8328125 0.0859375 0.1828125
0 0.18125 0.04921875 0.0578125 0.08671875
0 0.221875 0.1125 0.06953125 0.09609375
0 0.25390625 0.18515625 0.04921875 0.1140625
0 0.3015625 0.265625 0.046875 0.1
0 0.31328125 0.06328125 0.06015625 0.09609375
0 0.3671875 0.13359375 0.07109375 0.1140625
0 0.39765625 0.04140625 0.05234375 0.0828125
0 0.4515625 0.090625 0.075 0.109375
0 0.41328125 0.21953125 0.06796875 0.14375
0 0.353125 0.36484375 0.05546875 0.09453125
0 0.47265625 0.3 0.06015625 0.134375
0 0.5 0.15859375 0.05859375 0.0984375
0 0.53515625 0.05703125 0.0625 0.10390625
0 0.61640625 0.03671875 0.065625 0.0734375
0 0.59609375 0.12421875 0.06015625 0.11015625
0 0.67890625 0.0859375 0.06875 0.08515625
0 0.75703125 0.04375 0.06640625 0.0875
0 0.74453125 0.15 0.06015625 0.10703125
0 0.66015625 0.18203125 0.0703125 0.0890625
0 0.5640625 0.2421875 0.06796875 0.11328125
0 0.53828125 0.38125 0.06953125 0.12265625
0 0.415625 0.4484375 0.090625 0.1515625
0 0.48984375 0.57109375 0.08046875 0.18359375
0 0.62421875 0.50078125 0.0984375 0.1453125
0 0.6375 0.32734375 0.07421875 0.165625
0 0.73515625 0.2734375 0.0765625 0.13359375
0 0.8140625 0.228125 0.07265625 0.12890625
0 0.82421875 0.1046875 0.06640625 0.11875
0 0.9 0.05546875 0.07109375 0.1109375
0 0.9 0.17578125 0.0609375 0.1203125
0 0.91328125 0.3140625 0.07109375 0.1703125
0 0.81640625 0.36875 0.06640625 0.1359375
0 0.72890625 0.421875 0.0796875 0.13671875
0 0.9234375 0.48359375 0.071875 0.12734375
0 0.81640625 0.56171875 0.0828125 0.1484375
0 0.71171875 0.62578125 0.075 0.16015625
0 0.58515625 0.70625 0.10390625 0.165625
0 0.6921875 0.88359375 0.12890625 0.1453125
0 0.81875 0.80234375 0.1171875 0.178125
0 0.93125 0.69453125 0.0890625 0.17890625