0 0.271875 0.01875 0.021875 0.0375
0 0.2546875 0.07265625 0.03671875 0.05390625
0 0.23828125 0.1421875 0.0390625 0.0515625
0 0.21953125 0.2125 0.0359375 0.06328125
0 0.1984375 0.3046875 0.0265625 0.053125
0 0.1734375 0.4015625 0.0484375 0.065625
0 0.13984375 0.51953125 0.0359375 0.053125
0 0.10703125 0.3171875 0.0265625 0.03671875
0 0.0734375 0.4140625 0.0328125 0.04609375
0 0.03359375 0.52421875 0.03046875 0.05703125
0 0.10078125 0.659375 0.04375 0.078125
0 0.05234375 0.8296875 0.03515625 0.0625
0 0.18671875 0.82421875 0.04140625 0.071875
0 0.21796875 0.64765625 0.02578125 0.05625
0 0.24609375 0.509375 0.03359375 0.05234375
0 0.26796875 0.39375 0.03671875 0.05390625
0 0.29140625 0.2921875 0.0359375 0.0484375
0 0.3078125 0.203125 0.03984375 0.0546875
0 0.32109375 0.13125 0.034375 0.059375
0 0.3328125 0.0609375 0.03125 0.05703125
0 0.34609375 0.015625 0.0171875 0.028125
0 0.41171875 0.053125 0.03828125 0.05859375
0 0.403125 0.12109375 0.03515625 0.06328125
0 0.396875 0.19375 0.0421875 0.06328125
0 0.3875 0.28046875 0.03125 0.0484375
0 0.371875 0.38515625 0.03671875 0.0625
0 0.35625 0.509375 0.03359375 0.0671875
0 0.340625 0.64375 0.0390625 0.05703125
0 0.31953125 0.81171875 0.03671875 0.06796875
0 0.453125 0.79453125 0.0453125 0.0609375
0 0.46171875 0.6359375 0.03359375 0.04921875
0 0.471875 0.49296875 0.0296875 0.03984375
0 0.4765625 0.37265625 0.0328125 0.04921875
0 0.4796875 0.2734375 0.03671875 0.05703125
0 0.484375 0.18359375 0.05078125 0.0671875
0 0.48515625 0.10234375 0.04609375 0.0703125
0 0.48671875 0.040625 0.0421875 0.05703125
0 0.56953125 0.03359375 0.03359375 0.05703125
0 0.56953125 0.0953125 0.04453125 0.0609375
0 0.57421875 0.175 0.04140625 0.05625
0 0.57890625 0.26171875 0.0265625 0.0390625
0 0.58359375 0.3671875 0.0265625 0.03359375
0 0.5875 0.48125 0.03671875 0.0515625
0 0.59375 0.61953125 0.03828125 0.059375
0 0.60234375 0.79921875 0.04140625 0.0703125
0 0.746875 0.790625 0.04453125 0.06640625
0 0.90234375 0.77734375 0.04609375 0.071875
0 0.859375 0.603125 0.0390625 0.0515625
0 0.72421875 0.61015625 0.04921875 0.04921875
0 0.7015625 0.4703125 0.03046875 0.03828125
0 0.8328125 0.4609375 0.04765625 0.0546875
0 0.96328125 0.4515625 0.03125 0.0390625
0 0.9203125 0.328125 0.046875 0.0484375
0 0.80625 0.34296875 0.0265625 0.04765625
0 0.68984375 0.35234375 0.03046875 0.03984375
0 0.678125 0.25859375 0.02578125 0.0375
0 0.784375 0.2453125 0.03203125 0.04140625
0 0.8890625 0.228125 0.0234375 0.028125
0 0.96171875 0.11875 0.0625 0.09765625
0 0.93359375 0.04609375 0.05078125 0.0640625
0 0.840625 0.059375 0.05390625 0.0703125
0 0.8625 0.140625 0.034375 0.0765625
0 0.7640625 0.1453125 0.03671875 0.06875
0 0.746875 0.06953125 0.04140625 0.06796875
0 0.6515625 0.025 0.03984375 0.0453125
0 0.65625 0.08125 0.04375 0.059375
0 0.66953125 0.16171875 0.04453125 0.0640625