0 0.93125 0.7671875 0.046875 0.0796875
0 0.8578125 0.85546875 0.053125 0.084375
0 0.784375 0.953125 0.05625 0.09375
0 0.97421875 0.44140625 0.04921875 0.071875
0 0.9125 0.51640625 0.04609375 0.0796875
0 0.85 0.59921875 0.06015625 0.0921875
0 0.771875 0.665625 0.046875 0.0828125
0 0.70234375 0.77578125 0.05078125 0.09296875
0 0.52265625 0.9609375 0.06484375 0.078125
0 0.965625 0.2609375 0.04921875 0.08828125
0 0.89765625 0.3109375 0.0453125 0.08125
0 0.84140625 0.365625 0.04765625 0.0828125
0 0.77734375 0.4546875 0.0515625 0.08984375
0 0.69765625 0.50078125 0.05703125 0.1171875
0 0.628125 0.60625 0.05234375 0.109375
0 0.54765625 0.67421875 0.05625 0.11328125
0 0.35 0.903125 0.059375 0.10859375
0 0.9765625 0.0671875 0.03671875 0.06875
0 0.934375 0.096875 0.04375 0.0734375
0 0.88828125 0.13984375 0.05546875 0.09453125
0 0.82421875 0.1984375 0.04921875 0.07421875
0 0.77109375 0.24453125 0.05 0.08828125
0 0.70546875 0.29921875 0.0421875 0.0703125
0 0.47734375 0.509375 0.053125 0.096875
0 0.3796875 0.596875 0.059375 0.1078125
0 0.28828125 0.67109375 0.0796875 0.13125
0 0.05625 0.86640625 0.06640625 0.12421875
0 0.80703125 0.04453125 0.040625 0.07578125
0 0.7640625 0.09375 0.05078125 0.08359375
0 0.69921875 0.128125 0.06171875 0.10078125
0 0.6296875 0.171875 0.0484375 0.08984375
0 0.5671875 0.22578125 0.053125 0.0984375
0 0.490625 0.30703125 0.05390625 0.0859375
0 0.40546875 0.36171875 0.06796875 0.1046875
0 0.3140625 0.4421875 0.05625 0.08125
0 0.621875 0.03203125 0.0421875 0.06328125
0 0.559375 0.07265625 0.05625 0.075
0 0.49453125 0.1328125 0.065625 0.084375
0 0.4171875 0.1890625 0.06640625 0.08984375
0 0.34140625 0.240625 0.06171875 0.08984375
0 0.24453125 0.303125 0.06328125 0.1078125
0 0.16015625 0.37421875 0.04375 0.08671875
0 0.0625 0.43984375 0.06171875 0.09453125
0 0.428125 0.0296875 0.04375 0.05859375
0 0.35546875 0.07578125 0.053125 0.0859375
0 0.275 0.14453125 0.0515625 0.0890625
0 0.1859375 0.18046875 0.059375 0.08984375
0 0.1140625 0.234375 0.05703125 0.09453125
0 0.02265625 0.30390625 0.0453125 0.08515625
0 0.221875 0.03984375 0.059375 0.0796875
0 0.1484375 0.096875 0.05078125 0.08515625
0 0.0609375 0.1546875 0.059375 0.09921875
0 0.0234375 0.0640625 0.04609375 0.08203125