0 0.44609375 0.1078125 0.071875 0.12421875
0 0.82890625 0.03671875 0.06640625 0.0734375
0 0.93046875 0.13359375 0.0625 0.11484375
0 0.35546875 0.14609375 0.0671875 0.1140625
0 0.61328125 0.19609375 0.0765625 0.12109375
0 0.2375 0.38125 0.071875 0.134375
0 0.8765625 0.20859375 0.09140625 0.13359375
0 0.53046875 0.0828125 0.06796875 0.1203125
0 0.7875 0.2515625 0.07421875 0.11484375
0 0.3671875 0.0328125 0.065625 0.065625
0 0.76953125 0.0890625 0.0625 0.10234375
0 0.540625 0.22890625 0.06875 0.1234375
0 0.271875 0.0546875 0.06640625 0.09609375
0 0.15234375 0.2234375 0.07578125 0.11953125
0 0.61328125 0.03671875 0.06015625 0.0734375
0 0.4375 0.28203125 0.05703125 0.09140625
0 0.0484375 0.6984375 0.08671875 0.1828125
0 0.44296875 0.7484375 0.07578125 0.13046875
0 0.9625 0.3234375 0.07421875 0.13125
0 0.19140625 0.07265625 0.06015625 0.09765625
0 0.8140625 0.4484375 0.06953125 0.128125
0 0.0921875 0.11796875 0.06484375 0.1046875
0 0.11171875 0.42890625 0.0765625 0.1234375
0 0.31171875 0.8375 0.0734375 0.14609375
0 0.690625 0.13359375 0.0625 0.1046875
0 0.89921875 0.38984375 0.078125 0.12421875
0 0.43671875 0.48828125 0.05703125 0.1
0 0.653125 0.59375 0.08203125 0.11796875
0 0.26015625 0.18203125 0.06484375 0.128125
0 0.77890625 0.80078125 0.09296875 0.15078125
0 0.63671875 0.38125 0.065625 0.1
0 0.3328125 0.53515625 0.075 0.1390625
0 0.03359375 0.28515625 0.06484375 0.125
0 0.9796875 0.08984375 0.040625 0.109375
0 0.7140625 0.33125 0.071875 0.13359375
0 0.021875 0.02265625 0.04375 0.04453125
0 0.746875 0.53203125 0.0703125 0.10546875
0 0.2 0.6078125 0.06796875 0.1421875
0 0.9375 0.6265625 0.0671875 0.13984375
0 0.54296875 0.4265625 0.06015625 0.10546875
0 0.3453125 0.3234375 0.05859375 0.10390625