0 0.421875 0.05546875 0.06171875 0.0953125
0 0.95703125 0.12421875 0.04765625 0.0671875
0 0.89921875 0.3203125 0.04921875 0.075
0 0.5265625 0.22421875 0.0578125 0.10078125
0 0.61875 0.1875 0.05625 0.10234375
0 0.6765625 0.15546875 0.053125 0.0890625
0 0.55078125 0.0921875 0.0484375 0.07890625
0 0.28984375 0.24609375 0.071875 0.11796875
0 0.29375 0.02734375 0.0609375 0.05390625
0 0.471875 0.1421875 0.059375 0.09765625
0 0.1375 0.2234375 0.0671875 0.0984375
0 0.58828125 0.3265625 0.0625 0.1140625
0 0.059375 0.3703125 0.0734375 0.115625
0 0.09921875 0.128125 0.06796875 0.09375
0 0.10078125 0.50078125 0.06484375 0.1015625
0 0.3859375 0.19140625 0.06484375 0.10546875
0 0.75078125 0.26796875 0.0515625 0.09921875
0 0.8203125 0.065625 0.040625 0.07421875
0 0.82109375 0.225 0.0515625 0.0828125
0 0.61953125 0.04609375 0.05703125 0.08046875
0 0.06484375 0.03984375 0.0515625 0.0796875
0 0.2390625 0.1625 0.05390625 0.0890625
0 0.89453125 0.16875 0.046875 0.08125
0 0.48984375 0.390625 0.0609375 0.121875
0 0.4375 0.2734375 0.06015625 0.1125
0 0.2046875 0.8078125 0.07890625 0.14140625
0 0.20703125 0.084375 0.05625 0.0921875
0 0.34453125 0.3421875 0.06796875 0.10390625
0 0.04921875 0.9265625 0.084375 0.146875
0 0.3359375 0.09296875 0.0578125 0.0890625
0 0.5703125 0.51484375 0.06796875 0.1203125
0 0.4109375 0.87890625 0.08046875 0.1484375
0 0.225 0.42265625 0.08203125 0.11875
0 0.753125 0.115625 0.05546875 0.08671875
0 0.621875 0.94765625 0.084375 0.09765625
0 0.8890625 0.02578125 0.04609375 0.0515625
0 0.0234375 0.73671875 0.046875 0.1140625
0 0.4625 0.61875 0.06640625 0.1140625
0 0.33828125 0.703125 0.0640625 0.1171875
0 0.021875 0.2796875 0.04375 0.09765625
0 0.1765625 0.3171875 0.075 0.0953125
0 0.7453125 0.41875 0.059375 0.103125
0 0.6671875 0.29375 0.0546875 0.1015625
0 0.38125 0.46796875 0.05546875 0.1015625
0 0.1421875 0.62890625 0.07265625 0.096875
0 0.53828125 0.78359375 0.07421875 0.13984375
0 0.85703125 0.78125 0.078125 0.140625
0 0.978125 0.2953125 0.04375 0.1125
0 0.284375 0.5453125 0.06875 0.103125
0 0.66796875 0.45625 0.0609375 0.11171875
0 0.81640625 0.371875 0.0546875 0.09765625
0 0.91328125 0.50390625 0.053125 0.09609375
0 0.84296875 0.55 0.05625 0.1015625
0 0.94453125 0.93359375 0.10625 0.13203125
0 0.74296875 0.85625 0.065625 0.11953125
0 0.75234375 0.60078125 0.0609375 0.103125
0 0.65234375 0.690625 0.0546875 0.109375