0 0.915625 0.9359375 0.13359375 0.128125
0 0.90546875 0.6140625 0.1109375 0.2171875
0 0.70546875 0.85234375 0.15078125 0.2296875
0 0.5390625 0.6953125 0.11015625 0.178125
0 0.42265625 0.5515625 0.1078125 0.165625
0 0.3265625 0.4875 0.06015625 0.14140625
0 0.19921875 0.8796875 0.178125 0.240625
0 0.15859375 0.69921875 0.16171875 0.190625
0 0.09609375 0.56171875 0.125 0.18125
0 0.05390625 0.471875 0.1078125 0.18984375
0 0.028125 0.39453125 0.05625 0.096875
0 0.74453125 0.52578125 0.1359375 0.1828125
0 0.8875 0.4171875 0.0859375 0.10234375
0 0.61484375 0.4515625 0.09765625 0.13515625
0 0.51953125 0.37265625 0.0453125 0.121875
0 0.44765625 0.3453125 0.0640625 0.08984375
0 0.27890625 0.41328125 0.090625 0.1125
0 0.21953125 0.3484375 0.06875 0.12578125
0 0.17265625 0.31953125 0.0375 0.0875
0 0.1375 0.2859375 0.0484375 0.07109375
0 0.10703125 0.23046875 0.08046875 0.0796875
0 0.04765625 0.1875 0.0359375 0.0546875
0 0.03515625 0.14609375 0.03984375 0.0546875
0 0.01171875 0.13828125 0.0234375 0.0734375
0 0.36484375 0.30234375 0.06171875 0.10625
0 0.33359375 0.265625 0.034375 0.09921875
0 0.27734375 0.23046875 0.075 0.09765625
0 0.21875 0.1859375 0.0546875 0.08828125
0 0.17734375 0.16015625 0.03515625 0.0734375
0 0.14921875 0.14296875 0.03203125 0.05703125
0 0.11875 0.1234375 0.0359375 0.05390625
0 0.09375 0.1015625 0.02890625 0.0546875
0 0.07109375 0.0875 0.02578125 0.04453125
0 0.05078125 0.07109375 0.0328125 0.05
0 0.02109375 0.05546875 0.03515625 0.04765625
0 0.98359375 0.46171875 0.0328125 0.1265625
0 0.96953125 0.328125 0.0609375 0.1109375
0 0.86875 0.2859375 0.08984375 0.08984375
0 0.95 0.234375 0.07734375 0.10546875
0 0.74296875 0.36484375 0.071875 0.11953125
0 0.76953125 0.26640625 0.06171875 0.0640625
0 0.68515625 0.24296875 0.06484375 0.06796875
0 0.6609375 0.32421875 0.06171875 0.08984375
0 0.57421875 0.27578125 0.0578125 0.121875
0 0.46171875 0.22734375 0.0734375 0.10390625
0 0.40703125 0.20234375 0.04765625 0.07890625
0 0.3625 0.184375 0.04609375 0.09296875
0 0.3328125 0.16640625 0.0375 0.0640625
0 0.27265625 0.14140625 0.03203125 0.06953125
0 0.24375 0.1265625 0.01953125 0.06796875
0 0.21796875 0.11328125 0.02421875 0.0609375
0 0.20390625 0.103125 0.01875 0.05859375
0 0.18359375 0.096875 0.028125 0.0578125
0 0.1578125 0.0828125 0.0265625 0.0546875
0 0.13515625 0.07109375 0.0265625 0.05546875
0 0.1140625 0.0578125 0.0234375 0.05546875
0 0.09296875 0.04453125 0.02890625 0.04453125
0 0.0734375 0.04140625 0.02890625 0.04921875
0 0.03359375 0.021875 0.0515625 0.04375
0 0.8390625 0.22578125 0.0359375 0.06328125
0 0.84765625 0.1609375 0.059375 0.07421875
0 0.90703125 0.1625 0.05078125 0.11171875
0 0.98671875 0.203125 0.0265625 0.084375
0 0.9734375 0.14453125 0.04921875 0.09453125
0 0.95703125 0.109375 0.0375 0.05078125
0 0.9375 0.0875 0.03046875 0.053125
0 0.990625 0.084375 0.01796875 0.0671875
0 0.978125 0.04453125 0.03828125 0.0640625
0 0.96171875 0.025 0.0546875 0.05
0 0.928125 0.05234375 0.04140625 0.040625
0 0.91171875 0.02890625 0.028125 0.05546875
0 0.89609375 0.0109375 0.02421875 0.02109375
0 0.89375 0.08515625 0.04375 0.04921875
0 0.88515625 0.03984375 0.04140625 0.04765625
0 0.875 0.0171875 0.04140625 0.034375
0 0.82890625 0.11640625 0.034375 0.04921875
0 0.83515625 0.08359375 0.04375 0.04765625
0 0.8390625 0.046875 0.04140625 0.046875
0 0.8421875 0.01875 0.04140625 0.0375
0 0.79140625 0.01015625 0.0359375 0.0203125
0 0.790625 0.04140625 0.0375 0.04296875
0 0.78984375 0.05703125 0.02734375 0.05
0 0.78984375 0.09921875 0.04140625 0.04921875
0 0.78203125 0.1375 0.04296875 0.0515625
0 0.76875 0.18984375 0.04453125 0.08203125
0 0.70859375 0.18125 0.05234375 0.06328125
0 0.61875 0.21171875 0.034375 0.065625
0 0.65546875 0.15625 0.0390625 0.08671875
0 0.715625 0.128125 0.0421875 0.05390625
0 0.73203125 0.09453125 0.03515625 0.034375
0 0.7390625 0.065625 0.03671875 0.05078125
0 0.753125 0.03515625 0.02890625 0.05
0 0.7546875 0.00859375 0.03125 0.0171875
0 0.71953125 0.0125 0.03125 0.021875
0 0.70859375 0.03125 0.03359375 0.03125
0 0.70234375 0.05625 0.03046875 0.04296875
0 0.68125 0.078125 0.028125 0.0546875
0 0.66796875 0.11953125 0.03125 0.05078125
0 0.56171875 0.1921875 0.05234375 0.0734375
0 0.59453125 0.140625 0.04140625 0.08203125
0 0.6390625 0.08203125 0.02734375 0.053125
0 0.6203125 0.11171875 0.02734375 0.06328125
0 0.57890625 0.08828125 0.03671875 0.0484375
0 0.54375 0.1296875 0.0390625 0.0640625
0 0.50625 0.16953125 0.04140625 0.07265625
0 0.4640625 0.14609375 0.03984375 0.05546875
0 0.421875 0.140625 0.03828125 0.0578125
0 0.50546875 0.1140625 0.05 0.05546875
0 0.62109375 0.046875 0.03046875 0.0578125
0 0.67265625 0.03125 0.02890625 0.04765625
0 0.6515625 0.01953125 0.02421875 0.0390625
0 0.63125 0.0234375 0.028125 0.046875
0 0.6046875 0.02265625 0.02890625 0.04453125
0 0.58671875 0.04609375 0.02421875 0.04453125
0 0.58125 0.015625 0.03125 0.03125
0 0.56328125 0.02109375 0.03515625 0.02890625
0 0.5625 0.06015625 0.03125 0.05859375
0 0.53203125 0.05390625 0.034375 0.05390625
0 0.5046875 0.06875 0.0359375 0.05234375
0 0.47421875 0.065625 0.03203125 0.0546875
0 0.509375 0.01640625 0.0390625 0.0328125
0 0.5390625 0.01640625 0.0328125 0.03203125
0 0.50078125 0.03828125 0.025 0.03125
0 0.475 0.0125 0.0234375 0.025
0 0.4703125 0.02890625 0.03046875 0.03515625
0 0.4453125 0.05703125 0.02890625 0.046875
0 0.45 0.03203125 0.02578125 0.025
0 0.45390625 0.009375 0.028125 0.01796875
0 0.43203125 0.01953125 0.021875 0.03828125
0 0.4171875 0.053125 0.03046875 0.0421875
0 0.39453125 0.0375 0.02421875 0.04453125
0 0.3765625 0.075 0.028125 0.05859375
0 0.3609375 0.10703125 0.03515625 0.04453125
0 0.3296875 0.09765625 0.0328125 0.0578125
0 0.30078125 0.096875 0.03125 0.0515625
0 0.28046875 0.08828125 0.02109375 0.03828125
0 0.2578125 0.07421875 0.02890625 0.04453125
0 0.2296875 0.06328125 0.03203125 0.04609375
0 0.2078125 0.0546875 0.0265625 0.0359375
0 0.1875 0.05 0.01953125 0.03515625
0 0.16484375 0.04140625 0.021875 0.03359375
0 0.14921875 0.0296875 0.02265625 0.03984375
0 0.140625 0.03125 0.02109375 0.03515625
0 0.1265625 0.021875 0.01640625 0.0234375
0 0.1125 0.01953125 0.01796875 0.02421875
0 0.09765625 0.01328125 0.021875 0.02265625
0 0.078125 0.009375 0.021875 0.01875
0 0.1609375 0.0078125 0.02109375 0.015625
0 0.1859375 0.01640625 0.01875 0.03125
0 0.2015625 0.0171875 0.015625 0.03046875
0 0.21015625 0.02109375 0.02109375 0.02890625
0 0.23359375 0.025 0.021875 0.03125
0 0.2515625 0.0296875 0.02265625 0.02890625
0 0.28203125 0.04609375 0.02578125 0.0390625
0 0.30546875 0.04921875 0.01953125 0.04140625
0 0.32578125 0.05078125 0.0265625 0.0359375
0 0.35078125 0.0640625 0.02578125 0.04765625
0 0.409375 0.015625 0.0203125 0.03125
0 0.38515625 0.01171875 0.0234375 0.02265625
0 0.36953125 0.0296875 0.02265625 0.03828125
0 0.35390625 0.02109375 0.021875 0.0328125
0 0.33046875 0.02109375 0.0265625 0.03515625
0 0.30234375 0.015625 0.0328125 0.03125
0 0.27265625 0.015625 0.03125 0.03125