0 0.55625 0.69296875 0.10703125 0.2046875
0 0.784375 0.71640625 0.134375 0.27265625
0 0.746875 0.49296875 0.109375 0.203125
0 0.94375 0.53046875 0.1 0.22265625
0 0.87890625 0.378125 0.08671875 0.14921875
0 0.828125 0.265625 0.07265625 0.12421875
0 0.8140625 0.1625 0.0625 0.1328125
0 0.76796875 0.13359375 0.03984375 0.0921875
0 0.75546875 0.05234375 0.0578125 0.0875
0 0.8265625 0.0453125 0.04296875 0.084375
0 0.89296875 0.09453125 0.0703125 0.12109375
0 0.915625 0.17890625 0.075 0.084375
0 0.971875 0.2625 0.05546875 0.12265625
0 0.97734375 0.1296875 0.040625 0.1046875
0 0.95546875 0.06796875 0.0375 0.05234375
0 0.72421875 0.3578125 0.075 0.12890625
0 0.690625 0.2453125 0.05703125 0.08359375
0 0.6828125 0.175 0.05859375 0.08828125
0 0.66640625 0.096875 0.05234375 0.075
0 0.65234375 0.02734375 0.05703125 0.0546875
0 0.57265625 0.47578125 0.0953125 0.1796875
0 0.56171875 0.3546875 0.07578125 0.10234375
0 0.56015625 0.2515625 0.07109375 0.10234375
0 0.565625 0.18515625 0.05078125 0.1078125
0 0.5625 0.1140625 0.04765625 0.0828125
0 0.56484375 0.03515625 0.04609375 0.059375
0 0.33828125 0.6765625 0.10078125 0.20625
0 0.37421875 0.48359375 0.07421875 0.15859375
0 0.409375 0.3484375 0.06875 0.12421875
0 0.4359375 0.25 0.065625 0.1078125
0 0.4515625 0.15546875 0.05390625 0.12109375
0 0.47109375 0.08046875 0.03984375 0.08125
0 0.484375 0.0265625 0.03984375 0.05234375
0 0.38671875 0.04609375 0.04921875 0.0734375
0 0.365625 0.103125 0.0375 0.06953125
0 0.34921875 0.16875 0.04375 0.09375
0 0.30390625 0.240625 0.0546875 0.090625
0 0.26328125 0.33359375 0.0703125 0.115625
0 0.21875 0.4578125 0.07265625 0.146875
0 0.1296875 0.67265625 0.08515625 0.19921875
0 0.0390625 0.465625 0.078125 0.2140625
0 0.121875 0.33359375 0.065625 0.1359375
0 0.06171875 0.246875 0.0546875 0.1328125
0 0.02890625 0.1609375 0.0421875 0.08515625
0 0.0453125 0.05234375 0.0328125 0.075
0 0.08046875 0.10234375 0.0375 0.08984375
0 0.1234375 0.05859375 0.03828125 0.071875
0 0.16484375 0.02734375 0.0328125 0.0546875
0 0.1734375 0.11171875 0.03515625 0.08125
0 0.125 0.153125 0.0453125 0.10078125
0 0.17890625 0.23125 0.0578125 0.125
0 0.234375 0.16953125 0.03515625 0.1328125
0 0.26953125 0.10859375 0.03984375 0.11484375
0 0.30390625 0.06328125 0.034375 0.10625
0 0.32890625 0.0328125 0.0421875 0.065625
0 0.2421875 0.02890625 0.03203125 0.0578125
0 0.209375 0.0640625 0.03125 0.07109375