0 0.75078125 0.83203125 0.20390625 0.2796875
0 0.71484375 0.5453125 0.165625 0.2765625
0 0.69921875 0.28515625 0.1703125 0.27734375
0 0.6703125 0.08125 0.23203125 0.1625
0 0.92578125 0.0796875 0.1484375 0.15859375
0 0.9375 0.26953125 0.125 0.196875
0 0.94453125 0.5203125 0.1109375 0.23984375
0 0.9546875 0.80546875 0.090625 0.30234375
0 0.47890625 0.83984375 0.22421875 0.3203125
0 0.5 0.578125 0.2015625 0.246875
0 0.48125 0.35625 0.21015625 0.2703125
0 0.45546875 0.1125 0.1546875 0.1984375
0 0.21953125 0.12109375 0.14765625 0.19140625
0 0.20625 0.34296875 0.12421875 0.24375
0 0.190625 0.584375 0.2015625 0.27578125
0 0.19140625 0.871875 0.16796875 0.21328125