0 0.94921875 0.76015625 0.1015625 0.1734375
0 0.8453125 0.909375 0.103125 0.159375
0 0.96484375 0.37421875 0.0703125 0.1515625
0 0.89765625 0.49609375 0.0890625 0.14140625
0 0.790625 0.6015625 0.10546875 0.14296875
0 0.6921875 0.73359375 0.1125 0.15625
0 0.57421875 0.83359375 0.11328125 0.1546875
0 0.434375 0.94375 0.09296875 0.1125
0 0.93203125 0.15 0.08125 0.11640625
0 0.8546875 0.25859375 0.08984375 0.1234375
0 0.765625 0.36875 0.0859375 0.14453125
0 0.6765625 0.47421875 0.09140625 0.134375
0 0.56796875 0.578125 0.0984375 0.14296875
0 0.446875 0.66328125 0.10390625 0.16640625
0 0.321875 0.77890625 0.13359375 0.1953125
0 0.16875 0.9078125 0.11796875 0.184375
0 0.81640625 0.05859375 0.0765625 0.1046875
0 0.73671875 0.13984375 0.06796875 0.096875
0 0.65234375 0.24921875 0.07421875 0.1171875
0 0.5578125 0.34609375 0.08984375 0.1515625
0 0.44296875 0.45859375 0.078125 0.10234375
0 0.33515625 0.5265625 0.11015625 0.171875
0 0.225 0.64453125 0.08125 0.14921875
0 0.075 0.75 0.125 0.17734375
0 0.634375 0.05234375 0.090625 0.1015625
0 0.54921875 0.146875 0.065625 0.09375
0 0.45078125 0.25 0.0734375 0.10625
0 0.3546875 0.3390625 0.0921875 0.134375
0 0.2375 0.40625 0.10390625 0.15546875
0 0.125 0.5 0.0875 0.15859375
0 0.45703125 0.0625 0.059375 0.084375
0 0.37578125 0.165625 0.0671875 0.1
0 0.2796875 0.24921875 0.08515625 0.1234375
0 0.165625 0.31875 0.07734375 0.13671875
0 0.06015625 0.36640625 0.08359375 0.13359375
0 0.2875 0.08671875 0.06796875 0.08046875
0 0.20546875 0.1546875 0.0765625 0.109375
0 0.14296875 0.07421875 0.0578125 0.09609375
0 0.10390625 0.2265625 0.06953125 0.12734375
0 0.04296875 0.12734375 0.0515625 0.103125