0 0.15859375 0.94609375 0.0859375 0.1078125
0 0.10625 0.796875 0.0640625 0.12421875
0 0.0546875 0.65859375 0.0703125 0.128125
0 0.31796875 0.82578125 0.071875 0.12578125
0 0.25234375 0.709375 0.08046875 0.12421875
0 0.196875 0.5671875 0.0609375 0.14609375
0 0.1484375 0.4671875 0.06171875 0.10703125
0 0.10703125 0.39140625 0.06328125 0.10703125
0 0.0328125 0.23828125 0.05234375 0.09765625
0 0.0609375 0.31015625 0.0578125 0.07734375
0 0.04140625 0.053125 0.04296875 0.05234375
0 0.0765625 0.09453125 0.03359375 0.07890625
0 0.1296875 0.20234375 0.040625 0.06796875
0 0.1671875 0.2421875 0.0578125 0.08203125
0 0.21796875 0.33046875 0.04765625 0.07890625
0 0.25546875 0.39921875 0.05859375 0.1078125
0 0.32421875 0.49765625 0.07578125 0.07734375
0 0.128125 0.03125 0.04453125 0.0625
0 0.16328125 0.05625 0.04375 0.06484375
0 0.1875 0.10859375 0.04296875 0.084375
0 0.228125 0.159375 0.0421875 0.08203125
0 0.2765625 0.20234375 0.0515625 0.10390625
0 0.3171875 0.28046875 0.05703125 0.08515625
0 0.23515625 0.03359375 0.0484375 0.0671875
0 0.2859375 0.065625 0.03671875 0.07890625
0 0.31875 0.12578125 0.04296875 0.084375
0 0.3640625 0.16875 0.05859375 0.07734375
0 0.365625 0.040625 0.0515625 0.08125
0 0.4046875 0.0796875 0.046875 0.09296875
0 0.48359375 0.05078125 0.04921875 0.07890625
0 0.4546875 0.1375 0.0578125 0.08671875
0 0.41484375 0.22734375 0.05546875 0.1109375
0 0.375 0.35078125 0.06328125 0.1140625
0 0.4765625 0.3140625 0.0671875 0.11171875
0 0.55859375 0.03359375 0.0484375 0.0671875
0 0.53984375 0.09609375 0.0578125 0.0875
0 0.5109375 0.19296875 0.0734375 0.096875
0 0.6140625 0.06953125 0.04375 0.06796875
0 0.68671875 0.05390625 0.05390625 0.0921875
0 0.7625 0.02421875 0.05 0.0484375
0 0.6796875 0.13359375 0.06328125 0.0765625
0 0.596875 0.16171875 0.06328125 0.0953125
0 0.57265625 0.26015625 0.053125 0.109375
0 0.4421875 0.44765625 0.05546875 0.12734375
0 0.3921875 0.62578125 0.059375 0.11796875
0 0.49921875 0.5453125 0.0859375 0.14296875
0 0.53125 0.3796875 0.0734375 0.11328125
0 0.6515625 0.225 0.05078125 0.1046875
0 0.74765625 0.10859375 0.0515625 0.06953125
0 0.81953125 0.06640625 0.04921875 0.0703125
0 0.8921875 0.04140625 0.05078125 0.06328125
0 0.9546875 0.028125 0.053125 0.05625
0 0.9640625 0.1 0.05625 0.071875
0 0.89140625 0.12890625 0.06484375 0.08125
0 0.82109375 0.14140625 0.06796875 0.0875
0 0.74921875 0.1921875 0.06015625 0.08671875
0 0.8125 0.2375 0.07109375 0.09140625
0 0.89765625 0.2078125 0.06328125 0.09375
0 0.96484375 0.16953125 0.05078125 0.06875
0 0.971875 0.2640625 0.053125 0.0875
0 0.9046875 0.30546875 0.0703125 0.08671875
0 0.81484375 0.35625 0.06484375 0.10234375
0 0.7328125 0.28125 0.0640625 0.09375
0 0.63203125 0.35703125 0.06875 0.11328125
0 0.7140625 0.42578125 0.07890625 0.12265625
0 0.6078125 0.48046875 0.0796875 0.1
0 0.97890625 0.3859375 0.0421875 0.121875
0 0.90390625 0.44921875 0.08828125 0.12734375
0 0.81015625 0.503125 0.08125 0.103125
0 0.69296875 0.5703125 0.09765625 0.1546875
0 0.590625 0.6484375 0.065625 0.11484375
0 0.46953125 0.74375 0.0765625 0.13125
0 0.53984375 0.86953125 0.10078125 0.175
0 0.67265625 0.76875 0.071875 0.13828125
0 0.80390625 0.70703125 0.075 0.134375
0 0.9015625 0.596875 0.0828125 0.11640625
0 0.9234375 0.8359375 0.0859375 0.16953125
0 0.79375 0.946875 0.084375 0.103125