0 0.9296875 0.0578125 0.04453125 0.07109375
0 0.9640625 0.11328125 0.0609375 0.07421875
0 0.8453125 0.05859375 0.0546875 0.06328125
0 0.871875 0.12890625 0.0484375 0.0625
0 0.903125 0.19765625 0.0609375 0.090625
0 0.94375 0.284375 0.040625 0.053125
0 0.9796875 0.3875 0.040625 0.0609375
0 0.7453125 0.03046875 0.03125 0.03828125
0 0.76328125 0.07890625 0.03828125 0.059375
0 0.7828125 0.146875 0.0515625 0.06328125
0 0.8078125 0.22109375 0.05390625 0.06953125
0 0.834375 0.30390625 0.02734375 0.0421875
0 0.8703125 0.3953125 0.04765625 0.05859375
0 0.90703125 0.5171875 0.03359375 0.04765625
0 0.959375 0.646875 0.0515625 0.08515625
0 0.66796875 0.04375 0.0375 0.0359375
0 0.81875 0.01796875 0.03203125 0.03203125
0 0.89609375 0.01640625 0.0359375 0.0328125
0 0.68515625 0.09296875 0.04921875 0.059375
0 0.69609375 0.153125 0.04609375 0.059375
0 0.715625 0.2296875 0.0484375 0.075
0 0.73671875 0.3171875 0.034375 0.0375
0 0.759375 0.415625 0.034375 0.059375
0 0.78671875 0.528125 0.0515625 0.06328125
0 0.8171875 0.6640625 0.0375 0.05546875
0 0.85859375 0.83515625 0.05859375 0.07890625
0 0.59140625 0.01796875 0.04140625 0.0359375
0 0.59765625 0.05390625 0.03125 0.04375
0 0.6078125 0.10234375 0.0390625 0.06171875
0 0.6125 0.16484375 0.04140625 0.0625
0 0.62421875 0.2390625 0.0453125 0.07109375
0 0.634375 0.33203125 0.021875 0.04921875
0 0.65078125 0.42421875 0.0359375 0.04609375
0 0.66328125 0.5421875 0.0328125 0.046875
0 0.68984375 0.6828125 0.0484375 0.04921875
0 0.7109375 0.859375 0.04921875 0.075
0 0.521875 0.02109375 0.0453125 0.03671875
0 0.52578125 0.0640625 0.0296875 0.040625
0 0.52578125 0.11171875 0.04140625 0.05078125
0 0.528125 0.18203125 0.04921875 0.06875
0 0.53359375 0.25859375 0.04609375 0.05234375
0 0.53984375 0.34140625 0.034375 0.04453125
0 0.54453125 0.44296875 0.028125 0.046875
0 0.55234375 0.5578125 0.03828125 0.05546875
0 0.55859375 0.69453125 0.04375 0.06796875
0 0.56640625 0.8765625 0.03984375 0.06875
0 0.4515625 0.02421875 0.025 0.0328125
0 0.44921875 0.06953125 0.0375 0.0421875
0 0.446875 0.1265625 0.046875 0.059375
0 0.4453125 0.19453125 0.0640625 0.07421875
0 0.4421875 0.26953125 0.0546875 0.065625
0 0.44453125 0.353125 0.04296875 0.06484375
0 0.4390625 0.45234375 0.03671875 0.05390625
0 0.43203125 0.5671875 0.02734375 0.05390625
0 0.42578125 0.7171875 0.04609375 0.0609375
0 0.425 0.88359375 0.05 0.07734375
0 0.38359375 0.0328125 0.0375 0.05546875
0 0.378125 0.0828125 0.02890625 0.0421875
0 0.37265625 0.13828125 0.04140625 0.06015625
0 0.36484375 0.20234375 0.0328125 0.05703125
0 0.35625 0.28125 0.053125 0.07421875
0 0.34921875 0.36796875 0.0390625 0.0515625
0 0.3359375 0.46796875 0.0421875 0.065625
0 0.3203125 0.58515625 0.0421875 0.06015625
0 0.3046875 0.73203125 0.0484375 0.06796875
0 0.28515625 0.90546875 0.04296875 0.06875
0 0.31328125 0.0421875 0.0296875 0.0453125
0 0.3078125 0.09453125 0.02421875 0.0359375
0 0.2921875 0.1484375 0.040625 0.05546875
0 0.2828125 0.21640625 0.03671875 0.0625
0 0.2703125 0.28828125 0.046875 0.0609375
0 0.253125 0.37578125 0.03828125 0.05234375
0 0.22890625 0.47734375 0.0359375 0.06171875
0 0.2078125 0.5984375 0.0421875 0.0609375
0 0.1796875 0.73984375 0.0359375 0.06796875
0 0.14609375 0.92578125 0.05390625 0.08046875
0 0.2609375 0.01640625 0.021875 0.0328125
0 0.24765625 0.05625 0.025 0.034375
0 0.23359375 0.1078125 0.01875 0.03671875
0 0.21484375 0.1609375 0.0484375 0.0515625
0 0.19765625 0.22734375 0.0375 0.0578125
0 0.18203125 0.30078125 0.04453125 0.075
0 0.159375 0.39140625 0.0375 0.0546875
0 0.13359375 0.4890625 0.05 0.065625
0 0.1015625 0.61171875 0.04765625 0.06328125
0 0.05546875 0.76015625 0.059375 0.084375
0 0.0125 0.9421875 0.02421875 0.08984375
0 0.0625 0.40625 0.0296875 0.0453125
0 0.02578125 0.51015625 0.04609375 0.0515625