0 0.33125 0.06171875 0.01484375 0.02734375
0 0.10859375 0.39921875 0.04453125 0.059375
0 0.55390625 0.10625 0.0234375 0.03515625
0 0.7796875 0.1921875 0.02578125 0.04140625
0 0.24375 0.30546875 0.03671875 0.05078125
0 0.9328125 0.46328125 0.0421875 0.0546875
0 0.678125 0.1375 0.02421875 0.0375
0 0.61640625 0.11796875 0.02421875 0.0359375
0 0.3671875 0.2734375 0.03828125 0.05390625
0 0.4625 0.421875 0.040625 0.05703125
0 0.43203125 0.046875 0.01796875 0.03125
0 0.590625 0.0875 0.025 0.0390625
0 0.5609375 0.23203125 0.03359375 0.046875
0 0.628125 0.05390625 0.01953125 0.02578125
0 0.74140625 0.2046875 0.028125 0.04375
0 0.225 0.2703125 0.0359375 0.04921875
0 0.67890625 0.18203125 0.02890625 0.046875
0 0.6796875 0.10234375 0.0234375 0.0328125
0 0.4859375 0.34609375 0.03984375 0.0578125
0 0.6703125 0.36796875 0.03515625 0.0484375
0 0.88203125 0.40859375 0.0390625 0.059375
0 0.3484375 0.18203125 0.0234375 0.03828125
0 0.7421875 0.16328125 0.02109375 0.028125
0 0.515625 0.025 0.0171875 0.02734375
0 0.26484375 0.5875 0.04765625 0.06796875
0 0.1828125 0.37578125 0.04375 0.05625
0 0.48125 0.13828125 0.02265625 0.03828125
0 0.853125 0.26796875 0.02578125 0.040625
0 0.4203125 0.18984375 0.02265625 0.0375
0 0.3453125 0.0703125 0.015625 0.0296875
0 0.4734375 0.2484375 0.0328125 0.0453125
0 0.36484375 0.3875 0.0453125 0.06015625
0 0.3796875 0.10859375 0.02109375 0.03984375
0 0.6734375 0.24296875 0.03203125 0.03984375
0 0.7828125 0.24140625 0.03046875 0.04921875
0 0.6296875 0.02578125 0.02109375 0.0265625
0 0.61015625 0.16640625 0.0296875 0.0421875
0 0.584375 0.32890625 0.0375 0.05
0 0.715625 0.1734375 0.0234375 0.03515625
0 0.20625 0.43359375 0.04375 0.06171875
0 0.39921875 0.44609375 0.03828125 0.0578125
0 0.50703125 0.06171875 0.02421875 0.0390625
0 0.02265625 0.43203125 0.04453125 0.0515625
0 0.1703125 0.32890625 0.03984375 0.04296875
0 0.5359375 0.20078125 0.03125 0.04140625
0 0.44375 0.21796875 0.02734375 0.04296875
0 0.378125 0.15390625 0.025 0.04296875
0 0.8171875 0.228125 0.02421875 0.0375
0 0.7484375 0.33046875 0.03359375 0.04765625
0 0.6203125 0.07734375 0.021875 0.0328125
0 0.58046875 0.13125 0.021875 0.03515625
0 0.46484375 0.0390625 0.01953125 0.03359375
0 0.53828125 0.33671875 0.03515625 0.05390625
0 0.5046875 0.16484375 0.0265625 0.040625
0 0.46796875 0.0796875 0.0203125 0.0328125
0 0.59453125 0.27734375 0.0328125 0.04609375
0 0.87109375 0.3296875 0.03203125 0.0484375
0 0.57578125 0.39296875 0.02734375 0.04140625
0 0.515625 0.1234375 0.0234375 0.03359375
0 0.7125 0.3546875 0.03671875 0.0578125
0 0.64609375 0.15234375 0.02578125 0.03359375
0 0.5296875 0.08046875 0.0234375 0.0375
0 0.4640625 0.17890625 0.025 0.03984375
0 0.165625 0.0484375 0.01953125 0.0265625
0 0.45390625 0.121875 0.02421875 0.03515625
0 0.49375 0.10390625 0.02421875 0.0375
0 0.65234375 0.10703125 0.021875 0.0359375
0 0.4 0.121875 0.0234375 0.0359375
0 0.39765625 0.30859375 0.0375 0.0578125
0 0.3171875 0.053125 0.01484375 0.028125
0 0.43359375 0.10234375 0.02265625 0.0359375
0 0.39765625 0.06640625 0.0171875 0.03046875
0 0.3953125 0.22890625 0.028125 0.0421875
0 0.603125 0.03046875 0.01875 0.0296875
0 0.91484375 0.378125 0.0359375 0.053125
0 0.52109375 0.4109375 0.03984375 0.0625
0 0.9671875 0.4296875 0.0375 0.059375
0 0.32734375 0.46796875 0.0421875 0.053125
0 0.59765625 0.05859375 0.01640625 0.0234375
0 0.6703125 0.30078125 0.03203125 0.04609375
0 0.54765625 0.28671875 0.03515625 0.046875
0 0.71171875 0.22265625 0.028125 0.040625
0 0.4875 0.05234375 0.01953125 0.03515625
0 0.09375 0.353125 0.04140625 0.05078125
0 0.0265625 0.49296875 0.0515625 0.0640625
0 0.5703125 0.184375 0.025 0.0359375
0 0.42109375 0.1375 0.0234375 0.04140625
0 0.77109375 0.5828125 0.040625 0.0640625
0 0.65703125 0.0484375 0.01953125 0.0265625
0 0.54921875 0.56796875 0.03984375 0.06484375
0 0.23828125 0.0328125 0.015625 0.025
0 0.48828125 0.20390625 0.02890625 0.0421875
0 0.7890625 0.3078125 0.0296875 0.04609375
0 0.54296875 0.15078125 0.028125 0.03671875
0 0.45390625 0.3046875 0.034375 0.05234375
0 0.63984375 0.1984375 0.0328125 0.0453125
0 0.63515625 0.2640625 0.0328125 0.0453125
0 0.29375 0.1390625 0.02265625 0.0375
0 0.23203125 0.50625 0.03984375 0.05625
0 0.19453125 0.03203125 0.0171875 0.02734375
0 0.33359375 0.0265625 0.0140625 0.02734375
0 0.428125 0.3640625 0.03828125 0.05546875
0 0.8453125 0.4390625 0.0359375 0.053125
0 0.32265625 0.2140625 0.03125 0.03984375
0 0.80390625 0.15 0.0171875 0.02890625
0 0.91640625 0.59921875 0.0421875 0.06875
0 0.73828125 0.096875 0.0203125 0.0296875
0 0.11875 0.4625 0.0453125 0.0578125
0 0.60390625 0.21875 0.03203125 0.04921875
0 0.875 0.63125 0.040625 0.0625
0 0.159375 0.29296875 0.0453125 0.046875
0 0.5 0.4828125 0.0375 0.059375
0 0.3953125 0.17265625 0.02421875 0.034375
0 0.715625 0.2828125 0.0328125 0.046875
0 0.71328125 0.50234375 0.0390625 0.05625
0 0.80546875 0.459375 0.03671875 0.0546875
0 0.7625 0.48203125 0.03515625 0.05
0 0.25859375 0.05078125 0.01640625 0.03046875
0 0.8953125 0.49765625 0.03359375 0.04921875
0 0.9015625 0.31015625 0.028125 0.04453125
0 0.01875 0.3859375 0.0375 0.05546875
0 0.26796875 0.16015625 0.0203125 0.03359375
0 0.07890625 0.315625 0.04375 0.03828125
0 0.5640625 0.4703125 0.0359375 0.059375
0 0.79453125 0.378125 0.034375 0.0546875
0 0.65390625 0.07265625 0.021875 0.02734375
0 0.45078125 0.065625 0.01875 0.0359375
0 0.44140625 0.15703125 0.02421875 0.04140625
0 0.84765625 0.22265625 0.02421875 0.0375
0 0.515625 0.240625 0.03125 0.0453125
0 0.47578125 0.6078125 0.04453125 0.06953125
0 0.6296875 0.3140625 0.0390625 0.0578125
0 0.3859375 0.953125 0.065625 0.08671875
0 0.359375 0.09140625 0.01875 0.034375
0 0.29375 0.41015625 0.04375 0.0609375
0 0.3421875 0.2390625 0.0328125 0.046875
0 0.321875 0.10546875 0.02109375 0.0390625
0 0.13671875 0.5359375 0.053125 0.06484375
0 0.9328125 0.92578125 0.06015625 0.08203125
0 0.1421875 0.26171875 0.0390625 0.04375
0 0.33046875 0.16640625 0.02109375 0.03828125
0 0.35625 0.13984375 0.021875 0.0375
0 0.034375 0.571875 0.04765625 0.0703125
0 0.49765625 0.02109375 0.01640625 0.02734375
0 0.33515625 0.3234375 0.03515625 0.05390625
0 0.28984375 0.0359375 0.0140625 0.02890625
0 0.2640625 0.35 0.03828125 0.05546875
0 0.41796875 0.08671875 0.02265625 0.03359375
0 0.30703125 0.28828125 0.03671875 0.05078125
0 0.446875 0.02265625 0.0171875 0.0328125
0 0.78359375 0.7046875 0.0484375 0.07421875
0 0.75703125 0.40703125 0.03515625 0.05859375
0 0.28359375 0.253125 0.03125 0.04609375
0 0.6171875 0.37734375 0.0265625 0.0421875
0 0.2109375 0.24453125 0.03125 0.04375
0 0.05078125 0.6703125 0.05 0.07578125
0 0.71328125 0.42578125 0.03671875 0.0484375
0 0.7734375 0.15703125 0.02109375 0.03125
0 0.36953125 0.20078125 0.02265625 0.034375
0 0.38046875 0.04609375 0.01875 0.0328125
0 0.59609375 0.66875 0.03984375 0.06484375
0 0.72265625 0.91484375 0.0421875 0.084375
0 0.265625 0.22421875 0.03359375 0.04296875
0 0.6078125 0.5421875 0.03828125 0.0578125
0 0.9875 0.52265625 0.025 0.0609375
0 0.8109375 0.18515625 0.02421875 0.03046875
0 0.73828125 0.125 0.01953125 0.03046875
0 0.271875 0.021875 0.015625 0.028125
0 0.33828125 0.8234375 0.0609375 0.1109375
0 0.421875 0.2609375 0.02578125 0.04140625
0 0.8328125 0.359375 0.03359375 0.0609375
0 0.68203125 0.07578125 0.01953125 0.02265625
0 0.3046875 0.09453125 0.01484375 0.0328125
0 0.1890625 0.221875 0.0328125 0.04453125
0 0.18046875 0.0125 0.0171875 0.025
0 0.8265625 0.28671875 0.03125 0.04609375
0 0.07109375 0.80625 0.06015625 0.10625
0 0.47890625 0.01171875 0.0140625 0.0234375
0 0.28203125 0.178125 0.021875 0.0375
0 0.4421875 0.75859375 0.05625 0.0875
0 0.5015625 0.2890625 0.0296875 0.04296875
0 0.1921875 0.74375 0.05703125 0.09609375
0 0.14296875 0.15390625 0.02421875 0.03984375
0 0.71953125 0.60546875 0.03828125 0.0625
0 0.4359375 0.50703125 0.04453125 0.07421875
0 0.1453125 0.0171875 0.02265625 0.034375
0 0.27109375 0.06171875 0.015625 0.03046875
0 0.33984375 0.12265625 0.021875 0.0390625
0 0.07265625 0.28203125 0.03671875 0.040625
0 0.7109375 0.0703125 0.0203125 0.025
0 0.15859375 0.178125 0.02890625 0.04296875
0 0.2984375 0.69609375 0.04765625 0.071875
0 0.19296875 0.0859375 0.01640625 0.03125
0 0.684375 0.04921875 0.01875 0.02578125
0 0.28125 0.1265625 0.015625 0.028125
0 0.5703125 0.0296875 0.01953125 0.03203125
0 0.43125 0.01875 0.01484375 0.02421875
0 0.12578125 0.23515625 0.03046875 0.0390625
0 0.815625 0.55625 0.040625 0.05234375
0 0.54296875 0.04140625 0.01953125 0.02890625
0 0.21953125 0.01328125 0.01796875 0.025
0 0.5328125 0.01015625 0.01640625 0.0203125
0 0.665625 0.52265625 0.03515625 0.05390625
0 0.24453125 0.20078125 0.028125 0.03828125
0 0.71328125 0.13515625 0.02109375 0.0296875
0 0.1 0.94296875 0.06640625 0.109375
0 0.71015625 0.02265625 0.01640625 0.02109375
0 0.66171875 0.63671875 0.0390625 0.06796875
0 0.20859375 0.1015625 0.01953125 0.034375
0 0.3953125 0.02421875 0.01328125 0.02890625
0 0.24453125 0.0890625 0.0171875 0.03515625
0 0.0890625 0.05234375 0.01953125 0.03359375
0 0.14140625 0.071875 0.02109375 0.028125
0 0.3953125 0.63671875 0.04375 0.07578125
0 0.0140625 0.3015625 0.028125 0.03984375
0 0.753125 0.26015625 0.0265625 0.04140625
0 0.075 0.12265625 0.02578125 0.0359375
0 0.2953125 0.04140625 0.01640625 0.03203125
0 0.16015625 0.625 0.053125 0.0859375
0 0.940625 0.721875 0.04375 0.0671875
0 0.29375 0.084375 0.0140625 0.02890625
0 0.41015625 0.03203125 0.01484375 0.0265625
0 0.30078125 0.19375 0.02421875 0.03671875
0 0.01328125 0.340625 0.02578125 0.04765625
0 0.31015625 0.1515625 0.02109375 0.0375
0 0.05546875 0.2296875 0.03515625 0.03828125
0 0.28125 0.075 0.0140625 0.0265625
0 0.05546875 0.059375 0.0171875 0.025
0 0.76953125 0.12265625 0.01875 0.02578125
0 0.103125 0.075 0.02109375 0.0296875
0 0.21640625 0.06015625 0.01640625 0.02734375
0 0.49453125 0.8859375 0.053125 0.0890625
0 0.64765625 0.95625 0.04375 0.084375
0 0.25390625 0.15 0.01953125 0.03203125
0 0.2234375 0.11953125 0.02109375 0.0375
0 0.11484375 0.2078125 0.034375 0.04921875
0 0.61484375 0.4515625 0.0328125 0.04609375
0 0.6671875 0.4421875 0.0359375 0.0515625
0 0.85078125 0.79921875 0.05234375 0.08984375
0 0.2046875 0.15546875 0.021875 0.0390625
0 0.346875 0.0375 0.01484375 0.02890625
0 0.24140625 0.00703125 0.0140625 0.0140625
0 0.28515625 0.03203125 0.01328125 0.02421875
0 0.3203125 0.02109375 0.0140625 0.02734375
0 0.9765625 0.88125 0.04609375 0.12890625
0 0.3 0.046875 0.0140625 0.0265625
0 0.8578125 0.5265625 0.03515625 0.053125
0 0.17578125 0.19921875 0.0265625 0.03671875
0 0.1 0.18203125 0.03046875 0.040625
0 0.36796875 0.015625 0.0140625 0.0265625
0 0.01171875 0.27265625 0.0234375 0.02890625
0 0.2328125 0.18046875 0.02578125 0.03671875
0 0.61015625 0.009375 0.01640625 0.01796875
0 0.87421875 0.97890625 0.05234375 0.0421875
0 0.16953125 0.11640625 0.02109375 0.03671875
0 0.828125 0.67109375 0.0453125 0.07265625
0 0.215625 0.1703125 0.02421875 0.0421875
0 0.2578125 0.0109375 0.0140625 0.0203125
0 0.11953125 0.04453125 0.01953125 0.0265625
0 0.10703125 0.0140625 0.01796875 0.02109375
0 0.9046875 0.77421875 0.053125 0.10234375
0 0.18359375 0.14140625 0.021875 0.03984375
0 0.65625 0.78359375 0.04609375 0.0734375
0 0.171875 0.00859375 0.01796875 0.01640625
0 0.6625 0.0078125 0.015625 0.015625
0 0.54921875 0.01953125 0.0171875 0.025
0 0.29375 0.00859375 0.01796875 0.0171875
0 0.6625 0.02578125 0.01640625 0.02265625
0 0.09140625 0.15546875 0.03046875 0.03828125
0 0.684375 0.021875 0.01484375 0.0203125
0 0.13046875 0.1265625 0.02421875 0.03828125
0 0.6390625 0.0078125 0.01875 0.015625
0 0.2328125 0.0734375 0.01640625 0.0296875
0 0.22421875 0.88046875 0.06015625 0.0984375
0 0.74765625 0.15859375 0.02265625 0.03359375
0 0.06796875 0.2546875 0.03203125 0.034375
0 0.584375 0.83515625 0.04296875 0.09453125
0 0.521875 0.7078125 0.0453125 0.08984375
0 0.3546875 0.54921875 0.03984375 0.0703125
0 0.7953125 0.859375 0.0484375 0.09140625
0 0.95546875 0.57109375 0.0296875 0.0703125