0 0.91796875 0.81328125 0.0640625 0.09921875
0 0.7796875 0.93359375 0.06953125 0.10703125
0 0.95859375 0.4875 0.04765625 0.09375
0 0.834375 0.5921875 0.07265625 0.13359375
0 0.69453125 0.7203125 0.07265625 0.13203125
0 0.54375 0.85625 0.0640625 0.1203125
0 0.1796875 0.92265625 0.0546875 0.125
0 0.32265625 0.7703125 0.07421875 0.12265625
0 0.48984375 0.64375 0.071875 0.14765625
0 0.628125 0.5296875 0.078125 0.14609375
0 0.7625 0.4109375 0.08203125 0.13046875
0 0.878125 0.325 0.05078125 0.0875
0 0.97578125 0.23828125 0.0484375 0.0953125
0 0.9203125 0.10546875 0.0578125 0.11796875
0 0.82109375 0.17421875 0.065625 0.109375
0 0.70859375 0.26640625 0.07890625 0.1234375
0 0.57734375 0.35859375 0.0671875 0.1265625
0 0.43671875 0.45546875 0.06953125 0.11875
0 0.2953125 0.5890625 0.0734375 0.1265625
0 0.14375 0.71015625 0.07734375 0.13125
0 0.7609375 0.0546875 0.06640625 0.084375
0 0.6484375 0.11484375 0.06171875 0.10859375
0 0.52890625 0.1828125 0.0578125 0.0828125
0 0.3890625 0.29765625 0.071875 0.121875
0 0.2640625 0.39609375 0.07734375 0.121875
0 0.115625 0.51640625 0.0765625 0.12734375
0 0.471875 0.065625 0.05546875 0.09765625
0 0.35546875 0.1578125 0.07734375 0.1328125
0 0.309375 0.0484375 0.06484375 0.096875
0 0.21953125 0.25859375 0.06015625 0.125
0 0.19375 0.13125 0.07265625 0.12421875
0 0.0890625 0.34609375 0.071875 0.14140625
0 0.05703125 0.22265625 0.06640625 0.121875
0 0.0375 0.0859375 0.071875 0.11484375