0 0.15234375 0.72890625 0.084375 0.2015625
0 0.0796875 0.57109375 0.0890625 0.18984375
0 0.11875 0.37890625 0.08125 0.159375
0 0.06796875 0.2671875 0.07890625 0.134375
0 0.025 0.1796875 0.04921875 0.14140625
0 0.0578125 0.07890625 0.0640625 0.1125
0 0.103125 0.1390625 0.04453125 0.075
0 0.14140625 0.0421875 0.05546875 0.084375
0 0.19921875 0.09375 0.0671875 0.11640625
0 0.271875 0.05078125 0.04765625 0.08203125
0 0.33984375 0.13125 0.053125 0.11015625
0 0.25234375 0.1796875 0.04453125 0.08515625
0 0.23203125 0.32109375 0.0671875 0.12890625
0 0.16484375 0.23203125 0.0578125 0.1109375
0 0.1953125 0.48671875 0.07890625 0.1671875
0 0.3015625 0.4421875 0.0734375 0.15
0 0.42265625 0.08828125 0.06484375 0.10546875
0 0.49609375 0.1578125 0.075 0.13125
0 0.64296875 0.04921875 0.0609375 0.0984375
0 0.56875 0.1078125 0.0515625 0.08828125
0 0.4171875 0.21015625 0.0734375 0.109375
0 0.4890625 0.28984375 0.0703125 0.1171875
0 0.39375 0.53671875 0.08359375 0.16484375
0 0.278125 0.640625 0.07890625 0.16015625
0 0.3796875 0.778125 0.1046875 0.23046875
0 0.24609375 0.91015625 0.11875 0.17734375
0 0.49765625 0.66875 0.0921875 0.15546875
0 0.6140625 0.83671875 0.0875 0.1703125
0 0.7359375 0.7328125 0.1046875 0.1703125
0 0.6125 0.596875 0.1046875 0.1828125
0 0.5 0.45234375 0.09140625 0.1515625
0 0.59921875 0.39296875 0.10390625 0.1625
0 0.58203125 0.2234375 0.06484375 0.1359375
0 0.66640625 0.1625 0.065625 0.11171875
0 0.72578125 0.10546875 0.07109375 0.1203125
0 0.80234375 0.04453125 0.05546875 0.0890625
0 0.9609375 0.05625 0.078125 0.1125
0 0.90234375 0.11015625 0.07421875 0.12109375
0 0.83359375 0.18046875 0.09453125 0.1421875
0 0.75625 0.25078125 0.07421875 0.1296875
0 0.68203125 0.31796875 0.08125 0.1359375
0 0.70703125 0.51328125 0.11171875 0.1734375
0 0.784375 0.41953125 0.0796875 0.11953125
0 0.859375 0.3484375 0.07109375 0.13828125
0 0.93984375 0.26875 0.0734375 0.14609375
0 0.97265625 0.4578125 0.05390625 0.1484375
0 0.9078125 0.53203125 0.09921875 0.178125
0 0.834375 0.62109375 0.103125 0.15390625
0 0.8703125 0.896875 0.128125 0.19609375
0 0.95546875 0.79140625 0.08515625 0.22578125