0 0.25234375 0.8359375 0.0953125 0.1953125
0 0.16875 0.66640625 0.10703125 0.18828125
0 0.08046875 0.528125 0.0859375 0.178125
0 0.03046875 0.40234375 0.05703125 0.1140625
0 0.03515625 0.80078125 0.06953125 0.1671875
0 0.0203125 0.18515625 0.040625 0.14140625
0 0.059375 0.05859375 0.0640625 0.1015625
0 0.13515625 0.03359375 0.06015625 0.0671875
0 0.1171875 0.13359375 0.05546875 0.10390625
0 0.0640625 0.265625 0.0546875 0.09140625
0 0.11953125 0.3578125 0.05390625 0.0859375
0 0.171875 0.21328125 0.06953125 0.1265625
0 0.196875 0.08828125 0.0703125 0.1109375
0 0.27421875 0.053125 0.059375 0.10625
0 0.42109375 0.08203125 0.06640625 0.09609375
0 0.34609375 0.1125 0.0640625 0.1
0 0.25546875 0.14921875 0.05546875 0.10703125
0 0.2390625 0.290625 0.0640625 0.11796875
0 0.32265625 0.23828125 0.078125 0.15625
0 0.4140625 0.18984375 0.0875 0.1125
0 0.49453125 0.134375 0.05078125 0.10234375
0 0.5046875 0.0390625 0.05625 0.078125
0 0.5765625 0.103125 0.08359375 0.11171875
0 0.6515625 0.0546875 0.0578125 0.109375
0 0.20234375 0.4453125 0.08671875 0.1421875
0 0.31171875 0.3828125 0.0796875 0.13125
0 0.40859375 0.3296875 0.07734375 0.13828125
0 0.4984375 0.2765625 0.07578125 0.12890625
0 0.58203125 0.21953125 0.07109375 0.13359375
0 0.6640625 0.17265625 0.05546875 0.090625
0 0.74453125 0.11953125 0.075 0.11953125
0 0.8 0.075 0.0390625 0.0875
0 0.86328125 0.0375 0.0625 0.075
0 0.28828125 0.56953125 0.11796875 0.1953125
0 0.4015625 0.5 0.0953125 0.175
0 0.51015625 0.434375 0.08359375 0.13828125
0 0.590625 0.36640625 0.08515625 0.16015625
0 0.6859375 0.31015625 0.10234375 0.1703125
0 0.76171875 0.2625 0.07265625 0.13828125
0 0.8375 0.20546875 0.06015625 0.0859375
0 0.8984375 0.14296875 0.07265625 0.10859375
0 0.9609375 0.0984375 0.0578125 0.10078125
0 0.878125 0.3578125 0.0640625 0.16171875
0 0.79140625 0.4140625 0.08359375 0.159375
0 0.70703125 0.48203125 0.06953125 0.153125
0 0.615625 0.5578125 0.0859375 0.14296875
0 0.51875 0.62578125 0.08828125 0.15078125
0 0.38671875 0.72578125 0.096875 0.21328125
0 0.5265625 0.8859375 0.10625 0.14765625
0 0.63515625 0.8046875 0.15078125 0.2125
0 0.73828125 0.70546875 0.075 0.17109375
0 0.840625 0.6234375 0.109375 0.1703125
0 0.91953125 0.55625 0.09296875 0.17890625
0 0.9 0.89609375 0.10703125 0.1859375