0 0.146875 0.4015625 0.04296875 0.06796875
0 0.115625 0.4328125 0.04765625 0.06640625
0 0.07578125 0.48203125 0.0484375 0.0671875
0 0.0265625 0.53125 0.053125 0.07578125
0 0.22109375 0.4 0.04609375 0.071875
0 0.19140625 0.4421875 0.05078125 0.0515625
0 0.16953125 0.4921875 0.05859375 0.05078125
0 0.14453125 0.5421875 0.0625 0.08203125
0 0.09375 0.60546875 0.0453125 0.096875
0 0.040625 0.69453125 0.08125 0.1109375
0 0.3046875 0.4140625 0.05625 0.0578125
0 0.2765625 0.4609375 0.05390625 0.08515625
0 0.234375 0.54453125 0.05078125 0.078125
0 0.28515625 0.5515625 0.0359375 0.078125
0 0.21328125 0.6109375 0.06015625 0.078125
0 0.15234375 0.6203125 0.03828125 0.05078125
0 0.184375 0.70390625 0.08515625 0.084375
0 0.13203125 0.80078125 0.071875 0.1234375
0 0.0890625 0.9234375 0.0984375 0.14375
0 0.3765625 0.48828125 0.0578125 0.071875
0 0.35625 0.5453125 0.0578125 0.0609375
0 0.340625 0.62265625 0.06328125 0.090625
0 0.315625 0.71484375 0.08046875 0.11171875
0 0.2875 0.81875 0.08046875 0.11484375
0 0.25703125 0.93125 0.07734375 0.10703125
0 0.4546875 0.94140625 0.09296875 0.0984375
0 0.4640625 0.82109375 0.07890625 0.1375
0 0.4640625 0.703125 0.07578125 0.09140625
0 0.45234375 0.61953125 0.065625 0.075
0 0.44921875 0.459375 0.03828125 0.0765625
0 0.48515625 0.53984375 0.05625 0.11875
0 0.59296875 0.5421875 0.06015625 0.115625
0 0.59609375 0.6296875 0.065625 0.078125
0 0.60703125 0.7234375 0.07890625 0.09921875
0 0.628125 0.84765625 0.07578125 0.15
0 0.64765625 0.9546875 0.09921875 0.075
0 0.6734375 0.47734375 0.03515625 0.04296875
0 0.7125 0.55390625 0.08359375 0.09140625
0 0.7328125 0.65078125 0.07890625 0.08984375
0 0.771875 0.75 0.09453125 0.103125
0 0.8046875 0.85390625 0.0921875 0.103125
0 0.846875 0.9484375 0.13671875 0.08046875
0 0.94921875 0.86640625 0.078125 0.14296875
0 0.8953125 0.74140625 0.0875 0.11640625
0 0.86015625 0.6453125 0.0578125 0.075
0 0.8125 0.5703125 0.04453125 0.06875
0 0.8015625 0.5109375 0.05859375 0.05546875
0 0.76953125 0.48515625 0.02421875 0.0390625
0 0.90390625 0.525 0.0609375 0.0703125
0 0.9359375 0.59296875 0.05625 0.071875
0 0.9234375 0.65 0.0515625 0.0796875
0 0.97734375 0.65703125 0.0453125 0.0890625
0 0.9578125 0.47109375 0.05078125 0.07890625