0 0.271875 0.84921875 0.09921875 0.1359375
0 0.04296875 0.78359375 0.075 0.15078125
0 0.1578125 0.6671875 0.07109375 0.1109375
0 0.096875 0.55859375 0.05625 0.14140625
0 0.03359375 0.421875 0.0671875 0.128125
0 0.08828125 0.27421875 0.04765625 0.09765625
0 0.03515625 0.18359375 0.04375 0.09375
0 0.03125 0.03671875 0.0390625 0.0734375
0 0.065625 0.084375 0.0390625 0.0828125
0 0.1578125 0.046875 0.04921875 0.0796875
0 0.13046875 0.1390625 0.0546875 0.0875
0 0.2203125 0.115625 0.059375 0.09296875
0 0.19765625 0.21640625 0.05078125 0.09609375
0 0.14921875 0.353125 0.040625 0.090625
0 0.2203125 0.46015625 0.04375 0.11484375
0 0.30078125 0.57109375 0.0765625 0.09453125
0 0.4140625 0.74453125 0.10625 0.11484375
0 0.52890625 0.91171875 0.08515625 0.128125
0 0.66015625 0.75625 0.06875 0.17109375
0 0.78671875 0.68828125 0.08046875 0.13203125
0 0.92265625 0.8421875 0.0875 0.1203125
0 0.8921875 0.60625 0.0734375 0.121875
0 0.753125 0.478125 0.07578125 0.11328125
0 0.52265625 0.62421875 0.06484375 0.1203125
0 0.42265625 0.49609375 0.06015625 0.096875
0 0.33515625 0.37734375 0.0625 0.11484375
0 0.2640625 0.30703125 0.065625 0.115625
0 0.284375 0.18046875 0.06015625 0.0765625
0 0.24921875 0.03125 0.03828125 0.0625
0 0.3046875 0.07578125 0.05234375 0.07421875
0 0.3734375 0.134375 0.05546875 0.078125
0 0.390625 0.0421875 0.05234375 0.06953125
0 0.45390625 0.09140625 0.05625 0.0921875
0 0.54375 0.05078125 0.04921875 0.090625
0 0.7 0.05625 0.07734375 0.0984375
0 0.7640625 0.03359375 0.040625 0.0671875
0 0.6265625 0.11328125 0.06171875 0.07890625
0 0.540625 0.1546875 0.06171875 0.08671875
0 0.45390625 0.20390625 0.05625 0.11328125
0 0.36640625 0.24609375 0.05 0.09765625
0 0.46796875 0.021875 0.0546875 0.04375
0 0.4359375 0.33359375 0.06875 0.1078125
0 0.5375 0.28125 0.0703125 0.1171875
0 0.628125 0.21796875 0.06328125 0.12265625
0 0.55 0.42734375 0.06875 0.10546875
0 0.9640625 0.503125 0.071875 0.14765625
0 0.8484375 0.41484375 0.0671875 0.1234375
0 0.91953125 0.35703125 0.07890625 0.1171875
0 0.6375 0.3609375 0.06640625 0.11015625
0 0.73515625 0.29296875 0.07109375 0.125
0 0.8078125 0.24921875 0.0703125 0.1125
0 0.8859375 0.203125 0.0796875 0.10703125
0 0.96484375 0.15 0.06640625 0.11484375
0 0.71640625 0.16328125 0.06640625 0.11484375
0 0.78203125 0.12578125 0.06015625 0.09453125
0 0.86015625 0.09609375 0.04609375 0.1015625
0 0.91796875 0.0765625 0.046875 0.0921875
0 0.971875 0.05 0.05625 0.0890625