0 0.9421875 0.0234375 0.0484375 0.046875
0 0.96875 0.07265625 0.05078125 0.0625
0 0.85703125 0.0265625 0.05703125 0.05234375
0 0.88203125 0.08515625 0.06171875 0.05703125
0 0.90703125 0.15546875 0.06953125 0.0953125
0 0.95078125 0.24140625 0.0421875 0.0515625
0 0.98046875 0.3328125 0.03359375 0.059375
0 0.771875 0.03046875 0.0609375 0.0609375
0 0.79375 0.08828125 0.06328125 0.08203125
0 0.8171875 0.16953125 0.04140625 0.0671875
0 0.84296875 0.25703125 0.0265625 0.03828125
0 0.8734375 0.3546875 0.0515625 0.04921875
0 0.9109375 0.46796875 0.02890625 0.03828125
0 0.96796875 0.6078125 0.046875 0.065625
0 0.6890625 0.0453125 0.0421875 0.05859375
0 0.70234375 0.10390625 0.03984375 0.065625
0 0.721875 0.18125 0.04921875 0.07265625
0 0.7421875 0.26953125 0.04140625 0.053125
0 0.76484375 0.37109375 0.0375 0.05390625
0 0.79453125 0.48125 0.05 0.05390625
0 0.8234375 0.621875 0.0421875 0.053125
0 0.86484375 0.79140625 0.04765625 0.078125
0 0.6109375 0.05625 0.04375 0.07421875
0 0.6171875 0.12421875 0.0484375 0.06796875
0 0.62734375 0.19375 0.0484375 0.0640625
0 0.640625 0.29296875 0.02734375 0.0421875
0 0.65859375 0.39375 0.03828125 0.05
0 0.66953125 0.50234375 0.0359375 0.05
0 0.6890625 0.64296875 0.05625 0.06953125
0 0.71328125 0.81484375 0.05234375 0.0734375
0 0.5265625 0.02109375 0.02734375 0.0421875
0 0.52734375 0.06953125 0.0375 0.0609375
0 0.5296875 0.13359375 0.04765625 0.06796875
0 0.5390625 0.21015625 0.04375 0.0546875
0 0.54296875 0.29921875 0.03828125 0.0546875
0 0.55078125 0.396875 0.03046875 0.03828125
0 0.55390625 0.5140625 0.0421875 0.0578125
0 0.55859375 0.65625 0.05078125 0.06640625
0 0.571875 0.83671875 0.04609375 0.0828125
0 0.45546875 0.021875 0.03671875 0.03828125
0 0.45 0.0765625 0.046875 0.0515625
0 0.44765625 0.140625 0.04296875 0.06640625
0 0.446875 0.22421875 0.059375 0.07734375
0 0.446875 0.31171875 0.04765625 0.0640625
0 0.44296875 0.409375 0.03515625 0.0578125
0 0.43671875 0.528125 0.02734375 0.05078125
0 0.4296875 0.67578125 0.0453125 0.0578125
0 0.42734375 0.83359375 0.05546875 0.07421875
0 0.38359375 0.0359375 0.03125 0.04765625
0 0.37578125 0.08984375 0.03515625 0.05
0 0.3640625 0.1609375 0.0390625 0.0671875
0 0.35625 0.23828125 0.0546875 0.07578125
0 0.353125 0.32421875 0.0453125 0.05703125
0 0.33828125 0.425 0.0484375 0.06328125
0 0.32265625 0.5421875 0.04921875 0.0609375
0 0.3125 0.684375 0.0546875 0.06875
0 0.290625 0.85625 0.05390625 0.06875
0 0.309375 0.04921875 0.02578125 0.02890625
0 0.296875 0.1015625 0.04140625 0.0671875
0 0.284375 0.171875 0.0453125 0.06328125
0 0.2703125 0.24453125 0.04609375 0.05859375
0 0.25546875 0.33515625 0.03828125 0.0625
0 0.23125 0.43359375 0.0453125 0.06328125
0 0.21328125 0.5546875 0.03515625 0.0625
0 0.1859375 0.69765625 0.03125 0.05703125
0 0.15390625 0.8796875 0.04609375 0.08203125
0 0.25078125 0.01328125 0.0328125 0.0265625
0 0.23125 0.0609375 0.03046875 0.04765625
0 0.215625 0.11875 0.04140625 0.06171875
0 0.20234375 0.18671875 0.04609375 0.0703125
0 0.1828125 0.2578125 0.03828125 0.07421875
0 0.1625 0.34921875 0.0328125 0.05625
0 0.1375 0.44765625 0.059375 0.078125
0 0.10625 0.57109375 0.05078125 0.06875
0 0.06875 0.71328125 0.05703125 0.08515625
0 0.0171875 0.89765625 0.034375 0.0828125
0 0.06953125 0.365625 0.03125 0.05
0 0.03203125 0.46796875 0.0421875 0.0578125