0 0.15 0.021875 0.08125 0.03671875
0 0.0671875 0.0765625 0.1265625 0.04453125
0 0.1984375 0.0796875 0.08671875 0.0578125
0 0.11796875 0.13828125 0.10390625 0.06484375
0 0.03359375 0.2171875 0.0671875 0.06875
0 0.14375 0.21015625 0.0984375 0.0734375
0 0.2359375 0.146875 0.09453125 0.06640625
0 0.2703125 0.20625 0.078125 0.0640625
0 0.2953125 0.0828125 0.10078125 0.05625
0 0.25390625 0.025 0.09765625 0.05
0 0.346875 0.02578125 0.1015625 0.0515625
0 0.45 0.025 0.1 0.05
0 0.4078125 0.084375 0.10546875 0.06484375
0 0.340625 0.140625 0.08671875 0.075
0 0.371875 0.203125 0.09609375 0.084375
0 0.45390625 0.15703125 0.115625 0.06796875
0 0.490625 0.22265625 0.11796875 0.0625
0 0.32578125 0.27578125 0.11015625 0.059375
0 0.20859375 0.26953125 0.08828125 0.05546875
0 0.06796875 0.28359375 0.11796875 0.05234375
0 0.13984375 0.35 0.1046875 0.08359375
0 0.0640625 0.44140625 0.10234375 0.084375
0 0.271875 0.3453125 0.08671875 0.06328125
0 0.38515625 0.34921875 0.08203125 0.05859375
0 0.44453125 0.2875 0.08046875 0.05703125
0 0.55 0.29140625 0.09296875 0.05078125
0 0.5 0.35234375 0.12421875 0.0734375
0 0.45078125 0.4265625 0.1203125 0.0640625
0 0.33515625 0.4125 0.0765625 0.07109375
0 0.23125 0.475 0.15 0.13828125
0 0.1625 0.52578125 0.071875 0.0625
0 0.2046875 0.61171875 0.09140625 0.07734375
0 0.06953125 0.615625 0.08671875 0.0703125
0 0.1296875 0.69609375 0.11796875 0.07109375
0 0.05234375 0.78515625 0.1046875 0.07109375
0 0.19375 0.775 0.0984375 0.0625
0 0.1375 0.87734375 0.11484375 0.0875
0 0.25703125 0.86328125 0.1015625 0.06484375
0 0.3125 0.96015625 0.11171875 0.0625
0 0.1609375 0.96484375 0.1234375 0.0703125
0 0.37265625 0.85546875 0.10078125 0.0640625
0 0.45390625 0.9375 0.10703125 0.065625
0 0.59296875 0.94296875 0.11953125 0.071875
0 0.72421875 0.9390625 0.1125 0.0796875
0 0.8421875 0.9359375 0.10703125 0.09375
0 0.95390625 0.93828125 0.0921875 0.0984375
0 0.975 0.8546875 0.04921875 0.06640625
0 0.88359375 0.85703125 0.0953125 0.06953125
0 0.775 0.85703125 0.103125 0.065625
0 0.64140625 0.85078125 0.09375 0.07578125
0 0.54140625 0.8625 0.1328125 0.09296875
0 0.45859375 0.77890625 0.10859375 0.1
0 0.32265625 0.7703125 0.09765625 0.0796875
0 0.271875 0.690625 0.1140625 0.0703125
0 0.3953125 0.68671875 0.1078125 0.0734375
0 0.328125 0.60390625 0.090625 0.07578125
0 0.446875 0.58046875 0.09921875 0.08203125
0 0.50859375 0.67578125 0.1046875 0.07109375
0 0.63515625 0.675 0.1078125 0.0796875
0 0.5734375 0.7671875 0.1109375 0.07890625
0 0.71015625 0.76875 0.11875 0.07421875
0 0.815625 0.7734375 0.0984375 0.11015625
0 0.93671875 0.77421875 0.10234375 0.078125
0 0.8875 0.69453125 0.11484375 0.075
0 0.7625 0.6890625 0.1203125 0.08984375
0 0.58125 0.596875 0.11796875 0.07890625
0 0.5296875 0.50546875 0.10546875 0.07890625
0 0.371875 0.50703125 0.13671875 0.08984375
0 0.63125 0.509375 0.0953125 0.0796875
0 0.746875 0.5265625 0.09609375 0.0703125
0 0.7140625 0.60859375 0.08984375 0.06953125
0 0.815625 0.61171875 0.0890625 0.07734375
0 0.9515625 0.63671875 0.05546875 0.06953125
0 0.575 0.43203125 0.08828125 0.07890625
0 0.6875 0.440625 0.109375 0.07265625
0 0.6234375 0.3640625 0.11015625 0.059375
0 0.78671875 0.4234375 0.08125 0.06796875
0 0.609375 0.2109375 0.11171875 0.0765625
0 0.73671875 0.18984375 0.11796875 0.07421875
0 0.8421875 0.14921875 0.078125 0.0625
0 0.834375 0.28984375 0.09609375 0.08125
0 0.87265625 0.0359375 0.090625 0.0515625
0 0.65 0.10078125 0.1359375 0.0703125
0 0.89140625 0.3953125 0.1 0.090625