0 0.94765625 0.30625 0.1046875 0.1953125
0 0.940625 0.13359375 0.09140625 0.13046875
0 0.790625 0.6109375 0.19921875 0.309375
0 0.8140625 0.34140625 0.1515625 0.21796875
0 0.8046875 0.140625 0.13046875 0.21640625
0 0.64921875 0.171875 0.1328125 0.17890625
0 0.53828125 0.0609375 0.1 0.121875
0 0.603125 0.3828125 0.16953125 0.23203125
0 0.471875 0.20546875 0.128125 0.20234375
0 0.37578125 0.084375 0.090625 0.16484375
0 0.509375 0.65390625 0.25625 0.4421875
0 0.37421875 0.4203125 0.16171875 0.25234375
0 0.2828125 0.24609375 0.134375 0.2109375
0 0.21796875 0.128125 0.10234375 0.1640625
0 0.16875 0.0484375 0.08984375 0.096875
0 0.18359375 0.84375 0.23125 0.309375
0 0.09140625 0.47734375 0.1828125 0.2984375