0 0.12421875 0.92421875 0.09140625 0.1359375
0 0.084375 0.76640625 0.06796875 0.153125
0 0.07109375 0.628125 0.046875 0.1046875
0 0.0546875 0.51640625 0.07109375 0.109375
0 0.04453125 0.40390625 0.065625 0.09921875
0 0.3140625 0.9421875 0.07109375 0.115625
0 0.2640625 0.79765625 0.08828125 0.16015625
0 0.23203125 0.63984375 0.08046875 0.12734375
0 0.19765625 0.50703125 0.05625 0.09375
0 0.4734375 0.8171875 0.084375 0.12734375
0 0.690625 0.8703125 0.13515625 0.1671875
0 0.91875 0.92578125 0.11640625 0.14765625
0 0.8296875 0.6921875 0.0875 0.11875
0 0.9453125 0.57734375 0.08203125 0.15859375
0 0.6046875 0.65078125 0.09453125 0.13203125
0 0.41796875 0.63046875 0.0859375 0.16484375
0 0.3578125 0.49921875 0.065625 0.1109375
0 0.53203125 0.5 0.0671875 0.115625
0 0.74609375 0.525 0.06328125 0.12109375
0 0.8328125 0.4140625 0.0703125 0.11640625
0 0.95703125 0.3359375 0.0859375 0.1453125
0 0.875 0.21015625 0.0578125 0.08203125
0 0.76796875 0.29375 0.071875 0.08359375
0 0.6578125 0.3859375 0.08671875 0.1140625
0 0.48359375 0.3953125 0.0546875 0.09140625
0 0.59609375 0.27734375 0.06171875 0.09296875
0 0.43984375 0.2703125 0.0578125 0.11484375
0 0.32265625 0.38984375 0.04921875 0.09453125
0 0.1796875 0.40078125 0.07734375 0.0921875
0 0.15859375 0.30703125 0.053125 0.0890625
0 0.2890625 0.296875 0.05859375 0.0953125
0 0.396875 0.19453125 0.06171875 0.0875
0 0.36640625 0.10234375 0.0453125 0.07578125
0 0.33671875 0.05390625 0.03359375 0.05625
0 0.2578125 0.20625 0.05625 0.07890625
0 0.1328125 0.2265625 0.04765625 0.06328125
0 0.02734375 0.3140625 0.0546875 0.06953125
0 0.02421875 0.2359375 0.04609375 0.08046875
0 0.12265625 0.16484375 0.05390625 0.059375
0 0.10625 0.096875 0.04140625 0.0625
0 0.09375 0.0328125 0.0328125 0.06015625
0 0.1921875 0.025 0.04375 0.05
0 0.22421875 0.0859375 0.040625 0.065625
0 0.240625 0.13671875 0.0421875 0.059375
0 0.46328125 0.0421875 0.06171875 0.08125
0 0.50546875 0.09765625 0.0484375 0.0734375
0 0.5421875 0.15 0.05234375 0.10234375
0 0.603125 0.03515625 0.05078125 0.06953125
0 0.6484375 0.10703125 0.05078125 0.08125
0 0.703125 0.19296875 0.05703125 0.0828125
0 0.74375 0.05390625 0.04921875 0.08515625
0 0.8046875 0.12734375 0.05234375 0.103125
0 0.8375 0.0296875 0.040625 0.059375
0 0.9 0.07578125 0.06015625 0.0890625
0 0.96796875 0.1609375 0.04921875 0.09140625
0 0.9703125 0.03515625 0.046875 0.0703125