0 0.90390625 0.696875 0.065625 0.10234375
0 0.78828125 0.8046875 0.07109375 0.1375
0 0.64921875 0.940625 0.08359375 0.11796875
0 0.921875 0.4484375 0.06640625 0.12890625
0 0.8328125 0.5046875 0.065625 0.13359375
0 0.73984375 0.59453125 0.078125 0.15
0 0.60859375 0.70546875 0.06953125 0.15390625
0 0.44765625 0.81796875 0.08046875 0.15234375
0 0.9671875 0.25078125 0.05 0.0890625
0 0.88359375 0.28046875 0.0578125 0.1015625
0 0.78671875 0.35703125 0.06640625 0.1171875
0 0.66953125 0.43828125 0.0640625 0.12578125
0 0.5484375 0.51484375 0.0734375 0.15859375
0 0.40234375 0.6078125 0.08671875 0.146875
0 0.24765625 0.73671875 0.06875 0.15078125
0 0.0921875 0.86484375 0.0875 0.1546875
0 0.97109375 0.08515625 0.0453125 0.096875
0 0.903125 0.13125 0.05078125 0.08125
0 0.84375 0.03984375 0.0515625 0.07890625
0 0.8203125 0.18203125 0.06484375 0.1140625
0 0.76875 0.07890625 0.059375 0.11015625
0 0.71953125 0.22890625 0.06171875 0.11875
0 0.66484375 0.134375 0.06484375 0.09609375
0 0.61015625 0.040625 0.059375 0.08046875
0 0.6078125 0.31015625 0.0734375 0.13125
0 0.48984375 0.3734375 0.075 0.125
0 0.35234375 0.4703125 0.08515625 0.13359375
0 0.20703125 0.56875 0.0921875 0.17109375
0 0.06015625 0.690625 0.08203125 0.14609375
0 0.5484375 0.18828125 0.0734375 0.11015625
0 0.503125 0.071875 0.06328125 0.1
0 0.4375 0.2453125 0.071875 0.1171875
0 0.3890625 0.128125 0.0484375 0.096875
0 0.365625 0.046875 0.05 0.09375
0 0.32109375 0.3140625 0.075 0.13046875
0 0.27578125 0.2 0.06640625 0.1390625
0 0.2390625 0.11484375 0.05703125 0.1171875
0 0.17421875 0.4140625 0.0703125 0.11171875
0 0.15546875 0.28671875 0.0890625 0.14765625
0 0.11796875 0.1796875 0.078125 0.11796875
0 0.0984375 0.07421875 0.06171875 0.08828125
0 0.03671875 0.5203125 0.0734375 0.15