0 0.1171875 0.63515625 0.09765625 0.16015625
0 0.0484375 0.80703125 0.096875 0.20859375
0 0.1390625 0.93515625 0.1734375 0.1296875
0 0.21171875 0.74609375 0.109375 0.20390625
0 0.31953125 0.834375 0.1265625 0.2328125
0 0.44140625 0.95 0.1140625 0.1
0 0.58203125 0.84609375 0.11640625 0.203125
0 0.7265625 0.92890625 0.134375 0.1421875
0 0.86953125 0.85390625 0.1421875 0.18671875
0 0.7375 0.7375 0.1421875 0.1640625
0 0.9484375 0.73984375 0.103125 0.165625
0 0.8375 0.62421875 0.134375 0.1796875
0 0.93515625 0.54296875 0.09609375 0.15390625
0 0.58046875 0.615625 0.1234375 0.16796875
0 0.45703125 0.721875 0.134375 0.1484375
0 0.32890625 0.62265625 0.1109375 0.16640625
0 0.2484375 0.534375 0.10703125 0.14921875
0 0.3796875 0.44765625 0.11953125 0.13671875
0 0.475 0.52265625 0.11328125 0.1296875
0 0.14765625 0.44375 0.08984375 0.15
0 0.034375 0.51796875 0.06640625 0.153125
0 0.2734375 0.3671875 0.0859375 0.14375
0 0.39765625 0.30234375 0.07734375 0.1
0 0.4828125 0.3859375 0.0796875 0.11171875
0 0.584375 0.45078125 0.1109375 0.12421875
0 0.69296875 0.53671875 0.1078125 0.1578125
0 0.79453125 0.46328125 0.1109375 0.13828125
0 0.696875 0.38046875 0.10390625 0.13125
0 0.57890625 0.3171875 0.0953125 0.1140625
0 0.89921875 0.3890625 0.0828125 0.12421875
0 0.8140625 0.3328125 0.09296875 0.1078125
0 0.8734375 0.246875 0.0953125 0.11171875
0 0.95 0.20234375 0.09765625 0.11875
0 0.8453125 0.14609375 0.0796875 0.09765625
0 0.7625 0.1921875 0.0875 0.10703125
0 0.68359375 0.25546875 0.084375 0.11328125
0 0.58359375 0.20546875 0.10390625 0.1109375
0 0.496875 0.1484375 0.08359375 0.10625
0 0.41796875 0.09921875 0.08671875 0.08515625
0 0.346875 0.04296875 0.06875 0.0859375
0 0.43046875 0.0296875 0.06484375 0.059375
0 0.50390625 0.06875 0.06484375 0.10390625
0 0.58046875 0.10546875 0.0796875 0.10234375
0 0.590625 0.0328125 0.07890625 0.065625
0 0.67421875 0.05625 0.0828125 0.09140625
0 0.67578125 0.146875 0.07578125 0.0875
0 0.76171875 0.10703125 0.078125 0.0828125
0 0.73046875 0.02890625 0.08125 0.0578125
0 0.82578125 0.0640625 0.07265625 0.08203125
0 0.89609375 0.0296875 0.065625 0.059375
0 0.925 0.09765625 0.09296875 0.121875
0 0.975 0.06484375 0.046875 0.1296875
0 0.96875 0.3421875 0.0625 0.14609375