0 0.04375 0.78359375 0.07890625 0.1421875
0 0.040625 0.93203125 0.075 0.1359375
0 0.0390625 0.63046875 0.078125 0.14296875
0 0.02421875 0.48203125 0.04375 0.1140625
0 0.2203125 0.85859375 0.08515625 0.15625
0 0.1921875 0.6828125 0.10625 0.12890625
0 0.1734375 0.56328125 0.0890625 0.1296875
0 0.15390625 0.409375 0.08125 0.11015625
0 0.140625 0.30234375 0.065625 0.08515625
0 0.128125 0.2234375 0.06328125 0.10234375
0 0.11875 0.1296875 0.06796875 0.096875
0 0.1140625 0.04453125 0.065625 0.0890625
0 0.21484375 0.03515625 0.05859375 0.06953125
0 0.23515625 0.08828125 0.05234375 0.075
0 0.24765625 0.16328125 0.0640625 0.0796875
0 0.26796875 0.26015625 0.0609375 0.09921875
0 0.2953125 0.353125 0.0765625 0.1203125
0 0.3265625 0.465625 0.06015625 0.11640625
0 0.35078125 0.615625 0.090625 0.15234375
0 0.3875 0.75703125 0.075 0.16796875
0 0.43125 0.92734375 0.08984375 0.12109375
0 0.32890625 0.046875 0.0625 0.08046875
0 0.3640625 0.0984375 0.0578125 0.11875
0 0.38984375 0.20078125 0.0640625 0.10234375
0 0.4171875 0.28828125 0.0625 0.1203125
0 0.453125 0.396875 0.08515625 0.11328125
0 0.5 0.51953125 0.07890625 0.1453125
0 0.540625 0.6609375 0.0875 0.1421875
0 0.58984375 0.8078125 0.10703125 0.140625
0 0.83046875 0.9171875 0.1265625 0.165625
0 0.7375 0.73671875 0.075 0.18359375
0 0.684375 0.59765625 0.1015625 0.17109375
0 0.63828125 0.4515625 0.06640625 0.11328125
0 0.58984375 0.33203125 0.0890625 0.12109375
0 0.540625 0.24375 0.06875 0.12578125
0 0.503125 0.15703125 0.05546875 0.11640625
0 0.46484375 0.06796875 0.0640625 0.11640625
0 0.56328125 0.0328125 0.05 0.06484375
0 0.60546875 0.07421875 0.07109375 0.13125
0 0.64453125 0.18125 0.05625 0.103125
0 0.696875 0.26875 0.06484375 0.10625
0 0.7484375 0.3609375 0.07109375 0.1296875
0 0.809375 0.48046875 0.0921875 0.15546875
0 0.87890625 0.621875 0.0984375 0.1640625
0 0.95859375 0.7765625 0.0734375 0.2078125
0 0.9203125 0.3953125 0.0796875 0.140625
0 0.85390625 0.3 0.078125 0.12109375
0 0.7953125 0.2046875 0.07734375 0.11875
0 0.74921875 0.11875 0.0734375 0.12265625
0 0.7109375 0.04609375 0.06171875 0.08671875
0 0.8390625 0.07265625 0.0546875 0.09296875
0 0.8921875 0.15234375 0.0828125 0.0984375
0 0.91328125 0.0390625 0.0609375 0.078125
0 0.9640625 0.0828125 0.06796875 0.13828125
0 0.9609375 0.23203125 0.06484375 0.134375