0 0.2359375 0.0828125 0.06171875 0.11953125
0 0.31875 0.171875 0.06796875 0.1515625
0 0.4046875 0.26328125 0.08828125 0.175
0 0.4984375 0.06484375 0.07734375 0.1140625
0 0.59140625 0.14375 0.06640625 0.121875
0 0.69296875 0.2640625 0.08203125 0.1171875
0 0.78046875 0.3234375 0.07265625 0.15234375
0 0.865625 0.4484375 0.07109375 0.13515625
0 0.85234375 0.10625 0.0796875 0.15625
0 0.9578125 0.2125 0.08359375 0.16875
0 0.9671875 0.5484375 0.065625 0.1859375
0 0.884375 0.83671875 0.096875 0.13828125
0 0.98125 0.9375 0.0375 0.12421875
0 0.7890625 0.70703125 0.09921875 0.15078125
0 0.69296875 0.9515625 0.07734375 0.096875
0 0.57578125 0.8546875 0.0765625 0.17734375
0 0.475 0.75 0.08359375 0.16484375
0 0.38046875 0.609375 0.08203125 0.1296875
0 0.24921875 0.89765625 0.10390625 0.13671875
0 0.16640625 0.75859375 0.09375 0.146875
0 0.084375 0.6625 0.05546875 0.09765625
0 0.01953125 0.51875 0.0390625 0.159375
0 0.04296875 0.18984375 0.065625 0.1640625
0 0.12734375 0.30234375 0.0640625 0.17265625
0 0.20078125 0.4015625 0.10703125 0.21484375
0 0.309375 0.490625 0.1125 0.10703125
0 0.5015625 0.353125 0.09609375 0.1671875
0 0.5984375 0.47890625 0.09609375 0.18125
0 0.67421875 0.5984375 0.10234375 0.165625