0 0.37265625 0.81796875 0.16484375 0.24765625
0 0.221875 0.87734375 0.1359375 0.1546875
0 0.90703125 0.32734375 0.09296875 0.171875
0 0.946875 0.1921875 0.0859375 0.15625
0 0.91484375 0.04453125 0.08203125 0.08828125
0 0.859375 0.09921875 0.07421875 0.109375
0 0.81796875 0.19296875 0.0671875 0.13828125
0 0.7640625 0.06796875 0.06328125 0.11484375
0 0.67109375 0.0578125 0.071875 0.09921875
0 0.58203125 0.08828125 0.096875 0.15234375
0 0.48828125 0.17421875 0.09609375 0.10859375
0 0.62109375 0.31484375 0.08125 0.12734375
0 0.45078125 0.065625 0.065625 0.11484375
0 0.51875 0.3359375 0.1046875 0.1734375
0 0.4375 0.3421875 0.06796875 0.1671875
0 0.38359375 0.41796875 0.078125 0.17109375
0 0.1421875 0.134375 0.12265625 0.14453125
0 0.03828125 0.10625 0.0765625 0.15546875
0 0.13671875 0.33828125 0.07890625 0.11484375
0 0.11796875 0.52890625 0.11640625 0.19453125
0 0.3140625 0.05078125 0.10625 0.1015625