0 0.05859375 0.07265625 0.0546875 0.09140625
0 0.2921875 0.040625 0.0609375 0.08046875
0 0.665625 0.0671875 0.05 0.084375
0 0.8890625 0.06484375 0.0578125 0.09140625
0 0.75234375 0.03203125 0.0515625 0.0640625
0 0.5296875 0.03125 0.0546875 0.0625
0 0.71328125 0.16796875 0.05625 0.10078125
0 0.2140625 0.203125 0.05546875 0.09296875
0 0.14296875 0.53671875 0.0859375 0.13828125
0 0.6703125 0.34453125 0.04921875 0.09609375
0 0.24375 0.325 0.0625 0.09375
0 0.471875 0.18203125 0.053125 0.0828125
0 0.92578125 0.33828125 0.0671875 0.12109375
0 0.20546875 0.8734375 0.07578125 0.1296875
0 0.865625 0.2171875 0.05859375 0.1234375
0 0.4359375 0.07734375 0.046875 0.07890625
0 0.80390625 0.1109375 0.05546875 0.11484375
0 0.275 0.44921875 0.07890625 0.11875
0 0.190625 0.1046875 0.04765625 0.07109375
0 0.57109375 0.12890625 0.0453125 0.090625
0 0.3328125 0.12578125 0.05546875 0.0765625
0 0.78515625 0.62265625 0.06875 0.11328125
0 0.82578125 0.40859375 0.0734375 0.12265625
0 0.48671875 0.65078125 0.06328125 0.13046875
0 0.40390625 0.36484375 0.06171875 0.09375
0 0.0703125 0.16640625 0.0640625 0.0953125
0 0.9828125 0.46484375 0.034375 0.11328125
0 0.35625 0.246875 0.059375 0.09921875
0 0.4421875 0.49296875 0.06171875 0.0984375
0 0.76171875 0.91875 0.06953125 0.153125
0 0.35234375 0.73828125 0.071875 0.11015625
0 0.6109375 0.5609375 0.0640625 0.11953125
0 0.103125 0.27421875 0.07578125 0.1109375
0 0.11484375 0.396875 0.0734375 0.1015625
0 0.6125 0.23203125 0.05234375 0.09140625
0 0.55390625 0.828125 0.0875 0.1375
0 0.890625 0.54140625 0.05859375 0.1015625
0 0.3203125 0.58046875 0.06875 0.1171875
0 0.725 0.4828125 0.0609375 0.115625
0 0.85234375 0.8375 0.07421875 0.1515625
0 0.7734375 0.27578125 0.06171875 0.1046875
0 0.5609375 0.4265625 0.0578125 0.0953125
0 0.66953125 0.73046875 0.0625 0.1171875
0 0.5265625 0.29375 0.05390625 0.07421875
0 0.16640625 0.70234375 0.0765625 0.12109375
0 0.02109375 0.79609375 0.0421875 0.11875
0 0.9703125 0.03671875 0.05078125 0.07265625
0 0.96875 0.74296875 0.06171875 0.1484375
0 0.025 0.61875 0.05 0.1359375
0 0.396875 0.91328125 0.04375 0.0671875
0 0.0453125 0.9625 0.08046875 0.075