0 0.853125 0.10703125 0.05625 0.0953125
0 0.5078125 0.02421875 0.05625 0.04765625
0 0.0390625 0.4390625 0.05703125 0.10234375
0 0.975 0.0375 0.046875 0.075
0 0.78125 0.1203125 0.05390625 0.1015625
0 0.11640625 0.2328125 0.05859375 0.08984375
0 0.084375 0.11640625 0.059375 0.084375
0 0.28515625 0.0296875 0.0578125 0.059375
0 0.33359375 0.1046875 0.05390625 0.09453125
0 0.18671875 0.06640625 0.053125 0.08125
0 0.634375 0.0578125 0.04921875 0.0859375
0 0.04921875 0.03125 0.0765625 0.0625
0 0.49296875 0.45625 0.06484375 0.12890625
0 0.76796875 0.48046875 0.075 0.13125
0 0.8453125 0.63515625 0.06796875 0.11328125
0 0.3265625 0.4015625 0.0640625 0.134375
0 0.26875 0.2796875 0.06328125 0.096875
0 0.43671875 0.3234375 0.06640625 0.12734375
0 0.2296875 0.1765625 0.05703125 0.09921875
0 0.646875 0.796875 0.06796875 0.10625
0 0.9328125 0.55546875 0.06875 0.11328125
0 0.7 0.1703125 0.0609375 0.1
0 0.91484375 0.19375 0.05234375 0.08515625
0 0.66953125 0.55859375 0.075 0.12890625
0 0.15625 0.365625 0.05703125 0.10859375
0 0.7109375 0.034375 0.0515625 0.06875
0 0.44765625 0.73515625 0.08046875 0.14296875
0 0.91015625 0.05390625 0.04765625 0.0828125
0 0.46328125 0.159375 0.0421875 0.07109375
0 0.5578125 0.10390625 0.046875 0.0828125
0 0.4234375 0.0546875 0.0609375 0.07734375
0 0.26171875 0.64765625 0.0640625 0.1265625
0 0.5671875 0.63046875 0.078125 0.15234375
0 0.38359375 0.5515625 0.06796875 0.1140625
0 0.31796875 0.840625 0.075 0.1515625
0 0.6859375 0.3484375 0.06015625 0.09375
0 0.84921875 0.909375 0.06328125 0.11484375
0 0.9796875 0.1578125 0.040625 0.1
0 0.51875 0.9234375 0.0734375 0.14765625
0 0.37578125 0.215625 0.05546875 0.096875
0 0.18984375 0.9375 0.08125 0.12421875
0 0.53125 0.26796875 0.06015625 0.10078125
0 0.13125 0.75625 0.0671875 0.10546875
0 0.75703125 0.7125 0.06796875 0.15859375
0 0.8515625 0.24921875 0.04765625 0.096875
0 0.60234375 0.39296875 0.0421875 0.09453125
0 0.85 0.43125 0.053125 0.09921875
0 0.62265625 0.21953125 0.05078125 0.08828125
0 0.2046875 0.49765625 0.0578125 0.13359375
0 0.0921875 0.5796875 0.0703125 0.12734375