0 0.42421875 0.06015625 0.0578125 0.08671875
0 0.1859375 0.071875 0.06875 0.09140625
0 0.05234375 0.04453125 0.06015625 0.07421875
0 0.37578125 0.8265625 0.0765625 0.15625
0 0.06171875 0.11953125 0.053125 0.08125
0 0.425 0.41328125 0.08828125 0.1265625
0 0.88359375 0.03671875 0.0671875 0.07109375
0 0.096875 0.31171875 0.090625 0.1171875
0 0.46484375 0.14609375 0.0671875 0.11015625
0 0.86328125 0.16015625 0.06171875 0.10625
0 0.0765625 0.196875 0.07421875 0.090625
0 0.5609375 0.09140625 0.0609375 0.1015625
0 0.8875 0.47578125 0.0671875 0.13828125
0 0.81953125 0.3453125 0.0703125 0.11484375
0 0.940625 0.10703125 0.0578125 0.09140625
0 0.29609375 0.4890625 0.07578125 0.13125
0 0.71875 0.41171875 0.0671875 0.109375
0 0.3828125 0.28984375 0.06640625 0.121875
0 0.34765625 0.18359375 0.0703125 0.090625
0 0.3234375 0.0921875 0.07890625 0.10234375
0 0.6640625 0.29140625 0.07109375 0.12421875
0 0.55234375 0.34375 0.078125 0.1265625
0 0.33359375 0.6453125 0.0875 0.15234375
0 0.2921875 0.034375 0.0625 0.06875
0 0.796875 0.07734375 0.059375 0.09296875
0 0.1953125 0.159375 0.05625 0.078125
0 0.59375 0.8890625 0.08359375 0.17890625
0 0.7109375 0.12109375 0.0625 0.10390625
0 0.5359375 0.7109375 0.090625 0.16015625
0 0.475 0.5484375 0.10078125 0.15234375
0 0.1796875 0.71015625 0.08359375 0.13671875
0 0.66171875 0.04140625 0.0515625 0.08203125
0 0.61015625 0.48203125 0.078125 0.14296875
0 0.9828125 0.20859375 0.034375 0.11640625
0 0.14296875 0.57265625 0.08046875 0.1078125
0 0.521875 0.03359375 0.065625 0.0671875
0 0.24453125 0.35390625 0.07421875 0.11171875
0 0.2296875 0.24375 0.08046875 0.10234375
0 0.5078125 0.234375 0.06953125 0.11015625
0 0.028125 0.815625 0.05625 0.11171875
0 0.7828125 0.53671875 0.071875 0.13515625
0 0.91640625 0.265625 0.06328125 0.09765625
0 0.821875 0.946875 0.1015625 0.0984375
0 0.978125 0.3953125 0.04375 0.128125
0 0.66640625 0.61796875 0.07890625 0.14453125
0 0.11953125 0.42890625 0.08203125 0.12265625
0 0.6078125 0.1859375 0.059375 0.08125
0 0.95859375 0.6453125 0.07578125 0.1859375
0 0.76640625 0.225 0.06953125 0.1
0 0.94609375 0.890625 0.07265625 0.159375
0 0.74296875 0.80859375 0.06796875 0.1484375
0 0.8578125 0.728125 0.07734375 0.165625
0 0.20390625 0.91171875 0.0609375 0.165625