0 0.04765625 0.88515625 0.09140625 0.134375
0 0.04140625 0.73828125 0.0828125 0.153125
0 0.0390625 0.6203125 0.078125 0.13984375
0 0.02734375 0.478125 0.0546875 0.13125
0 0.02265625 0.37265625 0.0453125 0.08046875
0 0.021875 0.28984375 0.04375 0.0796875
0 0.02109375 0.20078125 0.0421875 0.0671875
0 0.10390625 0.05234375 0.04609375 0.04765625
0 0.10625 0.10625 0.04765625 0.07265625
0 0.11640625 0.17265625 0.06171875 0.0640625
0 0.1296875 0.23359375 0.05859375 0.08359375
0 0.13203125 0.3171875 0.08203125 0.0984375
0 0.15390625 0.41953125 0.06484375 0.09375
0 0.16875 0.521875 0.08203125 0.103125
0 0.1890625 0.65546875 0.071875 0.1421875
0 0.2078125 0.79296875 0.0765625 0.11953125
0 0.23671875 0.946875 0.09296875 0.09296875
0 0.39375 0.85546875 0.090625 0.1578125
0 0.35625 0.7171875 0.08671875 0.1546875
0 0.3265625 0.5875 0.07265625 0.1203125
0 0.30234375 0.4765625 0.071875 0.11484375
0 0.26875 0.371875 0.07421875 0.10625
0 0.25625 0.27890625 0.0640625 0.09765625
0 0.23046875 0.1875 0.05234375 0.0765625
0 0.21015625 0.13125 0.06640625 0.0828125
0 0.19609375 0.0734375 0.06796875 0.084375
0 0.2921875 0.02578125 0.05859375 0.0515625
0 0.31484375 0.0796875 0.04609375 0.075
0 0.32890625 0.15 0.0640625 0.08046875
0 0.35390625 0.22578125 0.05625 0.1171875
0 0.384375 0.31171875 0.06328125 0.08828125
0 0.42265625 0.41640625 0.0734375 0.12421875
0 0.459375 0.51171875 0.06328125 0.0953125
0 0.49765625 0.640625 0.06640625 0.14375
0 0.540625 0.76640625 0.0796875 0.11640625
0 0.6109375 0.92890625 0.090625 0.12890625
0 0.8234375 0.9453125 0.07890625 0.109375
0 0.74765625 0.8390625 0.0859375 0.19453125
0 0.67890625 0.68359375 0.08359375 0.15390625
0 0.6234375 0.55546875 0.078125 0.15234375
0 0.57421875 0.44375 0.05625 0.13828125
0 0.53359375 0.353125 0.04921875 0.10546875
0 0.4953125 0.26015625 0.05625 0.109375
0 0.46015625 0.1703125 0.05625 0.11171875
0 0.43203125 0.11015625 0.04296875 0.08984375
0 0.403125 0.0453125 0.05625 0.08671875
0 0.515625 0.0578125 0.0453125 0.07265625
0 0.5578125 0.12265625 0.046875 0.0890625
0 0.58515625 0.19296875 0.06640625 0.10859375
0 0.6359375 0.275 0.05859375 0.09453125
0 0.6734375 0.3640625 0.0921875 0.10859375
0 0.73671875 0.459375 0.07109375 0.13828125
0 0.8109375 0.56953125 0.0921875 0.15
0 0.86328125 0.70859375 0.08359375 0.1640625
0 0.95703125 0.83671875 0.0859375 0.121875
0 0.971875 0.6015625 0.05625 0.16796875
0 0.90078125 0.475 0.05625 0.11171875
0 0.8390625 0.38515625 0.0546875 0.10546875
0 0.78203125 0.29921875 0.05859375 0.14609375
0 0.7296875 0.23203125 0.0546875 0.134375
0 0.68046875 0.16171875 0.040625 0.08203125
0 0.64453125 0.08828125 0.0484375 0.10078125
0 0.59921875 0.04609375 0.0515625 0.0921875
0 0.71875 0.0453125 0.04375 0.090625
0 0.75234375 0.1078125 0.0609375 0.1078125
0 0.80234375 0.1703125 0.0578125 0.1
0 0.8640625 0.24765625 0.07578125 0.0984375
0 0.9265625 0.325 0.0671875 0.1328125
0 0.940625 0.20625 0.0640625 0.10390625
0 0.89453125 0.13515625 0.05390625 0.0921875
0 0.8 0.034375 0.053125 0.06875
0 0.90703125 0.040625 0.0609375 0.08125
0 0.9640625 0.0875 0.04765625 0.07109375