0 0.75 0.77890625 0.19453125 0.26953125
0 0.7125 0.4921875 0.20546875 0.26640625
0 0.6890625 0.2703125 0.18125 0.265625
0 0.68828125 0.07421875 0.18046875 0.1484375
0 0.92265625 0.05390625 0.11796875 0.1078125
0 0.940625 0.2296875 0.11875 0.21328125
0 0.946875 0.528125 0.10625 0.2765625
0 0.49609375 0.81328125 0.2296875 0.3734375
0 0.50078125 0.52265625 0.1921875 0.24453125
0 0.48359375 0.2734375 0.19921875 0.25
0 0.45859375 0.08359375 0.1671875 0.16640625
0 0.22421875 0.08671875 0.134375 0.16328125
0 0.2046875 0.3015625 0.1203125 0.24765625
0 0.209375 0.5515625 0.17734375 0.253125
0 0.20078125 0.83828125 0.1453125 0.25078125
0 0.0375 0.12421875 0.075 0.2109375