0 0.94140625 0.80703125 0.06171875 0.1078125
0 0.8578125 0.87890625 0.0625 0.08984375
0 0.90390625 0.55546875 0.04375 0.0859375
0 0.84375 0.63046875 0.05 0.10078125
0 0.7625 0.69453125 0.0609375 0.1046875
0 0.68359375 0.77578125 0.0578125 0.08671875
0 0.6046875 0.88359375 0.059375 0.1125
0 0.51015625 0.9625 0.05859375 0.07421875
0 0.9703125 0.27109375 0.05625 0.0796875
0 0.8703125 0.3703125 0.05 0.0796875
0 0.81484375 0.4328125 0.046875 0.06953125
0 0.6765625 0.51953125 0.04921875 0.08125
0 0.6078125 0.590625 0.05625 0.09140625
0 0.52890625 0.6671875 0.0484375 0.09609375
0 0.42734375 0.7625 0.0390625 0.071875
0 0.30234375 0.915625 0.06015625 0.11796875
0 0.971875 0.06328125 0.0359375 0.06328125
0 0.93203125 0.11015625 0.0265625 0.0546875
0 0.88828125 0.1578125 0.046875 0.05859375
0 0.83828125 0.19765625 0.04609375 0.06484375
0 0.78984375 0.23046875 0.03984375 0.071875
0 0.66640625 0.3265625 0.05 0.07421875
0 0.51953125 0.41640625 0.05078125 0.08984375
0 0.43046875 0.490625 0.0484375 0.10625
0 0.34765625 0.5703125 0.04296875 0.09921875
0 0.190625 0.69375 0.05859375 0.11953125
0 0.0890625 0.82421875 0.0546875 0.10546875
0 0.8671875 0.021875 0.046875 0.04375
0 0.82265625 0.0484375 0.03203125 0.05546875
0 0.765625 0.08046875 0.0421875 0.06484375
0 0.65546875 0.146875 0.04609375 0.08671875
0 0.5921875 0.1921875 0.0546875 0.075
0 0.52109375 0.225 0.040625 0.06953125
0 0.44296875 0.28203125 0.03125 0.06015625
0 0.36328125 0.334375 0.053125 0.09140625
0 0.27421875 0.4015625 0.05234375 0.096875
0 0.1203125 0.5203125 0.0484375 0.090625
0 0.5875 0.02421875 0.04765625 0.0484375
0 0.5265625 0.0578125 0.03984375 0.06484375
0 0.440625 0.103125 0.04140625 0.07265625
0 0.37109375 0.1296875 0.04296875 0.07265625
0 0.303125 0.18046875 0.0453125 0.07578125
0 0.22109375 0.240625 0.03984375 0.084375
0 0.1453125 0.27734375 0.05 0.09140625
0 0.04140625 0.36953125 0.05859375 0.09453125
0 0.315625 0.02421875 0.0390625 0.0484375
0 0.24453125 0.0671875 0.05546875 0.084375
0 0.1625 0.09453125 0.05 0.0765625
0 0.08125 0.16015625 0.05859375 0.09296875
0 0.0234375 0.03125 0.046875 0.0625