0 0.27265625 0.0765625 0.01796875 0.02734375
0 0.27578125 0.04765625 0.015625 0.0265625
0 0.26484375 0.159375 0.02109375 0.03359375
0 0.2609375 0.23203125 0.01875 0.05078125
0 0.29609375 0.115625 0.015625 0.0296875
0 0.29140625 0.15390625 0.0140625 0.02734375
0 0.29765625 0.07578125 0.0171875 0.0234375
0 0.30390625 0.04765625 0.01875 0.03203125
0 0.30625 0.01484375 0.0203125 0.02890625
0 0.2859375 0.18984375 0.01953125 0.0390625
0 0.284375 0.234375 0.021875 0.0421875
0 0.27578125 0.31171875 0.02109375 0.04140625
0 0.246875 0.35234375 0.02265625 0.03984375
0 0.2734375 0.36015625 0.025 0.03203125
0 0.24453125 0.39453125 0.025 0.04453125
0 0.26953125 0.40234375 0.02421875 0.03515625
0 0.240625 0.4390625 0.025 0.03828125
0 0.265625 0.44140625 0.0234375 0.03671875
0 0.23671875 0.48203125 0.0234375 0.03984375
0 0.2625 0.4828125 0.02265625 0.03203125
0 0.23515625 0.521875 0.0203125 0.03359375
0 0.25625 0.525 0.02109375 0.04140625
0 0.23125 0.571875 0.02109375 0.0359375
0 0.25390625 0.57109375 0.02421875 0.03515625
0 0.23125 0.61171875 0.025 0.04296875
0 0.2515625 0.6125 0.02734375 0.03984375
0 0.2453125 0.665625 0.02265625 0.03515625
0 0.24375 0.70625 0.02421875 0.04453125
0 0.25625 0.89140625 0.03046875 0.0578125
0 0.2625 0.840625 0.0234375 0.03203125
0 0.265625 0.79375 0.01875 0.0390625
0 0.265625 0.75390625 0.02890625 0.04140625
0 0.27109375 0.71015625 0.02578125 0.0515625
0 0.2734375 0.665625 0.0203125 0.04296875
0 0.278125 0.6125 0.025 0.04453125
0 0.28125 0.575 0.0234375 0.034375
0 0.28203125 0.53203125 0.025 0.0484375
0 0.28515625 0.48984375 0.021875 0.04765625
0 0.29921875 0.31796875 0.02109375 0.0484375
0 0.30390625 0.275 0.02109375 0.0328125
0 0.30546875 0.22890625 0.0203125 0.0359375
0 0.31171875 0.1953125 0.01953125 0.034375
0 0.31484375 0.159375 0.02734375 0.03828125
0 0.31640625 0.12265625 0.02265625 0.0421875
0 0.32109375 0.08046875 0.0265625 0.0421875
0 0.3265625 0.03828125 0.01953125 0.02578125
0 0.33046875 0.0140625 0.0265625 0.028125
0 0.34921875 0.08046875 0.02734375 0.03359375
0 0.3796875 0.01875 0.025 0.0375
0 0.371875 0.09453125 0.02265625 0.0421875
0 0.3671875 0.1296875 0.02421875 0.03359375
0 0.3421875 0.16015625 0.021875 0.04296875
0 0.3609375 0.196875 0.025 0.04296875
0 0.33671875 0.20234375 0.02109375 0.040625
0 0.35859375 0.2453125 0.02265625 0.04375
0 0.33515625 0.24453125 0.021875 0.04609375
0 0.32578125 0.28671875 0.021875 0.03515625
0 0.35546875 0.28671875 0.0234375 0.046875
0 0.3265625 0.3265625 0.025 0.04140625
0 0.3515625 0.328125 0.02109375 0.04765625
0 0.32265625 0.37109375 0.0265625 0.04609375
0 0.3515625 0.3734375 0.0171875 0.03671875
0 0.37421875 0.3765625 0.02578125 0.0484375
0 0.34375 0.4578125 0.03046875 0.05703125
0 0.34765625 0.4046875 0.0234375 0.0484375
0 0.3171875 0.45234375 0.02890625 0.05390625
0 0.3140625 0.5 0.0203125 0.0453125
0 0.34140625 0.5046875 0.02734375 0.04140625
0 0.3375 0.54453125 0.02109375 0.0359375
0 0.31015625 0.53828125 0.021875 0.03515625
0 0.31015625 0.57890625 0.02421875 0.0328125
0 0.3046875 0.6265625 0.0265625 0.040625
0 0.2984375 0.67421875 0.021875 0.046875
0 0.29453125 0.71484375 0.02265625 0.046875
0 0.29453125 0.7609375 0.01953125 0.04296875
0 0.334375 0.59765625 0.02109375 0.03828125
0 0.33203125 0.6375 0.01875 0.03984375
0 0.328125 0.67734375 0.02578125 0.04921875
0 0.3234375 0.725 0.02578125 0.05234375
0 0.32109375 0.7734375 0.0265625 0.04296875
0 0.28203125 0.91875 0.02890625 0.0875
0 0.31015625 0.92890625 0.03046875 0.1078125
0 0.3421875 0.909375 0.025 0.05
0 0.3359375 0.9609375 0.02421875 0.06015625
0 0.34609375 0.77734375 0.02578125 0.0625
0 0.3515625 0.73046875 0.02265625 0.040625
0 0.3546875 0.690625 0.02578125 0.04296875
0 0.3578125 0.64609375 0.03125 0.0484375
0 0.35859375 0.60703125 0.0203125 0.02421875
0 0.3640625 0.55 0.0203125 0.03984375
0 0.3671875 0.46484375 0.01640625 0.04140625
0 0.3671875 0.94609375 0.0296875 0.0796875
0 0.3765625 0.77890625 0.02578125 0.03984375
0 0.3796875 0.74453125 0.02265625 0.03515625
0 0.38203125 0.6984375 0.028125 0.046875
0 0.3859375 0.64765625 0.0296875 0.04296875
0 0.3859375 0.60234375 0.02265625 0.03984375
0 0.3890625 0.509375 0.0234375 0.03828125
0 0.39609375 0.43046875 0.02421875 0.04375
0 0.403125 0.3875 0.0234375 0.04453125
0 0.40625 0.33359375 0.021875 0.03984375
0 0.3828125 0.33046875 0.02265625 0.0375
0 0.38359375 0.29453125 0.021875 0.03828125
0 0.409375 0.29921875 0.02265625 0.03984375
0 0.38515625 0.25234375 0.0296875 0.04296875
0 0.40859375 0.25546875 0.0234375 0.0390625
0 0.3890625 0.2046875 0.01953125 0.03984375
0 0.4125 0.21015625 0.021875 0.04140625
0 0.4171875 0.13828125 0.02421875 0.04375
0 0.39921875 0.090625 0.02265625 0.04453125
0 0.40703125 0.02890625 0.0265625 0.04921875
0 0.42734375 0.053125 0.025 0.04140625
0 0.42265625 0.090625 0.02265625 0.0453125
0 0.4484375 0.06875 0.02890625 0.04375
0 0.4546875 0.0171875 0.0171875 0.028125
0 0.44453125 0.14375 0.0296875 0.03828125
0 0.44296875 0.18203125 0.0296875 0.04453125
0 0.44296875 0.21875 0.034375 0.040625
0 0.4375 0.26015625 0.02890625 0.03828125
0 0.434375 0.3015625 0.025 0.046875
0 0.43125 0.34765625 0.03125 0.0453125
0 0.42734375 0.38984375 0.0296875 0.040625
0 0.4265625 0.43828125 0.02578125 0.046875
0 0.42265625 0.47734375 0.01796875 0.0328125
0 0.421875 0.51796875 0.02265625 0.03984375
0 0.41171875 0.70390625 0.025 0.0484375
0 0.40546875 0.74296875 0.02109375 0.03515625
0 0.4046875 0.78671875 0.02265625 0.0390625
0 0.40234375 0.83828125 0.01875 0.0390625
0 0.4 0.9359375 0.025 0.05390625
0 0.39375 0.98203125 0.02421875 0.03515625
0 0.42578125 0.93125 0.02109375 0.05
0 0.42265625 0.98125 0.02734375 0.0375
0 0.42578125 0.840625 0.02421875 0.04453125
0 0.42890625 0.79609375 0.0265625 0.0390625
0 0.44140625 0.70078125 0.02109375 0.04296875
0 0.4484375 0.525 0.02578125 0.03125
0 0.44765625 0.4796875 0.03046875 0.04765625
0 0.45234375 0.4359375 0.025 0.034375
0 0.4546875 0.39375 0.02421875 0.04609375
0 0.459375 0.3484375 0.025 0.040625
0 0.4609375 0.3078125 0.025 0.03984375
0 0.46171875 0.265625 0.0234375 0.0390625
0 0.465625 0.21875 0.0234375 0.046875
0 0.47421875 0.14921875 0.01953125 0.04296875
0 0.5015625 0.1140625 0.01953125 0.04609375
0 0.50703125 0.01640625 0.0203125 0.0328125
0 0.5046875 0.0703125 0.0234375 0.034375
0 0.5 0.1515625 0.02109375 0.0375
0 0.5 0.18828125 0.0265625 0.04296875
0 0.49453125 0.22890625 0.02890625 0.04296875
0 0.490625 0.315625 0.0296875 0.0546875
0 0.4921875 0.26640625 0.025 0.03828125
0 0.4859375 0.40625 0.02734375 0.03828125
0 0.484375 0.46171875 0.02734375 0.0640625
0 0.4796875 0.55 0.0328125 0.0828125
0 0.44453125 0.65859375 0.01953125 0.03125
0 0.4125 0.6546875 0.01875 0.03671875
0 0.4765625 0.61796875 0.02890625 0.0484375
0 0.471875 0.671875 0.02890625 0.04765625
0 0.46953125 0.715625 0.02734375 0.046875
0 0.465625 0.76640625 0.0328125 0.05390625
0 0.46171875 0.87578125 0.04140625 0.08828125
0 0.45390625 0.9578125 0.02578125 0.078125
0 0.4796875 0.96328125 0.0265625 0.065625
0 0.50625 0.965625 0.02109375 0.05625
0 0.53359375 0.95703125 0.03984375 0.08203125
0 0.51953125 0.8671875 0.03046875 0.05234375
0 0.52109375 0.771875 0.03046875 0.0484375
0 0.490625 0.765625 0.0234375 0.040625
0 0.52421875 0.7265625 0.025 0.0421875
0 0.52578125 0.6796875 0.0265625 0.03828125
0 0.4984375 0.671875 0.0203125 0.03515625
0 0.50234375 0.62109375 0.02578125 0.05390625
0 0.53671875 0.5453125 0.021875 0.053125
0 0.53046875 0.5890625 0.0234375 0.0421875
0 0.53828125 0.49453125 0.01953125 0.03125
0 0.50859375 0.459375 0.021875 0.053125
0 0.53671875 0.46015625 0.021875 0.0375
0 0.53515625 0.41328125 0.021875 0.05078125
0 0.51171875 0.40703125 0.02109375 0.05234375
0 0.515625 0.35859375 0.02578125 0.04765625
0 0.5453125 0.36796875 0.02265625 0.03984375
0 0.51796875 0.27578125 0.021875 0.0390625
0 0.546875 0.28515625 0.03046875 0.046875
0 0.55 0.2390625 0.02421875 0.03671875
0 0.51875 0.23671875 0.021875 0.0421875
0 0.52265625 0.16328125 0.0234375 0.04453125
0 0.5265625 0.11015625 0.02578125 0.03984375
0 0.5515625 0.1234375 0.028125 0.05390625
0 0.5765625 0.1640625 0.02421875 0.0421875
0 0.5546875 0.08125 0.01953125 0.0265625
0 0.52890625 0.07578125 0.01640625 0.03125
0 0.52890625 0.04140625 0.01875 0.03671875
0 0.53125 0.0171875 0.02421875 0.034375
0 0.559375 0.03515625 0.021875 0.0578125
0 0.5796875 0.12421875 0.0265625 0.04609375
0 0.58125 0.08125 0.0234375 0.04296875
0 0.5859375 0.0453125 0.0234375 0.0375
0 0.58203125 0.0140625 0.0203125 0.028125
0 0.5734375 0.29609375 0.028125 0.05234375
0 0.5703125 0.334375 0.03125 0.0375
0 0.56796875 0.37734375 0.021875 0.0453125
0 0.565625 0.41796875 0.0171875 0.0390625
0 0.565625 0.45859375 0.0265625 0.04609375
0 0.56171875 0.546875 0.02265625 0.05859375
0 0.584375 0.59765625 0.01796875 0.03984375
0 0.55625 0.63828125 0.021875 0.0375
0 0.559375 0.59453125 0.028125 0.0390625
0 0.5546875 0.6859375 0.0203125 0.040625
0 0.58671875 0.64921875 0.02890625 0.040625
0 0.553125 0.734375 0.02890625 0.0421875
0 0.5484375 0.7765625 0.02109375 0.0375
0 0.54921875 0.81875 0.0296875 0.05234375
0 0.57421875 0.74296875 0.02578125 0.04609375
0 0.57578125 0.7875 0.025 0.0359375
0 0.5765625 0.8265625 0.03203125 0.05
0 0.5765625 0.871875 0.02890625 0.040625
0 0.56796875 0.96484375 0.03203125 0.06171875
0 0.60078125 0.96484375 0.02734375 0.06328125
0 0.6265625 0.97109375 0.0265625 0.0546875
0 0.66015625 0.978125 0.025 0.03671875
0 0.6890625 0.97734375 0.01796875 0.03203125
0 0.68515625 0.89296875 0.0265625 0.05078125
0 0.6578125 0.89140625 0.0203125 0.0453125
0 0.62890625 0.88515625 0.03125 0.05
0 0.603125 0.87578125 0.0203125 0.0375
0 0.60390625 0.83203125 0.025 0.04609375
0 0.60546875 0.78359375 0.021875 0.04140625
0 0.6328125 0.8109375 0.02578125 0.071875
0 0.665625 0.84296875 0.02265625 0.04140625
0 0.690625 0.84453125 0.02265625 0.04296875
0 0.6640625 0.796875 0.025 0.04609375
0 0.69140625 0.80703125 0.01875 0.03828125
0 0.6953125 0.75703125 0.0265625 0.0421875
0 0.63515625 0.74765625 0.0234375 0.04609375
0 0.60546875 0.73828125 0.01875 0.034375
0 0.6109375 0.69609375 0.025 0.03515625
0 0.57734375 0.6890625 0.01953125 0.0375
0 0.6125 0.653125 0.02421875 0.04453125
0 0.63671875 0.70234375 0.02578125 0.04140625
0 0.6671875 0.70859375 0.025 0.03515625
0 0.696875 0.7046875 0.025 0.0421875
0 0.71171875 0.959375 0.02265625 0.05078125
0 0.71171875 0.915625 0.01953125 0.03125
0 0.7109375 0.88203125 0.01875 0.0328125
0 0.71484375 0.8375 0.0171875 0.053125
0 0.71484375 0.78515625 0.0171875 0.0390625
0 0.71953125 0.740625 0.01953125 0.0390625
0 0.72109375 0.6953125 0.01484375 0.03515625
0 0.66953125 0.659375 0.02421875 0.04375
0 0.64140625 0.6546875 0.028125 0.0453125
0 0.6125 0.60390625 0.0328125 0.0453125
0 0.615625 0.5578125 0.0203125 0.034375
0 0.5890625 0.51015625 0.0140625 0.0234375
0 0.590625 0.46796875 0.02109375 0.0390625
0 0.59453125 0.42578125 0.0296875 0.0484375
0 0.62109375 0.51484375 0.03125 0.04296875
0 0.6234375 0.4703125 0.02265625 0.03515625
0 0.6203125 0.43359375 0.021875 0.034375
0 0.64453125 0.60546875 0.021875 0.040625
0 0.64765625 0.56328125 0.0265625 0.04296875
0 0.6703125 0.61484375 0.0203125 0.03359375
0 0.67421875 0.571875 0.02578125 0.03984375
0 0.69921875 0.621875 0.0203125 0.0328125
0 0.725 0.646875 0.025 0.03046875
0 0.725 0.6140625 0.02109375 0.02421875
0 0.70078125 0.58203125 0.02421875 0.0453125
0 0.7265625 0.5890625 0.025 0.021875
0 0.728125 0.5484375 0.028125 0.0546875
0 0.70234375 0.5375 0.02265625 0.0390625
0 0.67421875 0.534375 0.02265625 0.034375
0 0.65078125 0.48125 0.0234375 0.0390625
0 0.678125 0.48671875 0.021875 0.03828125
0 0.70390625 0.490625 0.02578125 0.046875
0 0.728125 0.49609375 0.021875 0.046875
0 0.70546875 0.4484375 0.02109375 0.03515625
0 0.68125 0.4421875 0.01796875 0.04609375
0 0.65234375 0.43671875 0.02890625 0.040625
0 0.7296875 0.45703125 0.01953125 0.03203125
0 0.73046875 0.4203125 0.01875 0.05078125
0 0.709375 0.40859375 0.0234375 0.04140625
0 0.68359375 0.39765625 0.01640625 0.040625
0 0.653125 0.38984375 0.02421875 0.03671875
0 0.6234375 0.38125 0.02109375 0.034375
0 0.596875 0.375 0.01875 0.04453125
0 0.6015625 0.33359375 0.0203125 0.03125
0 0.62578125 0.33984375 0.025 0.03828125
0 0.6015625 0.29296875 0.02734375 0.0453125
0 0.60234375 0.25 0.01484375 0.03671875
0 0.6296875 0.25390625 0.02421875 0.03359375
0 0.63359375 0.175 0.0234375 0.0375
0 0.60390625 0.17109375 0.0234375 0.04765625
0 0.65625 0.3484375 0.021875 0.03828125
0 0.68125 0.3546875 0.02890625 0.03203125
0 0.70859375 0.3625 0.0203125 0.04765625
0 0.73203125 0.36328125 0.021875 0.04921875
0 0.73359375 0.315625 0.028125 0.053125
0 0.68203125 0.315625 0.02578125 0.040625
0 0.65234375 0.30234375 0.01875 0.03515625
0 0.65703125 0.2609375 0.02578125 0.04140625
0 0.68203125 0.27109375 0.02109375 0.03984375
0 0.709375 0.28046875 0.02265625 0.03125
0 0.7046875 0.3171875 0.02109375 0.0390625
0 0.73515625 0.26484375 0.0234375 0.04921875
0 0.7125 0.2359375 0.0234375 0.03515625
0 0.68359375 0.228125 0.0234375 0.0375
0 0.65859375 0.221875 0.02578125 0.0359375
0 0.66171875 0.1875 0.02890625 0.03828125
0 0.66328125 0.14609375 0.02734375 0.03984375
0 0.71328125 0.19609375 0.02578125 0.04765625
0 0.73515625 0.18359375 0.01953125 0.02421875
0 0.7375 0.15703125 0.02109375 0.02265625
0 0.7109375 0.15234375 0.021875 0.03046875
0 0.68984375 0.15234375 0.02265625 0.040625
0 0.63515625 0.134375 0.03359375 0.03671875
0 0.60625 0.1296875 0.02265625 0.034375
0 0.60859375 0.0953125 0.02421875 0.0421875
0 0.6078125 0.05703125 0.025 0.04140625
0 0.609375 0.01875 0.02578125 0.03671875
0 0.63984375 0.01875 0.025 0.03203125
0 0.63828125 0.05703125 0.0265625 0.0421875
0 0.63671875 0.0953125 0.0296875 0.0359375
0 0.66328125 0.10703125 0.0234375 0.03203125
0 0.6640625 0.0703125 0.01875 0.0421875
0 0.6640625 0.03125 0.0203125 0.0328125
0 0.68671875 0.0375 0.02109375 0.034375
0 0.6875 0.07890625 0.0203125 0.03984375
0 0.68828125 0.1140625 0.02109375 0.02890625
0 0.7125 0.11875 0.0265625 0.04453125
0 0.7140625 0.08046875 0.02421875 0.0390625
0 0.7140625 0.04140625 0.02578125 0.034375
0 0.7390625 0.01640625 0.01875 0.02578125
0 0.73828125 0.04296875 0.0171875 0.01875
0 0.73671875 0.06484375 0.0234375 0.02734375
0 0.7359375 0.0875 0.021875 0.021875
0 0.73515625 0.12265625 0.01953125 0.04609375