0 0.47734375 0.08125 0.10546875 0.11875
0 0.35078125 0.046875 0.06953125 0.09375
0 0.31875 0.165625 0.10234375 0.125
0 0.303125 0.31015625 0.10390625 0.128125
0 0.2671875 0.46015625 0.09140625 0.13359375
0 0.25390625 0.60546875 0.1046875 0.10703125
0 0.22890625 0.728125 0.10078125 0.11484375
0 0.19140625 0.89609375 0.1203125 0.2078125
0 0.18046875 0.08203125 0.14453125 0.159375
0 0.14765625 0.24375 0.1078125 0.12578125
0 0.13671875 0.38828125 0.11015625 0.11328125
0 0.1109375 0.53515625 0.0890625 0.125
0 0.078125 0.6828125 0.090625 0.11015625
0 0.0328125 0.14921875 0.06484375 0.13125