0 0.8984375 0.9390625 0.0703125 0.121875
0 0.9515625 0.5875 0.06640625 0.11796875
0 0.815625 0.72109375 0.0765625 0.12890625
0 0.65 0.88125 0.09765625 0.1671875
0 0.8671875 0.38515625 0.0859375 0.12421875
0 0.74609375 0.503125 0.0828125 0.10703125
0 0.5921875 0.62734375 0.0984375 0.14453125
0 0.41875 0.7703125 0.06484375 0.1234375
0 0.234375 0.90546875 0.0921875 0.1546875
0 0.92265625 0.11796875 0.065625 0.06953125
0 0.79765625 0.21640625 0.071875 0.1140625
0 0.7328125 0.0671875 0.0515625 0.084375
0 0.665625 0.34296875 0.0765625 0.15
0 0.5984375 0.171875 0.071875 0.09765625
0 0.521875 0.45078125 0.084375 0.12890625
0 0.471875 0.27890625 0.06328125 0.121875
0 0.4234375 0.12109375 0.07421875 0.121875
0 0.3609375 0.5734375 0.06484375 0.1359375
0 0.32578125 0.4 0.0671875 0.115625
0 0.27734375 0.228125 0.0609375 0.1109375
0 0.2578125 0.0765625 0.05703125 0.0953125
0 0.09296875 0.0484375 0.06796875 0.09609375
0 0.1171875 0.1828125 0.0578125 0.09921875
0 0.1328125 0.34296875 0.06796875 0.14296875
0 0.1703125 0.50625 0.07890625 0.14140625
0 0.20078125 0.71875 0.0765625 0.10703125
0 0.03828125 0.83046875 0.07578125 0.13984375