0 0.12734375 0.3609375 0.05546875 0.09765625
0 0.20078125 0.13671875 0.06015625 0.1015625
0 0.30703125 0.059375 0.0640625 0.10078125
0 0.3421875 0.16484375 0.0671875 0.11015625
0 0.23671875 0.25859375 0.06875 0.12265625
0 0.25234375 0.41875 0.07734375 0.13359375
0 0.13046875 0.5171875 0.06796875 0.13046875
0 0.1234375 0.71328125 0.06875 0.1625
0 0.14609375 0.92890625 0.078125 0.1421875
0 0.26484375 0.590625 0.06328125 0.1421875
0 0.38359375 0.309375 0.06015625 0.109375
0 0.46953125 0.1046875 0.07421875 0.14296875
0 0.60390625 0.1390625 0.0640625 0.10078125
0 0.72890625 0.071875 0.06796875 0.14375
0 0.7765625 0.2078125 0.06796875 0.11484375
0 0.88984375 0.15 0.06015625 0.11328125
0 0.67421875 0.27890625 0.07109375 0.1390625
0 0.55078125 0.3765625 0.09375 0.12578125
0 0.42109375 0.4796875 0.07890625 0.1515625
0 0.44921875 0.68984375 0.09140625 0.16796875
0 0.29140625 0.81640625 0.10234375 0.184375
0 0.5765625 0.57734375 0.0796875 0.11875
0 0.70390625 0.4890625 0.08359375 0.1703125
0 0.82578125 0.3671875 0.10390625 0.14609375
0 0.85703125 0.55546875 0.06015625 0.13203125
0 0.7390625 0.6796875 0.07734375 0.14296875
0 0.628125 0.76328125 0.08515625 0.1875
0 0.46875 0.89375 0.10546875 0.1625
0 0.80390625 0.91875 0.0796875 0.10546875
0 0.92265625 0.7953125 0.07734375 0.1625