0 0.18125 0.4359375 0.12421875 0.2015625
0 0.03828125 0.36953125 0.0765625 0.14375
0 0.17734375 0.26328125 0.0859375 0.11484375
0 0.02578125 0.196875 0.0515625 0.125
0 0.15390625 0.07890625 0.05703125 0.08671875
0 0.09453125 0.05234375 0.0578125 0.090625
0 0.29375 0.046875 0.0703125 0.09375
0 0.27578125 0.16015625 0.08671875 0.13125
0 0.303125 0.3015625 0.08671875 0.125
0 0.14296875 0.021875 0.04296875 0.04296875
0 0.4125 0.17734375 0.0671875 0.075
0 0.4015625 0.29765625 0.06640625 0.11328125
0 0.44921875 0.340625 0.0625 0.0953125
0 0.4671875 0.12578125 0.05 0.08046875
0 0.5421875 0.084375 0.04375 0.07109375
0 0.58671875 0.046875 0.059375 0.08515625
0 0.6390625 0.03125 0.04921875 0.0625
0 0.64765625 0.09609375 0.0359375 0.0796875
0 0.546875 0.16015625 0.05859375 0.09453125
0 0.60546875 0.15703125 0.03984375 0.0828125
0 0.596875 0.1046875 0.0515625 0.05390625
0 0.6359375 0.23125 0.0734375 0.10625
0 0.74453125 0.20625 0.07734375 0.12421875
0 0.71875 0.11328125 0.0546875 0.06484375
0 0.71484375 0.0671875 0.05390625 0.0453125
0 0.81484375 0.0859375 0.034375 0.07421875
0 0.78671875 0.05546875 0.0421875 0.0734375
0 0.8359375 0.04765625 0.0296875 0.0875
0 0.86328125 0.14453125 0.0703125 0.09140625
0 0.9375 0.09609375 0.0578125 0.09296875
0 0.96015625 0.271875 0.0734375 0.10078125
0 0.8828125 0.22109375 0.05078125 0.0953125
0 0.89453125 0.36640625 0.1 0.159375