0 0.0359375 0.053125 0.059375 0.103125
0 0.1671875 0.075 0.05390625 0.09375
0 0.50625 0.03984375 0.053125 0.0796875
0 0.09140625 0.12578125 0.0484375 0.0828125
0 0.575 0.125 0.04921875 0.075
0 0.309375 0.11875 0.05546875 0.1015625
0 0.709375 0.553125 0.0515625 0.09296875
0 0.246875 0.0421875 0.05546875 0.08359375
0 0.50625 0.15625 0.0484375 0.08828125
0 0.659375 0.22265625 0.046875 0.0765625
0 0.22734375 0.17109375 0.05390625 0.11171875
0 0.4421875 0.19375 0.0515625 0.09609375
0 0.10625 0.3875 0.05078125 0.08828125
0 0.65625 0.1015625 0.0609375 0.08984375
0 0.12421875 0.02578125 0.0515625 0.0515625
0 0.70546875 0.05625 0.0515625 0.08046875
0 0.1296875 0.784375 0.07421875 0.15703125
0 0.85625 0.240625 0.05625 0.08359375
0 0.13359375 0.21796875 0.04375 0.084375
0 0.87421875 0.63671875 0.04921875 0.084375
0 0.3296875 0.025 0.05546875 0.04921875
0 0.4484375 0.071875 0.05234375 0.08515625
0 0.30078125 0.26171875 0.06484375 0.11171875
0 0.83984375 0.46484375 0.03828125 0.07734375
0 0.93671875 0.59140625 0.040625 0.07890625
0 0.89765625 0.409375 0.04765625 0.08671875
0 0.68046875 0.37421875 0.04609375 0.08828125
0 0.37421875 0.09375 0.0484375 0.09375
0 0.77890625 0.49765625 0.05234375 0.08828125
0 0.35625 0.5953125 0.065625 0.11953125
0 0.90546875 0.18671875 0.0609375 0.08671875
0 0.5359375 0.3015625 0.0546875 0.0921875
0 0.05 0.27578125 0.0515625 0.08984375
0 0.590625 0.26171875 0.05078125 0.07890625
0 0.06328125 0.5890625 0.0671875 0.11796875
0 0.375 0.22265625 0.0546875 0.0921875
0 0.74921875 0.3375 0.05078125 0.08046875
0 0.98203125 0.5125 0.0359375 0.0953125
0 0.4515625 0.50859375 0.05 0.09140625
0 0.7484375 0.77421875 0.06796875 0.1125
0 0.77890625 0.14453125 0.07109375 0.0890625
0 0.85703125 0.93125 0.08671875 0.1296875
0 0.875 0.046875 0.075 0.09375
0 0.55546875 0.67265625 0.0609375 0.121875
0 0.45546875 0.32734375 0.05234375 0.0875
0 0.80390625 0.28828125 0.0609375 0.0875
0 0.271875 0.446875 0.053125 0.1
0 0.54453125 0.46640625 0.06015625 0.1046875
0 0.81015625 0.6984375 0.05390625 0.103125
0 0.4609375 0.7796875 0.07421875 0.13359375
0 0.02890625 0.88671875 0.05703125 0.14296875
0 0.36875 0.38828125 0.0484375 0.0859375
0 0.1734375 0.51796875 0.0671875 0.1328125
0 0.2125 0.3390625 0.06015625 0.08984375
0 0.25390625 0.67734375 0.071875 0.13984375
0 0.63046875 0.5875 0.08125 0.11875
0 0.01640625 0.4609375 0.0328125 0.1125
0 0.65390625 0.84140625 0.071875 0.13515625
0 0.7171875 0.18828125 0.04453125 0.0734375
0 0.35390625 0.859375 0.04921875 0.11796875