0 0.1390625 0.921875 0.075 0.115625
0 0.06640625 0.76328125 0.07265625 0.12890625
0 0.03046875 0.59609375 0.0609375 0.109375
0 0.1921875 0.65703125 0.0734375 0.153125
0 0.15 0.51875 0.071875 0.1328125
0 0.1046875 0.39921875 0.06953125 0.14921875
0 0.0671875 0.271875 0.071875 0.13125
0 0.02421875 0.19296875 0.04765625 0.12421875
0 0.08515625 0.04921875 0.05546875 0.09765625
0 0.1234375 0.13203125 0.084375 0.1171875
0 0.16484375 0.21796875 0.08671875 0.125
0 0.2109375 0.33515625 0.071875 0.13125
0 0.25859375 0.4453125 0.0734375 0.1125
0 0.309375 0.57734375 0.07421875 0.11796875
0 0.24765625 0.82734375 0.08046875 0.1515625
0 0.37734375 0.74765625 0.075 0.11015625
0 0.17578125 0.034375 0.06328125 0.06875
0 0.22109375 0.08046875 0.06640625 0.11875
0 0.2625 0.16796875 0.06328125 0.1078125
0 0.30390625 0.284375 0.07109375 0.1203125
0 0.36484375 0.371875 0.071875 0.13125
0 0.4171875 0.51015625 0.059375 0.11484375
0 0.30546875 0.04921875 0.065625 0.09765625
0 0.3546875 0.12265625 0.0671875 0.11171875
0 0.40546875 0.20390625 0.06484375 0.11328125
0 0.44453125 0.30859375 0.05859375 0.1046875
0 0.5078125 0.434375 0.0640625 0.109375
0 0.57734375 0.58046875 0.06796875 0.10078125
0 0.4859375 0.66328125 0.05703125 0.08828125
0 0.4359375 0.071875 0.06796875 0.1
0 0.48515625 0.16171875 0.0578125 0.1171875
0 0.51796875 0.04140625 0.06171875 0.08203125
0 0.5671875 0.10703125 0.065625 0.11953125
0 0.64453125 0.059375 0.0578125 0.09140625
0 0.6328125 0.18671875 0.05703125 0.1109375
0 0.54921875 0.259375 0.06875 0.12265625
0 0.60859375 0.375 0.06953125 0.128125
0 0.69296875 0.3109375 0.0671875 0.12578125
0 0.77734375 0.23984375 0.065625 0.10390625
0 0.7140625 0.15 0.0640625 0.1078125
0 0.78125 0.084375 0.0609375 0.10390625
0 0.8625 0.0515625 0.0625 0.084375
0 0.984375 0.1 0.03046875 0.090625
0 0.92109375 0.1421875 0.05859375 0.109375
0 0.85234375 0.19609375 0.06640625 0.0953125
0 0.93359375 0.30234375 0.075 0.11015625
0 0.8578125 0.35703125 0.06796875 0.109375
0 0.77265625 0.4328125 0.06015625 0.12265625
0 0.68828125 0.4859375 0.0734375 0.1359375
0 0.7625 0.66171875 0.07109375 0.1171875
0 0.65390625 0.7390625 0.075 0.134375
0 0.55234375 0.81171875 0.07421875 0.13828125
0 0.84765625 0.571875 0.059375 0.11796875
0 0.9171875 0.765625 0.0671875 0.12421875
0 0.834375 0.815625 0.0703125 0.1234375
0 0.728125 0.896875 0.059375 0.103125
0 0.928125 0.5125 0.0640625 0.1015625