0 0.9828125 0.44140625 0.034375 0.0546875
0 0.9578125 0.56171875 0.0453125 0.05625
0 0.92578125 0.690625 0.0484375 0.05703125
0 0.90234375 0.85234375 0.059375 0.0921875
0 0.98125 0.10625 0.03515625 0.04609375
0 0.95546875 0.16796875 0.03046875 0.046875
0 0.9328125 0.23828125 0.0375 0.05234375
0 0.90390625 0.31015625 0.0421875 0.0625
0 0.87734375 0.3953125 0.03671875 0.06640625
0 0.85390625 0.4984375 0.04375 0.06796875
0 0.815625 0.63515625 0.05 0.0890625
0 0.7609375 0.77890625 0.0515625 0.09921875
0 0.72109375 0.9359375 0.04453125 0.0890625
0 0.90390625 0.08359375 0.02578125 0.0390625
0 0.88125 0.1390625 0.0328125 0.04453125
0 0.85 0.1984375 0.0328125 0.0609375
0 0.8234375 0.271875 0.0390625 0.05703125
0 0.7859375 0.3609375 0.02421875 0.04609375
0 0.746875 0.46484375 0.05078125 0.0671875
0 0.70625 0.58046875 0.04140625 0.05859375
0 0.6546875 0.71875 0.04296875 0.0859375
0 0.59375 0.85 0.04296875 0.0921875
0 0.76640625 0.1671875 0.02421875 0.0484375
0 0.821875 0.034375 0.03359375 0.0453125
0 0.73046875 0.23203125 0.0421875 0.05703125
0 0.69609375 0.3171875 0.03828125 0.0609375
0 0.64921875 0.4078125 0.03828125 0.0640625
0 0.5984375 0.525 0.03984375 0.0734375
0 0.53984375 0.6421875 0.040625 0.0875
0 0.47890625 0.76796875 0.05 0.0859375
0 0.3828125 0.9125 0.04453125 0.096875
0 0.68828125 0.13203125 0.03828125 0.04609375
0 0.65 0.1984375 0.0359375 0.05625
0 0.61171875 0.28203125 0.03125 0.05859375
0 0.565625 0.3734375 0.03359375 0.06640625
0 0.50390625 0.4640625 0.0515625 0.078125
0 0.4359375 0.584375 0.0421875 0.06171875
0 0.3609375 0.69765625 0.04140625 0.075
0 0.28125 0.83046875 0.053125 0.084375
0 0.6109375 0.08828125 0.03125 0.0578125
0 0.56796875 0.16953125 0.03046875 0.059375
0 0.52578125 0.234375 0.02265625 0.05
0 0.47578125 0.3203125 0.0453125 0.07109375
0 0.41015625 0.4140625 0.04921875 0.07265625
0 0.32890625 0.52734375 0.05234375 0.08671875
0 0.25859375 0.62890625 0.0453125 0.0765625
0 0.15625 0.7546875 0.04921875 0.071875
0 0.05390625 0.890625 0.05390625 0.090625
0 0.4921875 0.1234375 0.0546875 0.06015625
0 0.4421875 0.19296875 0.0328125 0.05390625
0 0.37734375 0.2828125 0.046875 0.06015625
0 0.31328125 0.371875 0.04140625 0.071875
0 0.24453125 0.47421875 0.053125 0.06640625
0 0.15546875 0.565625 0.0625 0.0765625
0 0.0640625 0.68046875 0.05078125 0.08046875
0 0.41015625 0.08984375 0.03359375 0.04140625
0 0.35859375 0.16015625 0.03828125 0.0625
0 0.3046875 0.2390625 0.05 0.06953125
0 0.22734375 0.32734375 0.034375 0.05703125
0 0.15625 0.4140625 0.0515625 0.0640625
0 0.0703125 0.515625 0.03984375 0.0625
0 0.340625 0.0609375 0.025 0.0421875
0 0.2875 0.12578125 0.040625 0.06171875
0 0.22109375 0.19609375 0.04609375 0.06328125
0 0.14921875 0.28203125 0.05 0.07421875
0 0.075 0.37421875 0.03671875 0.06796875
0 0.209375 0.10859375 0.040625 0.05859375
0 0.2 0.05 0.0375 0.04296875
0 0.1453125 0.04375 0.0359375 0.0390625
0 0.0828125 0.05 0.034375 0.0515625
0 0.03046875 0.05078125 0.0390625 0.04453125
0 0.1375 0.10078125 0.05 0.05078125
0 0.14921875 0.18125 0.03984375 0.06484375
0 0.0640625 0.26328125 0.0453125 0.0796875
0 0.08046875 0.17421875 0.03046875 0.06640625
0 0.0734375 0.1078125 0.0375 0.06015625
0 0.0203125 0.1625 0.03984375 0.0734375
0 0.01875 0.0984375 0.03359375 0.0625
0 0.0171875 0.23515625 0.034375 0.05859375