0 0.18046875 0.76328125 0.078125 0.15546875
0 0.1296875 0.60390625 0.11953125 0.184375
0 0.090625 0.484375 0.10390625 0.1609375
0 0.05546875 0.346875 0.09140625 0.14609375
0 0.0390625 0.86796875 0.07734375 0.2390625
0 0.07421875 0.02578125 0.034375 0.0515625
0 0.09921875 0.0921875 0.04453125 0.07578125
0 0.13828125 0.18828125 0.06328125 0.1125
0 0.17265625 0.2765625 0.0734375 0.12265625
0 0.21484375 0.38828125 0.08984375 0.12109375
0 0.2703125 0.51484375 0.0921875 0.16484375
0 0.33203125 0.6375 0.08203125 0.11953125
0 0.3921875 0.8046875 0.1015625 0.1296875
0 0.2078125 0.04921875 0.065625 0.0796875
0 0.24921875 0.13359375 0.06875 0.07890625
0 0.29609375 0.22421875 0.0625 0.11171875
0 0.3484375 0.35 0.06875 0.1578125
0 0.4 0.43359375 0.08671875 0.1234375
0 0.4609375 0.55703125 0.090625 0.1234375
0 0.54140625 0.69140625 0.11015625 0.16328125
0 0.63359375 0.91953125 0.1078125 0.1609375
0 0.78359375 0.81484375 0.1109375 0.16953125
0 0.66875 0.63203125 0.09921875 0.1890625
0 0.58359375 0.4984375 0.07734375 0.14453125
0 0.51953125 0.37890625 0.059375 0.11484375
0 0.46015625 0.26953125 0.06640625 0.1328125
0 0.39921875 0.1734375 0.0671875 0.12421875
0 0.34296875 0.0828125 0.0625 0.11953125
0 0.30390625 0.03984375 0.0609375 0.0796875
0 0.440625 0.03984375 0.07421875 0.0796875
0 0.49375 0.1203125 0.0640625 0.10859375
0 0.55390625 0.1953125 0.06328125 0.11328125
0 0.615625 0.29296875 0.0921875 0.1109375
0 0.696875 0.409375 0.07734375 0.11875
0 0.79453125 0.5375 0.1109375 0.17734375
0 0.9 0.6828125 0.09921875 0.1765625
0 0.59296875 0.0578125 0.109375 0.11484375
0 0.64296875 0.1390625 0.06328125 0.08515625
0 0.725 0.0875 0.06484375 0.1109375
0 0.80546875 0.04140625 0.0671875 0.0828125
0 0.7140625 0.2296875 0.078125 0.11875
0 0.80078125 0.31171875 0.09609375 0.134375
0 0.809375 0.1515625 0.07734375 0.1359375
0 0.884375 0.10078125 0.078125 0.109375
0 0.9640625 0.06328125 0.0640625 0.11640625
0 0.9703125 0.1703125 0.059375 0.128125
0 0.89296875 0.24375 0.06875 0.128125
0 0.975 0.328125 0.05 0.1265625
0 0.9 0.43359375 0.0875 0.1453125