0 0.16328125 0.09140625 0.06875 0.08984375
0 0.5640625 0.1265625 0.0671875 0.1109375
0 0.03125 0.075 0.05703125 0.078125
0 0.49296875 0.2828125 0.08125 0.1203125
0 0.55234375 0.39375 0.08828125 0.13671875
0 0.271875 0.059375 0.05234375 0.07421875
0 0.8 0.11796875 0.0546875 0.084375
0 0.215625 0.29296875 0.0796875 0.1125
0 0.7203125 0.46328125 0.06953125 0.13125
0 0.5265625 0.0453125 0.05625 0.08984375
0 0.9671875 0.03203125 0.053125 0.0640625
0 0.75 0.0375 0.05546875 0.075
0 0.609375 0.225 0.0703125 0.11640625
0 0.4671875 0.62421875 0.07109375 0.15
0 0.1875 0.18984375 0.08515625 0.1046875
0 0.05859375 0.2421875 0.0640625 0.10625
0 0.309375 0.13203125 0.07109375 0.10703125
0 0.77109375 0.284375 0.059375 0.09765625
0 0.03515625 0.15625 0.05234375 0.0875
0 0.671875 0.3421875 0.06875 0.1359375
0 0.41953125 0.08203125 0.06484375 0.084375
0 0.865625 0.2265625 0.0640625 0.1078125
0 0.37734375 0.34609375 0.07578125 0.1203125
0 0.45390625 0.1734375 0.06484375 0.11171875
0 0.09609375 0.48359375 0.071875 0.11796875
0 0.8765625 0.771875 0.084375 0.17578125
0 0.2875 0.5390625 0.07421875 0.11875
0 0.66875 0.6890625 0.07578125 0.14296875
0 0.97578125 0.7078125 0.0484375 0.1859375
0 0.24140625 0.41796875 0.07578125 0.10546875
0 0.92421875 0.34296875 0.06171875 0.1234375
0 0.4234375 0.48203125 0.078125 0.14453125
0 0.95 0.15546875 0.0609375 0.0984375
0 0.60859375 0.025 0.06171875 0.05
0 0.9 0.5515625 0.06875 0.11328125
0 0.66328125 0.08828125 0.05234375 0.0765625
0 0.71015625 0.178125 0.06328125 0.109375
0 0.1671875 0.81484375 0.0890625 0.15546875
0 0.60546875 0.5421875 0.08046875 0.13671875
0 0.890625 0.07109375 0.04921875 0.09375
0 0.0796875 0.35625 0.0671875 0.08984375
0 0.33203125 0.2265625 0.06796875 0.11328125
0 0.796875 0.60703125 0.0671875 0.15625
0 0.03046875 0.0203125 0.06015625 0.040625
0 0.73984375 0.8828125 0.0796875 0.13515625
0 0.9515625 0.94609375 0.08671875 0.10234375
0 0.98125 0.490625 0.0375 0.1953125
0 0.53359375 0.79765625 0.0671875 0.13984375
0 0.33359375 0.7078125 0.10546875 0.16484375
0 0.83046875 0.3984375 0.06484375 0.11015625
0 0.12421875 0.64140625 0.09140625 0.128125
0 0.37421875 0.896875 0.0796875 0.13046875
0 0.1375 0.02734375 0.05 0.05390625