0 0.06953125 0.7203125 0.07265625 0.11640625
0 0.02890625 0.54375 0.046875 0.09765625
0 0.1203125 0.46171875 0.03359375 0.06796875
0 0.1640625 0.61484375 0.059375 0.12421875
0 0.05625 0.24921875 0.04765625 0.07265625
0 0.01640625 0.1390625 0.0328125 0.096875
0 0.0578125 0.03125 0.05 0.0625
0 0.0921875 0.10078125 0.04453125 0.08203125
0 0.15859375 0.05234375 0.04296875 0.0734375
0 0.20078125 0.140625 0.04765625 0.08359375
0 0.22734375 0.025 0.0453125 0.05
0 0.27578125 0.075 0.0484375 0.0921875
0 0.33828125 0.04453125 0.03828125 0.075
0 0.37734375 0.1375 0.03828125 0.0859375
0 0.32265625 0.17890625 0.0546875 0.08046875
0 0.2390625 0.22890625 0.0578125 0.09296875
0 0.1734375 0.2828125 0.0625 0.09609375
0 0.2125 0.415625 0.04453125 0.09375
0 0.28046875 0.340625 0.0421875 0.06171875
0 0.3609375 0.290625 0.0484375 0.10234375
0 0.42578125 0.24609375 0.03984375 0.0828125
0 0.49375 0.18046875 0.05234375 0.1015625
0 0.50625 0.05 0.046875 0.078125
0 0.44296875 0.08515625 0.04453125 0.06875
0 0.56328125 0.025 0.0453125 0.05
0 0.55859375 0.14453125 0.04140625 0.08203125
0 0.6140625 0.09296875 0.04453125 0.09375
0 0.65859375 0.06484375 0.046875 0.08046875
0 0.71171875 0.0390625 0.0546875 0.078125
0 0.25703125 0.53984375 0.05859375 0.11875
0 0.32890625 0.459375 0.0578125 0.09765625
0 0.40625 0.403125 0.0546875 0.09453125
0 0.46640625 0.3484375 0.06015625 0.103125
0 0.5328125 0.284375 0.04609375 0.08984375
0 0.603125 0.23203125 0.04765625 0.08984375
0 0.659375 0.19609375 0.05 0.08046875
0 0.7046875 0.14140625 0.04765625 0.075
0 0.76015625 0.1109375 0.0546875 0.09609375
0 0.81171875 0.08125 0.053125 0.075
0 0.85703125 0.04921875 0.046875 0.0984375
0 0.8921875 0.025 0.04375 0.05
0 0.9828125 0.08046875 0.03125 0.0671875
0 0.946875 0.1078125 0.04140625 0.07890625
0 0.909375 0.13828125 0.05 0.07109375
0 0.8734375 0.16875 0.0703125 0.08984375
0 0.81953125 0.2109375 0.0625 0.0828125
0 0.77421875 0.25546875 0.059375 0.08046875
0 0.74765625 0.29140625 0.02890625 0.0515625
0 0.7140625 0.30390625 0.0296875 0.05859375
0 0.6546875 0.3421875 0.0375 0.090625
0 0.59296875 0.378125 0.0484375 0.075
0 0.53984375 0.46953125 0.04921875 0.09921875
0 0.46484375 0.5421875 0.0453125 0.0875
0 0.39921875 0.625 0.05703125 0.13125
0 0.44375 0.77421875 0.0484375 0.09609375
0 0.34765625 0.8546875 0.0609375 0.09921875
0 0.52265625 0.6828125 0.06953125 0.09296875
0 0.59453125 0.59765625 0.05 0.08828125
0 0.6484375 0.52109375 0.05 0.09765625
0 0.7234375 0.4765625 0.0609375 0.09453125
0 0.78203125 0.42421875 0.04375 0.10546875
0 0.83125 0.36875 0.0609375 0.08671875
0 0.87890625 0.32421875 0.03515625 0.08125
0 0.9171875 0.26875 0.04296875 0.071875
0 0.95625 0.24296875 0.04140625 0.06796875
0 0.97421875 0.3734375 0.04140625 0.090625
0 0.9375 0.41484375 0.03671875 0.07421875
0 0.88984375 0.471875 0.0453125 0.06953125
0 0.84765625 0.546875 0.0578125 0.10546875
0 0.78984375 0.596875 0.0515625 0.0828125
0 0.71796875 0.66171875 0.0515625 0.0859375
0 0.303125 0.69375 0.03359375 0.075