0 0.13125 0.08359375 0.0515625 0.0921875
0 0.10546875 0.2203125 0.05859375 0.1078125
0 0.1765625 0.171875 0.05390625 0.10546875
0 0.61015625 0.0421875 0.0546875 0.084375
0 0.6171875 0.19296875 0.05234375 0.0859375
0 0.06171875 0.35390625 0.07265625 0.125
0 0.259375 0.1375 0.05390625 0.0953125
0 0.40234375 0.18984375 0.065625 0.1203125
0 0.309375 0.36953125 0.06640625 0.128125
0 0.3921875 0.33046875 0.06953125 0.12734375
0 0.40703125 0.05625 0.05234375 0.08359375
0 0.33125 0.228125 0.06015625 0.1046875
0 0.33671875 0.10859375 0.05390625 0.09375
0 0.278125 0.0296875 0.05078125 0.059375
0 0.159375 0.31796875 0.06640625 0.1140625
0 0.559375 0.3828125 0.07578125 0.12265625
0 0.47578125 0.2859375 0.06796875 0.1296875
0 0.56015625 0.2421875 0.06484375 0.11484375
0 0.2421875 0.26328125 0.0671875 0.11328125
0 0.6796875 0.1421875 0.0625 0.1
0 0.7515625 0.09140625 0.0671875 0.11015625
0 0.79375 0.03671875 0.0515625 0.0734375
0 0.7734375 0.92109375 0.0921875 0.1421875
0 0.221875 0.4125 0.06875 0.128125
0 0.15 0.91640625 0.071875 0.1671875
0 0.0203125 0.2421875 0.040625 0.121875
0 0.6296875 0.3359375 0.06484375 0.11171875
0 0.07265625 0.7078125 0.08359375 0.15234375
0 0.47421875 0.15859375 0.05234375 0.090625
0 0.2140625 0.06015625 0.05703125 0.084375
0 0.11640625 0.4734375 0.06953125 0.11328125
0 0.04375 0.12421875 0.059375 0.10234375
0 0.2984375 0.5484375 0.07109375 0.146875
0 0.57578125 0.8125 0.0828125 0.15546875
0 0.38125 0.4921875 0.07265625 0.12109375
0 0.7671875 0.234375 0.0703125 0.11640625
0 0.54296875 0.1 0.05234375 0.08515625
0 0.4828125 0.9265625 0.075 0.146875
0 0.01875 0.5515625 0.0375 0.14921875
0 0.69765625 0.29375 0.075 0.109375
0 0.47578125 0.453125 0.07578125 0.14453125
0 0.721875 0.4640625 0.078125 0.12109375
0 0.38125 0.71796875 0.07421875 0.11484375
0 0.86484375 0.33203125 0.07578125 0.11875
0 0.790625 0.40390625 0.0703125 0.12734375
0 0.82109375 0.57734375 0.078125 0.12578125
0 0.19453125 0.63125 0.06796875 0.12109375
0 0.746875 0.66171875 0.07890625 0.1234375
0 0.9 0.50703125 0.0921875 0.1515625
0 0.56484375 0.575 0.06484375 0.115625
0 0.83671875 0.1734375 0.08203125 0.115625
0 0.6625 0.74609375 0.071875 0.1703125
0 0.48515625 0.6359375 0.07734375 0.12734375
0 0.275 0.80625 0.07109375 0.12109375
0 0.8609375 0.80546875 0.0734375 0.1234375
0 0.6546875 0.52578125 0.075 0.11484375