0 0.8828125 0.66484375 0.17578125 0.259375
0 0.9328125 0.4609375 0.134375 0.2390625
0 0.9625 0.2890625 0.07421875 0.1375
0 0.8625 0.10234375 0.07578125 0.1546875
0 0.82109375 0.21484375 0.09453125 0.1515625
0 0.7640625 0.3609375 0.1171875 0.18671875
0 0.665625 0.5734375 0.128125 0.23046875
0 0.55859375 0.81328125 0.1671875 0.32265625
0 0.73828125 0.0578125 0.0671875 0.115625
0 0.68515625 0.15 0.09375 0.1515625
0 0.50390625 0.42734375 0.13203125 0.184375
0 0.3359375 0.66640625 0.13515625 0.2625
0 0.2015625 0.503125 0.12265625 0.24609375
0 0.36484375 0.309375 0.09609375 0.18515625
0 0.48203125 0.1796875 0.1140625 0.1796875
0 0.56875 0.090625 0.0828125 0.1359375
0 0.35546875 0.1046875 0.11015625 0.16328125
0 0.24140625 0.2078125 0.11953125 0.20625
0 0.1390625 0.1296875 0.11953125 0.18125
0 0.06796875 0.3640625 0.1296875 0.2078125
0 0.271875 0.0515625 0.1 0.103125