0 0.29296875 0.91640625 0.10703125 0.103125
0 0.1390625 0.79609375 0.0796875 0.10625
0 0.02109375 0.71953125 0.0421875 0.0734375
0 0.13984375 0.5796875 0.109375 0.11015625
0 0.2765625 0.66875 0.1234375 0.109375
0 0.41875 0.7765625 0.12421875 0.12421875
0 0.60078125 0.90546875 0.134375 0.08984375
0 0.703125 0.81796875 0.109375 0.09140625
0 0.84765625 0.7015625 0.12265625 0.11484375
0 0.9046875 0.91328125 0.13359375 0.1671875
0 0.55625 0.7 0.10390625 0.1078125
0 0.68125 0.615625 0.125 0.109375
0 0.41796875 0.58671875 0.1453125 0.0953125
0 0.5390625 0.51015625 0.1234375 0.11796875
0 0.42421875 0.42421875 0.09921875 0.134375
0 0.321875 0.50859375 0.0640625 0.1109375
0 0.2421875 0.42578125 0.06328125 0.1140625
0 0.2984375 0.3171875 0.1125 0.096875
0 0.340625 0.23515625 0.0875 0.096875
0 0.471875 0.2703125 0.08203125 0.0703125
0 0.51796875 0.33671875 0.08828125 0.06875
0 0.65 0.43671875 0.1265625 0.134375
0 0.82890625 0.4203125 0.09140625 0.0953125
0 0.8 0.5296875 0.1 0.06484375
0 0.95078125 0.61484375 0.09765625 0.12890625
0 0.96015625 0.496875 0.0796875 0.11015625
0 0.928125 0.33828125 0.078125 0.08984375
0 0.8046875 0.284375 0.0875 0.08046875
0 0.6875 0.328125 0.0875 0.0609375
0 0.5921875 0.27578125 0.06796875 0.065625
0 0.67421875 0.21640625 0.0625 0.0640625
0 0.54765625 0.19453125 0.096875 0.07265625
0 0.959375 0.1953125 0.06796875 0.084375
0 0.9390625 0.26953125 0.09609375 0.05
0 0.81171875 0.2109375 0.0890625 0.06171875
0 0.8140625 0.1484375 0.07578125 0.04765625
0 0.825 0.09140625 0.090625 0.0625
0 0.84609375 0.03125 0.10234375 0.05078125
0 0.946875 0.06171875 0.06171875 0.06484375
0 0.94140625 0.01484375 0.0890625 0.028125
0 0.65 0.15078125 0.0765625 0.06015625
0 0.59140625 0.0703125 0.05078125 0.06171875
0 0.55703125 0.02421875 0.08046875 0.04765625
0 0.50390625 0.09453125 0.09921875 0.0921875
0 0.4125 0.1421875 0.078125 0.10859375
0 0.05 0.2296875 0.07890625 0.065625
0 0.01640625 0.1125 0.0328125 0.05625
0 0.07734375 0.05078125 0.0546875 0.05703125
0 0.13828125 0.17265625 0.05625 0.07578125
0 0.2 0.1265625 0.06484375 0.059375
0 0.2671875 0.059375 0.06796875 0.0515625
0 0.32265625 0.09609375 0.08828125 0.103125
0 0.41328125 0.04453125 0.08828125 0.0890625
0 0.34609375 0.0265625 0.065625 0.053125