0 0.053125 0.10546875 0.04296875 0.08515625
0 0.1140625 0.0390625 0.05234375 0.0765625
0 0.17421875 0.06171875 0.0375 0.065625
0 0.1296875 0.1328125 0.04296875 0.08671875
0 0.0640625 0.2265625 0.04921875 0.1
0 0.25703125 0.09453125 0.04375 0.096875
0 0.203125 0.171875 0.04609375 0.09140625
0 0.14609375 0.26875 0.05625 0.10546875
0 0.08046875 0.3765625 0.05390625 0.10546875
0 0.0203125 0.4921875 0.040625 0.12421875
0 0.3015625 0.0359375 0.04140625 0.071875
0 0.3734375 0.06015625 0.03984375 0.07578125
0 0.45390625 0.109375 0.0515625 0.078125
0 0.47421875 0.02890625 0.0359375 0.0578125
0 0.4046875 0.17734375 0.05078125 0.084375
0 0.33046875 0.14453125 0.046875 0.08359375
0 0.28984375 0.22578125 0.03984375 0.08125
0 0.37421875 0.265625 0.04921875 0.07421875
0 0.3359375 0.378125 0.059375 0.0984375
0 0.24140625 0.31953125 0.06640625 0.12578125
0 0.1671875 0.43671875 0.05859375 0.10703125
0 0.1015625 0.55625 0.0671875 0.14140625
0 0.021875 0.678125 0.04375 0.146875
0 0.0453125 0.93203125 0.08984375 0.1359375
0 0.12265625 0.7671875 0.0578125 0.14140625
0 0.2015625 0.625 0.05625 0.12890625
0 0.26015625 0.48671875 0.05390625 0.1171875
0 0.24453125 0.8765625 0.07890625 0.15234375
0 0.315625 0.71015625 0.08046875 0.13125
0 0.3640625 0.55234375 0.07890625 0.128125
0 0.41484375 0.42734375 0.0625 0.11171875
0 0.45859375 0.31875 0.053125 0.09921875
0 0.5 0.2203125 0.065625 0.1015625
0 0.525 0.1546875 0.05078125 0.08359375
0 0.3703125 0.9609375 0.07421875 0.07734375
0 0.43125 0.79609375 0.08125 0.15078125
0 0.47578125 0.61015625 0.0625 0.1171875
0 0.51328125 0.484375 0.06953125 0.09453125
0 0.54375 0.3703125 0.05078125 0.0796875
0 0.58671875 0.265625 0.0640625 0.084375
0 0.61171875 0.18203125 0.04609375 0.09140625
0 0.63828125 0.1125 0.04921875 0.08125
0 0.659375 0.03125 0.04375 0.0625
0 0.75078125 0.02734375 0.04296875 0.05390625
0 0.7359375 0.07109375 0.0484375 0.06796875
0 0.71953125 0.13671875 0.06015625 0.08515625
0 0.69765625 0.21796875 0.05703125 0.078125
0 0.6765625 0.30546875 0.04765625 0.08828125
0 0.653125 0.4078125 0.0609375 0.1296875
0 0.62890625 0.534375 0.0609375 0.1265625
0 0.5984375 0.70078125 0.0859375 0.1578125
0 0.54921875 0.87578125 0.06484375 0.1328125
0 0.68984375 0.9515625 0.065625 0.096875
0 0.7140625 0.77109375 0.06640625 0.1171875
0 0.74375 0.6078125 0.06015625 0.11328125
0 0.765625 0.46953125 0.06875 0.09609375
0 0.784375 0.35859375 0.06171875 0.09921875
0 0.80390625 0.27421875 0.0578125 0.09140625
0 0.80625 0.19140625 0.04609375 0.0734375
0 0.815625 0.11640625 0.0484375 0.084375
0 0.83125 0.05234375 0.0546875 0.07421875
0 0.925 0.02734375 0.0453125 0.05390625
0 0.921875 0.08828125 0.059375 0.08515625
0 0.903125 0.16015625 0.046875 0.08046875
0 0.89921875 0.2453125 0.04921875 0.1
0 0.90078125 0.32890625 0.06953125 0.1
0 0.88984375 0.41484375 0.06015625 0.0875
0 0.871875 0.52890625 0.05 0.0890625
0 0.86953125 0.675 0.06875 0.10546875
0 0.853125 0.83203125 0.06640625 0.1234375