0 0.971875 0.8890625 0.053125 0.1296875
0 0.8328125 0.7828125 0.078125 0.1296875
0 0.86328125 0.6046875 0.08828125 0.1375
0 0.89296875 0.47109375 0.06015625 0.09453125
0 0.9171875 0.35 0.04296875 0.06171875
0 0.9390625 0.24296875 0.05234375 0.08515625
0 0.85 0.14453125 0.04453125 0.07421875
0 0.80859375 0.2875 0.04609375 0.0859375
0 0.78515625 0.41640625 0.05390625 0.0921875
0 0.68203125 0.32578125 0.05703125 0.09140625
0 0.74140625 0.54609375 0.059375 0.10859375
0 0.703125 0.70078125 0.06796875 0.11171875
0 0.6546875 0.89375 0.08046875 0.14296875
0 0.52109375 0.809375 0.0796875 0.1328125
0 0.29375 0.9109375 0.0703125 0.13125
0 0.17109375 0.82109375 0.0625 0.12421875
0 0.27265625 0.63984375 0.06171875 0.11484375
0 0.3859375 0.709375 0.071875 0.1140625
0 0.46875 0.53671875 0.0609375 0.090625
0 0.57890625 0.6140625 0.06953125 0.12578125
0 0.6359375 0.47421875 0.06015625 0.1
0 0.58203125 0.30234375 0.0453125 0.090625
0 0.48203125 0.2359375 0.0421875 0.0890625
0 0.42421875 0.3421875 0.05625 0.0921875
0 0.3578125 0.47734375 0.0578125 0.12265625
0 0.06875 0.73515625 0.065625 0.14453125
0 0.17109375 0.5546875 0.06484375 0.0984375
0 0.0875 0.50234375 0.06171875 0.1
0 0.17265625 0.37578125 0.06015625 0.1
0 0.25859375 0.4203125 0.0671875 0.0953125
0 0.33203125 0.303125 0.0546875 0.08828125
0 0.38984375 0.1890625 0.04921875 0.0890625
0 0.08515625 0.34375 0.05625 0.0859375
0 0.0140625 0.33046875 0.028125 0.0984375
0 0.16015625 0.259375 0.04296875 0.0640625
0 0.25 0.2734375 0.02890625 0.04921875
0 0.30625 0.17578125 0.04296875 0.075
0 0.23671875 0.1703125 0.04453125 0.07421875
0 0.09609375 0.23984375 0.0484375 0.0734375
0 0.02578125 0.234375 0.0421875 0.07421875
0 0.04609375 0.1609375 0.0453125 0.0734375
0 0.103125 0.15546875 0.0421875 0.075
0 0.01796875 0.09296875 0.0359375 0.0671875
0 0.021875 0.0390625 0.04296875 0.06015625
0 0.06875 0.04296875 0.03046875 0.0421875
0 0.05625 0.09140625 0.04765625 0.071875
0 0.1109375 0.09765625 0.04921875 0.05703125
0 0.11875 0.04140625 0.02734375 0.040625
0 0.1671875 0.0328125 0.03828125 0.0578125
0 0.1671875 0.090625 0.04453125 0.053125
0 0.1703125 0.1625 0.04609375 0.0765625
0 0.22578125 0.08984375 0.040625 0.06015625
0 0.225 0.03203125 0.0421875 0.0640625
0 0.2859375 0.0296875 0.04296875 0.05078125
0 0.28828125 0.078125 0.03671875 0.05390625