0 0.05390625 0.32109375 0.1078125 0.4609375
0 0.1234375 0.2078125 0.09765625 0.415625
0 0.21171875 0.19296875 0.08828125 0.3765625
0 0.10078125 0.71484375 0.1640625 0.5703125
0 0.1953125 0.4671875 0.0609375 0.24375
0 0.42890625 0.35703125 0.090625 0.30078125
0 0.42265625 0.1 0.0796875 0.2
0 0.52890625 0.19609375 0.0953125 0.3921875
0 0.61015625 0.053125 0.03984375 0.10625
0 0.6296875 0.18671875 0.0484375 0.1796875
0 0.2734375 0.75859375 0.12109375 0.4828125
0 0.3140625 0.24140625 0.03984375 0.19921875
0 0.434375 0.7484375 0.14375 0.49375
0 0.6015625 0.73359375 0.1421875 0.496875
0 0.74375 0.73125 0.13046875 0.50703125
0 0.5625 0.4734375 0.05546875 0.20703125
0 0.67265625 0.359375 0.0890625 0.33828125
0 0.725 0.14609375 0.078125 0.2921875
0 0.79765625 0.34140625 0.1078125 0.38515625
0 0.83515625 0.12109375 0.0734375 0.2421875
0 0.90078125 0.31484375 0.0953125 0.321875
0 0.8703125 0.690625 0.12265625 0.49140625
0 0.93515625 0.1109375 0.0890625 0.22109375