0 0.58828125 0.0390625 0.04609375 0.06875
0 0.1328125 0.03828125 0.04921875 0.07578125
0 0.04609375 0.0921875 0.053125 0.09140625
0 0.17734375 0.11796875 0.04765625 0.08828125
0 0.6078125 0.1640625 0.04765625 0.071875
0 0.2578125 0.07421875 0.05546875 0.10234375
0 0.5484375 0.19375 0.04765625 0.0796875
0 0.871875 0.50234375 0.04765625 0.0828125
0 0.390625 0.4484375 0.05625 0.10390625
0 0.525 0.0671875 0.0484375 0.08671875
0 0.1875 0.6046875 0.07109375 0.13984375
0 0.85390625 0.15078125 0.04765625 0.0796875
0 0.12265625 0.44375 0.06640625 0.109375
0 0.7515625 0.6140625 0.05859375 0.1015625
0 0.05546875 0.3296875 0.0703125 0.11328125
0 0.09765625 0.16953125 0.0515625 0.084375
0 0.78046875 0.375 0.05625 0.0921875
0 0.3328125 0.15546875 0.0640625 0.1046875
0 0.46640625 0.1015625 0.05390625 0.08046875
0 0.8921875 0.30234375 0.04375 0.07734375
0 0.39921875 0.12734375 0.05625 0.08203125
0 0.9 0.09765625 0.05234375 0.09140625
0 0.80234375 0.1875 0.05078125 0.078125
0 0.33515625 0.03671875 0.05546875 0.0734375
0 0.08125 0.6828125 0.08125 0.1390625
0 0.97890625 0.396875 0.0421875 0.08828125
0 0.6671875 0.12734375 0.04375 0.07109375
0 0.71640625 0.41796875 0.04296875 0.08046875
0 0.75234375 0.23359375 0.05 0.07265625
0 0.84140625 0.3453125 0.040625 0.07421875
0 0.0234375 0.53671875 0.046875 0.1375
0 0.93359375 0.46328125 0.04140625 0.07421875
0 0.81171875 0.55078125 0.0484375 0.0953125
0 0.47578125 0.37890625 0.04921875 0.08046875
0 0.221875 0.38515625 0.06171875 0.1234375
0 0.2984375 0.515625 0.0625 0.11171875
0 0.15625 0.2703125 0.0515625 0.08046875
0 0.66171875 0.028125 0.059375 0.05625
0 0.66640625 0.66796875 0.0640625 0.11328125
0 0.565625 0.34609375 0.0625 0.09765625
0 0.3984375 0.27265625 0.0484375 0.08203125
0 0.78984375 0.85390625 0.071875 0.121875
0 0.31015625 0.32421875 0.0546875 0.0953125
0 0.57734375 0.51328125 0.05234375 0.10625
0 0.25078125 0.22421875 0.06171875 0.0953125
0 0.69375 0.2671875 0.04765625 0.07734375
0 0.6484375 0.4546875 0.0703125 0.10234375
0 0.5875 0.7625 0.04921875 0.0953125
0 0.784375 0.06015625 0.065625 0.08125
0 0.47578125 0.2234375 0.05234375 0.07734375
0 0.3875 0.66875 0.05703125 0.13125
0 0.8546875 0.74609375 0.08125 0.1234375
0 0.4875 0.60625 0.065625 0.115625
0 0.821875 0.0296875 0.04375 0.05859375
0 0.15390625 0.890625 0.0796875 0.159375
0 0.4890625 0.88046875 0.0484375 0.10859375
0 0.62890625 0.30234375 0.05390625 0.08046875
0 0.696875 0.95 0.0703125 0.09921875
0 0.265625 0.77734375 0.05390625 0.10234375
0 0.725 0.10390625 0.03828125 0.065625
0 0.53828125 0.82421875 0.03828125 0.0875