0 0.19921875 0.08125 0.06796875 0.1046875
0 0.4671875 0.04765625 0.065625 0.0953125
0 0.25234375 0.15390625 0.0640625 0.10703125
0 0.36171875 0.1078125 0.059375 0.10546875
0 0.071875 0.13671875 0.075 0.09921875
0 0.04375 0.0546875 0.0671875 0.0890625
0 0.54140625 0.1421875 0.065625 0.11171875
0 0.309375 0.04296875 0.05546875 0.0859375
0 0.3046875 0.2484375 0.0546875 0.1
0 0.12421875 0.22734375 0.07578125 0.10234375
0 0.034375 0.38671875 0.06875 0.12109375
0 0.175 0.31484375 0.07734375 0.1140625
0 0.584375 0.4484375 0.06875 0.10078125
0 0.446875 0.51796875 0.05390625 0.10078125
0 0.16328125 0.0296875 0.07265625 0.05859375
0 0.96953125 0.03984375 0.0609375 0.0796875
0 0.60546875 0.24296875 0.0671875 0.115625
0 0.634375 0.07734375 0.0609375 0.11328125
0 0.7140625 0.034375 0.06875 0.06875
0 0.89609375 0.2609375 0.07109375 0.128125
0 0.91796875 0.74140625 0.090625 0.18203125
0 0.4296875 0.19765625 0.05234375 0.08828125
0 0.8046875 0.8328125 0.08671875 0.17265625
0 0.21328125 0.93828125 0.075 0.1234375
0 0.8015625 0.325 0.08125 0.12109375
0 0.71171875 0.19765625 0.0671875 0.1125
0 0.790625 0.56640625 0.07890625 0.13046875
0 0.6921875 0.3875 0.07578125 0.1203125
0 0.6609375 0.9234375 0.09453125 0.1484375
0 0.0671875 0.5484375 0.075 0.12265625
0 0.31328125 0.6171875 0.084375 0.17421875
0 0.403125 0.8046875 0.08515625 0.15625
0 0.80234375 0.1390625 0.0734375 0.1
0 0.89375 0.075 0.07734375 0.11328125
0 0.23515625 0.45 0.08203125 0.13671875
0 0.97578125 0.19453125 0.0484375 0.159375
0 0.13515625 0.72890625 0.08203125 0.14296875
0 0.56015625 0.02734375 0.06875 0.05390625
0 0.90546875 0.48671875 0.07578125 0.1375
0 0.4953125 0.31328125 0.065625 0.10625
0 0.68515625 0.6328125 0.07578125 0.1328125
0 0.55859375 0.72734375 0.09140625 0.1296875
0 0.37578125 0.3671875 0.06796875 0.1171875