0 0.88359375 0.68515625 0.090625 0.134375
0 0.74609375 0.80859375 0.078125 0.1453125
0 0.603125 0.90234375 0.084375 0.15859375
0 0.87578125 0.4296875 0.09375 0.14140625
0 0.7546875 0.5234375 0.0671875 0.121875
0 0.634375 0.584375 0.07265625 0.140625
0 0.51015625 0.68203125 0.06796875 0.115625
0 0.3578125 0.80546875 0.08515625 0.1390625
0 0.18046875 0.93046875 0.096875 0.1390625
0 0.115625 0.72890625 0.0875 0.1453125
0 0.28046875 0.6265625 0.065625 0.13984375
0 0.4171875 0.521875 0.07265625 0.12578125
0 0.5515625 0.4453125 0.071875 0.1125
0 0.67265625 0.39375 0.07734375 0.1296875
0 0.77265625 0.29921875 0.06796875 0.09921875
0 0.871875 0.221875 0.07109375 0.09140625
0 0.96796875 0.14921875 0.05703125 0.0859375
0 0.88046875 0.06171875 0.06328125 0.0953125
0 0.78828125 0.13359375 0.0765625 0.10234375
0 0.67890625 0.19453125 0.059375 0.1171875
0 0.58359375 0.26328125 0.04375 0.10390625
0 0.47421875 0.3328125 0.0625 0.10234375
0 0.35 0.403125 0.07578125 0.1359375
0 0.225 0.4734375 0.0796875 0.1328125
0 0.07421875 0.5890625 0.08203125 0.13203125
0 0.696875 0.04453125 0.053125 0.084375
0 0.61171875 0.11640625 0.0421875 0.06015625
0 0.5171875 0.16640625 0.0640625 0.10546875
0 0.40390625 0.22578125 0.0578125 0.0890625
0 0.29296875 0.2796875 0.06015625 0.09296875
0 0.16015625 0.371875 0.0796875 0.121875
0 0.025 0.4453125 0.04921875 0.1203125
0 0.453125 0.07109375 0.06328125 0.10546875
0 0.34765625 0.1234375 0.0515625 0.090625
0 0.2390625 0.1765625 0.0578125 0.10859375
0 0.10859375 0.240625 0.07421875 0.1265625
0 0.29765625 0.040625 0.053125 0.08046875
0 0.1859375 0.0859375 0.0546875 0.11953125
0 0.07421875 0.134375 0.06015625 0.11640625
0 0.03671875 0.05625 0.05 0.075