0 0.0734375 0.28125 0.0609375 0.09140625
0 0.93671875 0.0515625 0.0734375 0.10234375
0 0.02578125 0.128125 0.05 0.08125
0 0.15 0.06875 0.0421875 0.06875
0 0.86640625 0.0828125 0.07265625 0.125
0 0.8578125 0.725 0.078125 0.1546875
0 0.70859375 0.196875 0.06796875 0.115625
0 0.790625 0.13984375 0.0671875 0.10078125
0 0.19453125 0.20390625 0.0578125 0.09453125
0 0.96640625 0.9203125 0.0671875 0.153125
0 0.515625 0.32734375 0.040625 0.08046875
0 0.45390625 0.20078125 0.0625 0.090625
0 0.39375 0.06875 0.0578125 0.090625
0 0.4296875 0.86640625 0.06953125 0.1421875
0 0.95078125 0.38359375 0.08671875 0.13828125
0 0.30390625 0.13203125 0.05625 0.1015625
0 0.60859375 0.2578125 0.05703125 0.08828125
0 0.234375 0.75859375 0.0640625 0.12265625
0 0.70546875 0.03515625 0.0578125 0.0703125
0 0.35078125 0.26796875 0.05 0.10078125
0 0.2578125 0.0296875 0.0609375 0.059375
0 0.3046875 0.5078125 0.06640625 0.140625
0 0.48828125 0.0328125 0.06015625 0.06484375
0 0.5515625 0.740625 0.0765625 0.12890625
0 0.9421875 0.18671875 0.075 0.1078125
0 0.86484375 0.46015625 0.07265625 0.1265625
0 0.684375 0.3953125 0.06171875 0.11171875
0 0.16875 0.58671875 0.06015625 0.1125
0 0.29765625 0.96328125 0.084375 0.0734375
0 0.24921875 0.34296875 0.05234375 0.09765625
0 0.778125 0.32265625 0.06171875 0.10859375
0 0.115625 0.42734375 0.059375 0.10625
0 0.41328125 0.4125 0.05859375 0.1234375
0 0.5859375 0.47734375 0.06328125 0.11953125
0 0.48046875 0.5640625 0.06015625 0.1171875
0 0.8625 0.2453125 0.0625 0.1140625
0 0.6328125 0.0734375 0.05078125 0.08359375
0 0.65703125 0.946875 0.04921875 0.09296875
0 0.7546875 0.84921875 0.07890625 0.14765625
0 0.7671875 0.55078125 0.07109375 0.1296875
0 0.96015625 0.63359375 0.06953125 0.128125
0 0.3609375 0.67890625 0.0640625 0.12578125
0 0.04609375 0.69453125 0.05234375 0.1171875
0 0.55 0.12890625 0.05 0.0875
0 0.79375 0.415625 0.03828125 0.05234375