0 0.04140625 0.94140625 0.07734375 0.1171875
0 0.0265625 0.775 0.053125 0.16171875
0 0.20390625 0.83515625 0.10078125 0.14609375
0 0.16171875 0.66953125 0.0828125 0.19140625
0 0.11484375 0.52421875 0.07734375 0.13203125
0 0.0671875 0.39375 0.0859375 0.1390625
0 0.04375 0.27734375 0.078125 0.10546875
0 0.0203125 0.1890625 0.040625 0.0890625
0 0.10234375 0.04609375 0.0625 0.0921875
0 0.121875 0.128125 0.0578125 0.1046875
0 0.16328125 0.228125 0.06171875 0.1203125
0 0.21171875 0.32109375 0.0671875 0.10390625
0 0.253125 0.44375 0.0671875 0.1125
0 0.3140625 0.590625 0.08515625 0.1421875
0 0.3625 0.70703125 0.09375 0.17265625
0 0.43828125 0.909375 0.09375 0.18046875
0 0.20078125 0.0328125 0.0625 0.065625
0 0.22890625 0.0875 0.05078125 0.0703125
0 0.2796875 0.17109375 0.06015625 0.109375
0 0.32890625 0.2609375 0.0609375 0.1109375
0 0.3671875 0.36796875 0.053125 0.13125
0 0.43046875 0.48828125 0.071875 0.15078125
0 0.50859375 0.60546875 0.07421875 0.13515625
0 0.584375 0.78046875 0.0875 0.16875
0 0.8171875 0.82109375 0.0828125 0.178125
0 0.71640625 0.65859375 0.1015625 0.190625
0 0.63125 0.509375 0.0921875 0.15703125
0 0.5515625 0.37890625 0.07421875 0.14375
0 0.49296875 0.30078125 0.071875 0.134375
0 0.4296875 0.21640625 0.06484375 0.12109375
0 0.37890625 0.13828125 0.06171875 0.11953125
0 0.3375 0.04609375 0.05 0.0921875
0 0.47421875 0.08046875 0.0671875 0.11015625
0 0.5203125 0.165625 0.071875 0.0984375
0 0.5859375 0.2390625 0.0765625 0.1140625
0 0.66015625 0.3265625 0.05859375 0.1046875
0 0.7375 0.41796875 0.078125 0.1296875
0 0.83203125 0.55234375 0.0625 0.128125
0 0.94609375 0.73515625 0.075 0.1703125
0 0.93828125 0.5015625 0.0921875 0.15390625
0 0.8421875 0.37578125 0.07421875 0.12734375
0 0.74921875 0.27890625 0.059375 0.12421875
0 0.675 0.19765625 0.07578125 0.125
0 0.6078125 0.11953125 0.06015625 0.103125
0 0.553125 0.04296875 0.0546875 0.084375
0 0.6984375 0.08046875 0.06171875 0.10625
0 0.778125 0.04609375 0.06484375 0.0921875
0 0.75859375 0.15234375 0.06484375 0.11015625
0 0.8421875 0.11015625 0.059375 0.09609375
0 0.91015625 0.04921875 0.0609375 0.0984375
0 0.92578125 0.19921875 0.06015625 0.125
0 0.91875 0.31328125 0.08046875 0.1203125
0 0.83828125 0.22734375 0.08046875 0.1265625