0 0.46875 0.15625 0.0859375 0.11328125
0 0.475 0.04375 0.08125 0.08671875
0 0.36171875 0.13671875 0.06328125 0.1015625
0 0.34609375 0.25 0.0890625 0.10625
0 0.33046875 0.36640625 0.0796875 0.10546875
0 0.31328125 0.4984375 0.07734375 0.1109375
0 0.303125 0.60625 0.06796875 0.08515625
0 0.2921875 0.7140625 0.08125 0.10234375
0 0.275 0.83359375 0.078125 0.1109375
0 0.26171875 0.95859375 0.0890625 0.0828125
0 0.2484375 0.0765625 0.0796875 0.096875
0 0.23671875 0.19140625 0.09375 0.12109375
0 0.221875 0.33828125 0.0875 0.1046875
0 0.21015625 0.45 0.07578125 0.109375
0 0.1921875 0.58046875 0.06484375 0.10546875
0 0.17890625 0.68203125 0.0671875 0.10234375
0 0.171875 0.81015625 0.065625 0.0953125
0 0.165625 0.91328125 0.05703125 0.084375
0 0.13828125 0.04375 0.08046875 0.08671875
0 0.11171875 0.15234375 0.09140625 0.1171875
0 0.1 0.27890625 0.08203125 0.1
0 0.09296875 0.4046875 0.0984375 0.13046875
0 0.0734375 0.5390625 0.08125 0.109375
0 0.05703125 0.6578125 0.07421875 0.1125
0 0.046875 0.78359375 0.0671875 0.11953125
0 0.04140625 0.93046875 0.0828125 0.13828125