0 0.0515625 0.58515625 0.053125 0.0921875
0 0.2125 0.49375 0.04453125 0.08046875
0 0.159375 0.56484375 0.06796875 0.1140625
0 0.11171875 0.61953125 0.05390625 0.10625
0 0.05703125 0.69609375 0.05390625 0.11484375
0 0.31953125 0.4921875 0.0578125 0.08671875
0 0.28125 0.54375 0.06015625 0.10234375
0 0.23125 0.60625 0.06015625 0.10859375
0 0.1859375 0.6765625 0.06328125 0.12578125
0 0.12734375 0.7484375 0.065625 0.12734375
0 0.0703125 0.840625 0.0703125 0.12890625
0 0.15390625 0.915625 0.06953125 0.1125
0 0.19765625 0.82578125 0.06796875 0.12421875
0 0.25 0.74765625 0.06796875 0.12265625
0 0.29921875 0.66875 0.06484375 0.09765625
0 0.34296875 0.60234375 0.0671875 0.10390625
0 0.39140625 0.53515625 0.06328125 0.1015625
0 0.46171875 0.58125 0.053125 0.08671875
0 0.4234375 0.6453125 0.05625 0.1203125
0 0.3828125 0.721875 0.065625 0.11484375
0 0.33515625 0.8015625 0.0703125 0.12109375
0 0.28984375 0.8859375 0.08828125 0.13203125
0 0.42890625 0.8828125 0.06328125 0.11640625
0 0.37578125 0.96484375 0.06796875 0.0703125
0 0.4671875 0.7875 0.0640625 0.084375
0 0.5015625 0.70625 0.06015625 0.11015625
0 0.534375 0.6328125 0.0421875 0.0703125
0 0.65625 0.92421875 0.0796875 0.1125
0 0.6734375 0.82890625 0.05859375 0.0953125
0 0.7828125 0.890625 0.08046875 0.1
0 0.8890625 0.96640625 0.08046875 0.0671875
0 0.90625 0.8875 0.06484375 0.07734375
0 0.9203125 0.79765625 0.07265625 0.08828125
0 0.80234375 0.81015625 0.06015625 0.075
0 0.7109375 0.7453125 0.07578125 0.08125
0 0.7359375 0.66953125 0.06640625 0.07890625
0 0.82421875 0.7328125 0.06328125 0.078125
0 0.9359375 0.7171875 0.065625 0.09765625
0 0.84609375 0.65859375 0.06328125 0.07421875
0 0.85546875 0.590625 0.0484375 0.05546875
0 0.94609375 0.6328125 0.06328125 0.06328125
0 0.9609375 0.5703125 0.0515625 0.04609375
0 0.86640625 0.54140625 0.059375 0.046875
0 0.5265625 0.94375 0.0875 0.1
0 0.55390625 0.859375 0.075 0.109375
0 0.58671875 0.76875 0.0671875 0.1046875
0 0.62109375 0.68046875 0.05546875 0.09140625
0 0.65 0.603125 0.05 0.0796875
0 0.67109375 0.55546875 0.03828125 0.05859375
0 0.75390625 0.59453125 0.059375 0.06953125
0 0.690625 0.49765625 0.05 0.0875
0 0.71015625 0.4515625 0.0359375 0.06015625
0 0.725 0.41953125 0.03828125 0.0609375
0 0.746875 0.37734375 0.03359375 0.0578125
0 0.76640625 0.33203125 0.02421875 0.040625
0 0.77734375 0.303125 0.05 0.06015625
0 0.8609375 0.2953125 0.040625 0.0421875
0 0.840625 0.32890625 0.04375 0.04375
0 0.834375 0.365625 0.0375 0.04296875
0 0.815625 0.403125 0.0421875 0.04453125
0 0.80859375 0.4359375 0.0375 0.05546875
0 0.79375 0.4765625 0.03984375 0.06953125
0 0.77578125 0.528125 0.0328125 0.05703125
0 0.88125 0.490625 0.04765625 0.0515625
0 0.89453125 0.44296875 0.04140625 0.04453125
0 0.90625 0.3953125 0.040625 0.04609375
0 0.90625 0.35390625 0.040625 0.04375
0 0.92734375 0.321875 0.03125 0.0328125
0 0.9859375 0.359375 0.028125 0.05
0 0.9796875 0.3921875 0.03359375 0.0453125
0 0.97578125 0.4328125 0.034375 0.0578125
0 0.9703125 0.47890625 0.0390625 0.03203125
0 0.96015625 0.51875 0.0390625 0.06328125