0 0.80625 0.3671875 0.15703125 0.32578125
0 0.9453125 0.1890625 0.109375 0.28984375
0 0.7328125 0.13671875 0.16484375 0.27265625
0 0.490625 0.13125 0.19375 0.23828125
0 0.559375 0.38046875 0.16796875 0.23671875
0 0.63125 0.584375 0.14921875 0.31640625
0 0.71484375 0.75625 0.21171875 0.35859375
0 0.909375 0.65 0.165625 0.271875
0 0.93984375 0.89921875 0.1203125 0.2015625
0 0.43359375 0.8 0.1546875 0.2703125
0 0.20390625 0.72890625 0.17890625 0.28671875
0 0.13203125 0.490625 0.14296875 0.24921875
0 0.08984375 0.265625 0.1796875 0.26640625
0 0.30703125 0.27109375 0.13515625 0.18046875
0 0.2375 0.10390625 0.153125 0.2078125
0 0.36015625 0.528125 0.17265625 0.2671875