0 0.12109375 0.04453125 0.05703125 0.0828125
0 0.27421875 0.17109375 0.065625 0.08359375
0 0.8421875 0.075 0.05546875 0.09140625
0 0.53046875 0.13984375 0.05625 0.08203125
0 0.05703125 0.4234375 0.084375 0.1140625
0 0.0234375 0.10703125 0.0453125 0.078125
0 0.61484375 0.3625 0.06171875 0.1125
0 0.31484375 0.93671875 0.08203125 0.12578125
0 0.38671875 0.10859375 0.059375 0.084375
0 0.7078125 0.04296875 0.053125 0.08359375
0 0.9765625 0.13359375 0.04609375 0.121875
0 0.06640625 0.54765625 0.08046875 0.1328125
0 0.31171875 0.2703125 0.078125 0.12265625
0 0.03046875 0.2171875 0.0515625 0.08515625
0 0.42265625 0.20625 0.06875 0.103125
0 0.1390625 0.13984375 0.06875 0.08046875
0 0.09140625 0.7125 0.0703125 0.1203125
0 0.46796875 0.30625 0.06953125 0.1109375
0 0.86640625 0.34609375 0.059375 0.09609375
0 0.24609375 0.61328125 0.0671875 0.1046875
0 0.7359375 0.61953125 0.065625 0.1375
0 0.128125 0.85078125 0.08828125 0.15390625
0 0.484375 0.04453125 0.0625 0.0890625
0 0.7609375 0.1265625 0.0484375 0.0875
0 0.9203125 0.03671875 0.05859375 0.0734375
0 0.37890625 0.5265625 0.065625 0.10546875
0 0.053125 0.31796875 0.046875 0.0828125
0 0.2546875 0.07421875 0.065625 0.09453125
0 0.80234375 0.23515625 0.0546875 0.0921875
0 0.66640625 0.18515625 0.05234375 0.0828125
0 0.66484375 0.909375 0.06640625 0.16171875
0 0.1609375 0.23828125 0.06953125 0.10234375
0 0.90703125 0.70703125 0.06484375 0.1203125
0 0.89375 0.178125 0.06484375 0.103125
0 0.56796875 0.2390625 0.0578125 0.08515625
0 0.41875 0.65234375 0.0828125 0.15078125
0 0.19921875 0.34453125 0.07109375 0.10703125
0 0.8015625 0.7765625 0.071875 0.14296875
0 0.47421875 0.81796875 0.065625 0.11796875
0 0.5578125 0.57578125 0.06640625 0.1234375
0 0.34375 0.4015625 0.0671875 0.1
0 0.35234375 0.0296875 0.06015625 0.05859375
0 0.85859375 0.55546875 0.0640625 0.13671875
0 0.7734375 0.4125 0.04921875 0.08515625
0 0.21015625 0.4734375 0.06953125 0.103125
0 0.5046875 0.42578125 0.06484375 0.09921875
0 0.6828125 0.48671875 0.08125 0.11328125
0 0.7171875 0.296875 0.05234375 0.09296875
0 0.60546875 0.7078125 0.0625 0.125
0 0.62890625 0.0859375 0.05078125 0.07890625
0 0.925 0.49765625 0.0546875 0.1171875
0 0.95859375 0.28984375 0.06953125 0.11015625
0 0.27890625 0.76875 0.071875 0.11015625