0 0.88359375 0.93203125 0.0625 0.121875
0 0.97109375 0.57578125 0.0578125 0.13125
0 0.8734375 0.68203125 0.07109375 0.11953125
0 0.7765625 0.76484375 0.08125 0.128125
0 0.65625 0.87265625 0.0859375 0.12578125
0 0.95078125 0.39921875 0.07421875 0.13046875
0 0.8703125 0.4703125 0.075 0.11796875
0 0.77734375 0.546875 0.090625 0.1296875
0 0.6671875 0.628125 0.06171875 0.11328125
0 0.553125 0.71484375 0.08046875 0.12109375
0 0.43984375 0.80234375 0.0890625 0.14140625
0 0.28359375 0.92421875 0.10546875 0.15078125
0 0.93359375 0.22578125 0.05859375 0.08203125
0 0.85 0.29609375 0.065625 0.11328125
0 0.7703125 0.37578125 0.0609375 0.103125
0 0.6859375 0.440625 0.0796875 0.11171875
0 0.5984375 0.5140625 0.06796875 0.12109375
0 0.47890625 0.58125 0.08984375 0.13203125
0 0.35859375 0.67578125 0.08671875 0.1515625
0 0.22734375 0.7671875 0.08125 0.153125
0 0.07578125 0.88984375 0.1125 0.2203125
0 0.9265625 0.09296875 0.07734375 0.12734375
0 0.85234375 0.14296875 0.059375 0.10234375
0 0.78203125 0.21875 0.0703125 0.11640625
0 0.69453125 0.29375 0.06328125 0.10859375
0 0.6125 0.3609375 0.071875 0.11328125
0 0.51953125 0.42734375 0.07109375 0.11328125
0 0.421875 0.475 0.0765625 0.128125
0 0.30625 0.56171875 0.08359375 0.14296875
0 0.1765625 0.6390625 0.08828125 0.15234375
0 0.03984375 0.73515625 0.0796875 0.1578125
0 0.8421875 0.04375 0.06875 0.0875
0 0.77734375 0.07421875 0.0421875 0.07109375
0 0.71015625 0.13359375 0.0546875 0.0921875
0 0.6328125 0.2171875 0.06015625 0.08984375
0 0.55078125 0.27734375 0.05859375 0.12109375
0 0.45234375 0.34921875 0.03671875 0.075
0 0.35859375 0.40546875 0.08515625 0.125
0 0.2640625 0.48203125 0.07578125 0.1328125
0 0.12734375 0.5484375 0.0828125 0.13984375
0 0.03046875 0.5984375 0.0609375 0.10234375
0 0.64453125 0.06640625 0.05703125 0.08359375
0 0.5734375 0.14453125 0.05 0.08203125
0 0.49453125 0.215625 0.05234375 0.090625
0 0.40859375 0.27734375 0.071875 0.10859375
0 0.321875 0.3296875 0.0765625 0.12421875
0 0.21484375 0.38125 0.065625 0.11796875
0 0.1140625 0.4390625 0.08203125 0.11953125
0 0.58203125 0.03125 0.0453125 0.0625
0 0.52109375 0.0890625 0.0453125 0.0734375
0 0.45078125 0.15859375 0.03984375 0.08125
0 0.36875 0.221875 0.0515625 0.09375
0 0.27421875 0.265625 0.05859375 0.10078125
0 0.184375 0.3078125 0.06328125 0.10546875
0 0.07421875 0.3625 0.07734375 0.10078125
0 0.47109375 0.0453125 0.0515625 0.0859375
0 0.39921875 0.10546875 0.059375 0.08046875
0 0.36484375 0.05859375 0.0421875 0.0765625
0 0.32578125 0.14765625 0.05234375 0.0921875
0 0.28984375 0.0984375 0.0453125 0.090625
0 0.25390625 0.05546875 0.03671875 0.0859375
0 0.240625 0.19453125 0.0484375 0.0859375
0 0.2078125 0.1421875 0.04765625 0.08984375
0 0.18515625 0.090625 0.04296875 0.0671875
0 0.14921875 0.24140625 0.04375 0.0734375
0 0.12734375 0.178125 0.05546875 0.0875
0 0.10078125 0.1296875 0.04296875 0.08046875
0 0.0796875 0.078125 0.04140625 0.0828125
0 0.0546875 0.03984375 0.04296875 0.07109375
0 0.06015625 0.28515625 0.06953125 0.1
0 0.0328125 0.21875 0.0578125 0.10546875