0 0.8609375 0.959375 0.04375 0.08125
0 0.87265625 0.8046875 0.0515625 0.12109375
0 0.8734375 0.66171875 0.05234375 0.0796875
0 0.88046875 0.5296875 0.0578125 0.08828125
0 0.884375 0.4234375 0.05546875 0.0859375
0 0.88515625 0.35 0.0453125 0.05703125
0 0.88671875 0.2734375 0.04375 0.06640625
0 0.884375 0.2140625 0.03671875 0.05078125
0 0.8890625 0.16796875 0.03671875 0.05078125
0 0.8859375 0.115625 0.0328125 0.0484375
0 0.88671875 0.06015625 0.02734375 0.053125
0 0.94765625 0.0203125 0.0328125 0.040625
0 0.95 0.06015625 0.025 0.028125
0 0.9546875 0.103125 0.03125 0.0515625
0 0.95859375 0.15078125 0.025 0.03203125
0 0.96484375 0.2 0.0328125 0.0390625
0 0.96328125 0.24453125 0.04140625 0.05078125
0 0.9734375 0.3046875 0.04609375 0.05234375
0 0.9765625 0.37265625 0.046875 0.0609375
0 0.9765625 0.47109375 0.046875 0.0765625
0 0.97734375 0.56328125 0.0453125 0.0671875
0 0.98359375 0.70625 0.0328125 0.09609375
0 0.73984375 0.890625 0.05234375 0.103125
0 0.74921875 0.72421875 0.05625 0.0921875
0 0.7625 0.60078125 0.0421875 0.0703125
0 0.77890625 0.4796875 0.053125 0.071875
0 0.78046875 0.37734375 0.04765625 0.05390625
0 0.78828125 0.29609375 0.034375 0.06015625
0 0.803125 0.17578125 0.0328125 0.05234375
0 0.809375 0.125 0.02734375 0.04921875
0 0.81328125 0.0703125 0.02578125 0.0484375
0 0.81953125 0.0265625 0.02265625 0.0359375
0 0.74453125 0.02890625 0.03203125 0.0421875
0 0.74140625 0.08125 0.0421875 0.0484375
0 0.73046875 0.14140625 0.03671875 0.03828125
0 0.7234375 0.18671875 0.04921875 0.04609375
0 0.70625 0.25234375 0.04453125 0.04765625
0 0.690625 0.33515625 0.025 0.05390625
0 0.68359375 0.4375 0.03671875 0.05390625
0 0.65859375 0.54609375 0.03828125 0.0671875
0 0.64140625 0.68046875 0.04765625 0.08046875
0 0.61640625 0.82265625 0.05625 0.1015625
0 0.47421875 0.9078125 0.04609375 0.07421875
0 0.50625 0.76640625 0.0609375 0.07109375
0 0.5328125 0.625 0.04375 0.07109375
0 0.56171875 0.51015625 0.03984375 0.0515625
0 0.46953125 0.4609375 0.04140625 0.0453125
0 0.4421875 0.56484375 0.05390625 0.065625
0 0.40625 0.68046875 0.0484375 0.08125
0 0.35234375 0.81015625 0.03515625 0.071875
0 0.58671875 0.38671875 0.03515625 0.04921875
0 0.60078125 0.28984375 0.03984375 0.04921875
0 0.61953125 0.2203125 0.02421875 0.0421875
0 0.63828125 0.15546875 0.0296875 0.04375
0 0.65234375 0.0984375 0.01796875 0.0328125
0 0.6609375 0.04609375 0.02890625 0.03984375
0 0.5828125 0.06640625 0.021875 0.040625
0 0.56328125 0.11640625 0.02421875 0.046875
0 0.5453125 0.184375 0.02109375 0.040625
0 0.51953125 0.2640625 0.0234375 0.04453125
0 0.4921875 0.35078125 0.03125 0.04375
0 0.509375 0.0328125 0.03046875 0.04140625
0 0.48828125 0.08515625 0.025 0.03671875
0 0.46171875 0.14140625 0.02421875 0.0421875
0 0.4484375 0.234375 0.02421875 0.03984375
0 0.4140625 0.30703125 0.03125 0.04765625
0 0.3828125 0.4078125 0.0328125 0.0625
0 0.34375 0.515625 0.0421875 0.06953125
0 0.3 0.6125 0.04375 0.08046875
0 0.140625 0.6578125 0.05546875 0.090625
0 0.2046875 0.55859375 0.03125 0.0578125
0 0.2546875 0.45703125 0.03046875 0.06640625
0 0.296875 0.3609375 0.02578125 0.06328125
0 0.3328125 0.28203125 0.02578125 0.04921875
0 0.365625 0.2 0.02578125 0.04921875
0 0.35625 0.03046875 0.0234375 0.05703125
0 0.2625 0.240625 0.02578125 0.05234375
0 0.2171875 0.31796875 0.02890625 0.06015625
0 0.11015625 0.48515625 0.03671875 0.07734375
0 0.0296875 0.43984375 0.02890625 0.05546875
0 0.08515625 0.35234375 0.02109375 0.04453125
0 0.14296875 0.27734375 0.02265625 0.0546875
0 0.184375 0.20078125 0.02578125 0.06328125
0 0.1640625 0.0953125 0.02890625 0.05078125
0 0.115625 0.1640625 0.02578125 0.04921875
0 0.06796875 0.23046875 0.03359375 0.0578125
0 0.01328125 0.3015625 0.0265625 0.04765625
0 0.0453125 0.1265625 0.0328125 0.0515625
0 0.09453125 0.0625 0.028125 0.04375
0 0.03671875 0.03125 0.03203125 0.04453125
0 0.24765625 0.7421875 0.04765625 0.08046875
0 0.29765625 0.94453125 0.07421875 0.11015625
0 0.184375 0.8671875 0.05703125 0.08671875
0 0.06875 0.78515625 0.04140625 0.0859375
0 0.265625 0.07109375 0.03046875 0.05390625
0 0.23515625 0.13125 0.02734375 0.0515625
0 0.20078125 0.03359375 0.02421875 0.0546875
0 0.33203125 0.0890625 0.0234375 0.05546875
0 0.29609375 0.1578125 0.02734375 0.05859375
0 0.03203125 0.5921875 0.02890625 0.0703125
0 0.396875 0.13125 0.02421875 0.034375
0 0.425 0.06640625 0.03203125 0.06015625