0 0.19453125 0.11796875 0.06328125 0.109375
0 0.1109375 0.16484375 0.0640625 0.12109375
0 0.14765625 0.04453125 0.0609375 0.0890625
0 0.4234375 0.0421875 0.05625 0.084375
0 0.56171875 0.084375 0.0609375 0.096875
0 0.22578125 0.03046875 0.05703125 0.0609375
0 0.34609375 0.059375 0.05703125 0.103125
0 0.06171875 0.07265625 0.05390625 0.09375
0 0.7625 0.10703125 0.0609375 0.096875
0 0.77890625 0.2328125 0.05546875 0.1015625
0 0.34140625 0.17734375 0.06171875 0.1125
0 0.49296875 0.0265625 0.06015625 0.053125
0 0.61953125 0.05546875 0.0546875 0.08828125
0 0.278125 0.0921875 0.05625 0.09375
0 0.2609375 0.22109375 0.06171875 0.103125
0 0.6984375 0.1421875 0.0625 0.09375
0 0.09609375 0.71796875 0.08203125 0.1203125
0 0.40625 0.1484375 0.05859375 0.1015625
0 0.68046875 0.03046875 0.0625 0.0609375
0 0.48671875 0.12578125 0.0609375 0.09765625
0 0.16796875 0.2671875 0.06953125 0.1125
0 0.56328125 0.215625 0.059375 0.10859375
0 0.7125 0.28359375 0.06875 0.10859375
0 0.7375 0.45234375 0.071875 0.109375
0 0.3015625 0.83125 0.06953125 0.1296875
0 0.49375 0.446875 0.059375 0.11328125
0 0.07265625 0.3328125 0.0703125 0.12109375
0 0.31953125 0.55703125 0.07265625 0.11953125
0 0.41640625 0.2921875 0.0640625 0.109375
0 0.93125 0.7375 0.08828125 0.14140625
0 0.13671875 0.4703125 0.05859375 0.11171875
0 0.80625 0.38046875 0.0640625 0.09765625
0 0.2375 0.39140625 0.06328125 0.115625
0 0.3296875 0.3421875 0.05859375 0.10234375
0 0.028125 0.225 0.05546875 0.1078125
0 0.63984375 0.17421875 0.05859375 0.10078125
0 0.4140625 0.47890625 0.0640625 0.121875
0 0.21640625 0.6328125 0.0609375 0.12265625
0 0.56875 0.3609375 0.059375 0.11875
0 0.75625 0.65703125 0.071875 0.1140625
0 0.83828125 0.18828125 0.04375 0.1171875
0 0.64609375 0.33125 0.06015625 0.10703125
0 0.4890625 0.24765625 0.059375 0.096875
0 0.6640625 0.4984375 0.0609375 0.09921875
0 0.81640625 0.05 0.06015625 0.09453125
0 0.39765625 0.734375 0.0578125 0.1171875
0 0.503125 0.9359375 0.0609375 0.12734375
0 0.67734375 0.73046875 0.0578125 0.128125
0 0.021875 0.5609375 0.04375 0.11015625
0 0.7890625 0.915625 0.08203125 0.1421875
0 0.9078125 0.52890625 0.078125 0.13359375
0 0.5921875 0.82890625 0.06015625 0.10859375
0 0.57734375 0.57265625 0.05703125 0.10625
0 0.83046875 0.58046875 0.0546875 0.08359375
0 0.184375 0.928125 0.05546875 0.1375