0 0.45078125 0.05859375 0.065625 0.1109375
0 0.1921875 0.04453125 0.0578125 0.0890625
0 0.8546875 0.1125 0.06484375 0.11640625
0 0.33828125 0.28515625 0.06875 0.109375
0 0.16328125 0.1859375 0.06171875 0.09140625
0 0.690625 0.0609375 0.06015625 0.09296875
0 0.92421875 0.52265625 0.0859375 0.13046875
0 0.44296875 0.23046875 0.065625 0.11875
0 0.915625 0.0703125 0.059375 0.09140625
0 0.53671875 0.18046875 0.06640625 0.1
0 0.35859375 0.10703125 0.06953125 0.10859375
0 0.2609375 0.15078125 0.065625 0.10390625
0 0.534375 0.59140625 0.0546875 0.11015625
0 0.4375 0.4078125 0.06953125 0.13046875
0 0.33203125 0.47421875 0.06875 0.13125
0 0.715625 0.2359375 0.065625 0.1046875
0 0.78828125 0.16796875 0.059375 0.09609375
0 0.95546875 0.22578125 0.06796875 0.1234375
0 0.6171875 0.3078125 0.06796875 0.12734375
0 0.89375 0.31484375 0.065625 0.115625
0 0.09296875 0.08515625 0.0625 0.09375
0 0.8140625 0.37578125 0.06953125 0.11171875
0 0.54296875 0.35625 0.07734375 0.14765625
0 0.73359375 0.453125 0.09375 0.15234375
0 0.975 0.0421875 0.05 0.084375
0 0.6546875 0.5296875 0.07578125 0.12109375
0 0.315625 0.76484375 0.08671875 0.17265625
0 0.61328125 0.12890625 0.0671875 0.09140625
0 0.28984375 0.02578125 0.0609375 0.0515625
0 0.23828125 0.31796875 0.059375 0.090625
0 0.0421875 0.23984375 0.04765625 0.07734375
0 0.06171875 0.62734375 0.07890625 0.15
0 0.2046875 0.525 0.08125 0.13125
0 0.97265625 0.78671875 0.0546875 0.16015625
0 0.01640625 0.43671875 0.0328125 0.12578125
0 0.12734375 0.3890625 0.0671875 0.12578125
0 0.859375 0.62265625 0.0828125 0.1484375
0 0.54140625 0.03125 0.071875 0.0625
0 0.7734375 0.709375 0.06953125 0.10546875
0 0.67265625 0.803125 0.0765625 0.11640625
0 0.55859375 0.89609375 0.05 0.125
0 0.44375 0.66015625 0.0578125 0.109375
0 0.16640625 0.85078125 0.08203125 0.14453125