0 0.178125 0.85390625 0.08828125 0.1515625
0 0.1546875 0.72109375 0.096875 0.18125
0 0.1390625 0.56328125 0.0875 0.1640625
0 0.1296875 0.440625 0.08515625 0.14375
0 0.1203125 0.34296875 0.08203125 0.11171875
0 0.1078125 0.25546875 0.07578125 0.13125
0 0.09140625 0.1640625 0.0625 0.10234375
0 0.08359375 0.0859375 0.06796875 0.0953125
0 0.18984375 0.03671875 0.05625 0.0734375
0 0.1984375 0.1078125 0.040625 0.071875
0 0.21796875 0.19765625 0.06484375 0.1109375
0 0.24140625 0.27109375 0.06015625 0.1046875
0 0.25703125 0.36640625 0.06015625 0.134375
0 0.27578125 0.459375 0.08671875 0.11875
0 0.3203125 0.5875 0.090625 0.1796875
0 0.34453125 0.7171875 0.090625 0.15625
0 0.38203125 0.89921875 0.10390625 0.19609375
0 0.29921875 0.0546875 0.04609375 0.10859375
0 0.328125 0.13359375 0.06796875 0.12890625
0 0.353125 0.2078125 0.06875 0.10234375
0 0.3859375 0.2828125 0.075 0.11171875
0 0.41484375 0.3921875 0.0703125 0.1203125
0 0.4640625 0.49375 0.10625 0.1515625
0 0.50703125 0.62734375 0.10078125 0.1640625
0 0.5703125 0.80234375 0.0875 0.14921875
0 0.778125 0.8234375 0.0859375 0.209375
0 0.71484375 0.6640625 0.09296875 0.1859375
0 0.640625 0.534375 0.08046875 0.1953125
0 0.58984375 0.425 0.07421875 0.17578125
0 0.546875 0.3203125 0.059375 0.1234375
0 0.50703125 0.24765625 0.08359375 0.125
0 0.459375 0.17734375 0.0671875 0.14453125
0 0.44140625 0.084375 0.05546875 0.09609375
0 0.534375 0.04296875 0.05078125 0.08515625
0 0.57421875 0.115625 0.0515625 0.09765625
0 0.60546875 0.17890625 0.05234375 0.1
0 0.65625 0.25703125 0.046875 0.10546875
0 0.70703125 0.36796875 0.046875 0.08125
0 0.77265625 0.44765625 0.0828125 0.1453125
0 0.6703125 0.0546875 0.0625 0.09375
0 0.71640625 0.12890625 0.06328125 0.115625
0 0.75 0.0359375 0.05234375 0.07109375
0 0.8046875 0.0859375 0.06015625 0.1
0 0.88515625 0.04765625 0.0515625 0.08515625
0 0.94453125 0.115625 0.05234375 0.09296875
0 0.853125 0.1453125 0.06640625 0.109375
0 0.7640625 0.2078125 0.06953125 0.12109375
0 0.82421875 0.2875 0.06171875 0.125
0 0.915625 0.228125 0.07421875 0.11875
0 0.88515625 0.37265625 0.071875 0.128125
0 0.9609375 0.50078125 0.078125 0.1765625
0 0.83828125 0.57421875 0.1078125 0.165625
0 0.93203125 0.71171875 0.08984375 0.175