0 0.10859375 0.909375 0.096875 0.18046875
0 0.02734375 0.38125 0.0546875 0.115625
0 0.084375 0.48828125 0.078125 0.16640625
0 0.15625 0.63203125 0.09453125 0.17734375
0 0.24140625 0.784375 0.1109375 0.18828125
0 0.3375 0.9203125 0.13203125 0.159375
0 0.47265625 0.81171875 0.09765625 0.16328125
0 0.365625 0.65859375 0.090625 0.16875
0 0.28125 0.51171875 0.0953125 0.17734375
0 0.1953125 0.40234375 0.0765625 0.13671875
0 0.02890625 0.1328125 0.0578125 0.10859375
0 0.07734375 0.21875 0.06015625 0.10859375
0 0.128125 0.30390625 0.065625 0.1359375
0 0.11953125 0.08125 0.0453125 0.0859375
0 0.196875 0.04296875 0.05390625 0.0859375
0 0.17265625 0.16640625 0.05703125 0.11796875
0 0.23671875 0.2390625 0.07265625 0.12890625
0 0.25 0.10546875 0.05703125 0.11484375
0 0.315625 0.18203125 0.0703125 0.1015625
0 0.33671875 0.06796875 0.059375 0.10546875
0 0.4125 0.03671875 0.059375 0.07265625
0 0.3984375 0.12734375 0.07109375 0.13046875
0 0.3015625 0.32265625 0.071875 0.1109375
0 0.384375 0.26015625 0.090625 0.1140625
0 0.38203125 0.425 0.07421875 0.1109375
0 0.48828125 0.5484375 0.109375 0.1796875
0 0.603125 0.69296875 0.11171875 0.18046875
0 0.73671875 0.834375 0.13125 0.20625
0 0.8453125 0.73828125 0.0765625 0.14296875
0 0.94609375 0.6171875 0.1078125 0.21875
0 0.71328125 0.5890625 0.109375 0.1453125
0 0.5953125 0.46640625 0.0890625 0.14609375
0 0.4828125 0.346875 0.07890625 0.13046875
0 0.48515625 0.2046875 0.08046875 0.121875
0 0.796875 0.47578125 0.08359375 0.1421875
0 0.884375 0.39921875 0.0796875 0.13125
0 0.95234375 0.34765625 0.06796875 0.11796875
0 0.68125 0.38203125 0.0875 0.128125
0 0.759375 0.3296875 0.06171875 0.0875
0 0.57578125 0.278125 0.0671875 0.11171875
0 0.4796875 0.0859375 0.06640625 0.1
0 0.55234375 0.04296875 0.06328125 0.0859375
0 0.6515625 0.10234375 0.06015625 0.11328125
0 0.5609375 0.15546875 0.071875 0.11328125
0 0.65625 0.2328125 0.059375 0.0921875
0 0.7359375 0.17109375 0.06640625 0.10859375
0 0.71171875 0.05 0.065625 0.084375
0 0.7796875 0.03359375 0.05546875 0.0671875
0 0.8046875 0.1234375 0.0625 0.10859375
0 0.83984375 0.25390625 0.0640625 0.10234375
0 0.86875 0.078125 0.05625 0.09296875
0 0.93671875 0.0453125 0.04921875 0.08984375
0 0.965625 0.1515625 0.0578125 0.11796875
0 0.9109375 0.20546875 0.08203125 0.11953125