0 0.9734375 0.7578125 0.053125 0.084375
0 0.9671875 0.590625 0.065625 0.1
0 0.9640625 0.48828125 0.0515625 0.08828125
0 0.9515625 0.36328125 0.0515625 0.084375
0 0.94140625 0.259375 0.0546875 0.07421875
0 0.9375 0.17421875 0.04453125 0.084375
0 0.93515625 0.09765625 0.0515625 0.06640625
0 0.928125 0.0328125 0.04375 0.05859375
0 0.8375 0.03046875 0.0484375 0.0609375
0 0.83828125 0.1046875 0.05859375 0.06640625
0 0.8265625 0.18984375 0.04453125 0.05703125
0 0.83359375 0.28828125 0.0453125 0.06796875
0 0.82734375 0.40390625 0.0515625 0.07109375
0 0.8328125 0.521875 0.059375 0.0734375
0 0.8234375 0.6875 0.0546875 0.0625
0 0.825 0.85625 0.0625 0.08828125
0 0.734375 0.04609375 0.05 0.06171875
0 0.73125 0.13828125 0.0453125 0.07265625
0 0.71171875 0.22890625 0.02421875 0.05703125
0 0.715625 0.33203125 0.03984375 0.06015625
0 0.703125 0.46328125 0.05390625 0.06875
0 0.690625 0.6046875 0.04921875 0.08671875
0 0.67109375 0.784375 0.05546875 0.0984375
0 0.640625 0.021875 0.04296875 0.04296875
0 0.62421875 0.090625 0.04765625 0.0515625
0 0.60390625 0.17109375 0.03984375 0.07265625
0 0.5859375 0.275 0.0453125 0.07578125
0 0.55859375 0.38515625 0.04609375 0.071875
0 0.5453125 0.5203125 0.0515625 0.0875
0 0.51875 0.6921875 0.05546875 0.09921875
0 0.48984375 0.89609375 0.06171875 0.121875
0 0.52265625 0.04921875 0.03828125 0.04921875
0 0.5078125 0.1296875 0.03515625 0.0578125
0 0.4765625 0.21875 0.03046875 0.07421875
0 0.45078125 0.32109375 0.0359375 0.06875
0 0.41796875 0.46328125 0.03359375 0.065625
0 0.36953125 0.61796875 0.03671875 0.0828125
0 0.334375 0.8125 0.06015625 0.10546875
0 0.3703125 0.16796875 0.03046875 0.0703125
0 0.33984375 0.2765625 0.05078125 0.07109375
0 0.303125 0.390625 0.046875 0.07578125
0 0.2515625 0.53671875 0.03515625 0.08359375
0 0.2 0.73359375 0.04609375 0.084375
0 0.1359375 0.92734375 0.0671875 0.10546875
0 0.3078125 0.025 0.01796875 0.046875
0 0.27421875 0.11875 0.02578125 0.05
0 0.23828125 0.21796875 0.03828125 0.0734375
0 0.19453125 0.3421875 0.03828125 0.06953125
0 0.14375 0.4765625 0.0375 0.07734375
0 0.0640625 0.6359375 0.0390625 0.11171875
0 0.1828125 0.06171875 0.02890625 0.0609375
0 0.1375 0.171875 0.03984375 0.07265625
0 0.0859375 0.27734375 0.03203125 0.05859375
0 0.0296875 0.41171875 0.05859375 0.09375
0 0.09296875 0.03203125 0.025 0.05234375
0 0.04296875 0.12109375 0.03515625 0.065625