0 0.04609375 0.85546875 0.07109375 0.15546875
0 0.02734375 0.7046875 0.0546875 0.13125
0 0.02265625 0.221875 0.0453125 0.090625
0 0.0453125 0.3109375 0.05546875 0.1046875
0 0.08203125 0.4140625 0.06953125 0.12265625
0 0.11796875 0.52578125 0.08828125 0.15546875
0 0.15390625 0.66171875 0.1 0.1328125
0 0.19453125 0.76796875 0.075 0.13671875
0 0.2578125 0.93359375 0.12578125 0.13203125
0 0.0578125 0.03984375 0.0484375 0.065625
0 0.07890625 0.0875 0.05234375 0.0984375
0 0.1171875 0.165625 0.06015625 0.09921875
0 0.14921875 0.25859375 0.06171875 0.0953125
0 0.1890625 0.3484375 0.05546875 0.11171875
0 0.228125 0.43984375 0.06015625 0.11015625
0 0.2796875 0.55546875 0.08671875 0.12109375
0 0.33046875 0.66875 0.08359375 0.15859375
0 0.4015625 0.81953125 0.09140625 0.1703125
0 0.47890625 0.95234375 0.0890625 0.0953125
0 0.17265625 0.06484375 0.05703125 0.0703125
0 0.209375 0.1296875 0.06875 0.08515625
0 0.24609375 0.20234375 0.06953125 0.1046875
0 0.28828125 0.27578125 0.05546875 0.11796875
0 0.33125 0.36875 0.06328125 0.12109375
0 0.38828125 0.4515625 0.0671875 0.12890625
0 0.25234375 0.04140625 0.0578125 0.0828125
0 0.2953125 0.09296875 0.05625 0.0875
0 0.34140625 0.1578125 0.03984375 0.06953125
0 0.3828125 0.22890625 0.06875 0.11171875
0 0.37578125 0.0453125 0.0546875 0.090625
0 0.41171875 0.11484375 0.0546875 0.09765625
0 0.4640625 0.17578125 0.05859375 0.096875
0 0.43984375 0.30703125 0.06640625 0.11875
0 0.45 0.559375 0.071875 0.1515625
0 0.496875 0.38984375 0.06875 0.11640625
0 0.51953125 0.23984375 0.0671875 0.1
0 0.459375 0.02734375 0.04296875 0.0546875
0 0.55078125 0.12578125 0.0703125 0.08203125
0 0.5609375 0.0375 0.05546875 0.075
0 0.6171875 0.09921875 0.05546875 0.08984375
0 0.69375 0.05 0.04609375 0.07734375
0 0.7609375 0.03046875 0.0640625 0.05625
0 0.68046875 0.15234375 0.05546875 0.08984375
0 0.6015625 0.20703125 0.06875 0.10546875
0 0.58203125 0.321875 0.075 0.11171875
0 0.65625 0.40546875 0.06953125 0.10078125
0 0.553125 0.48046875 0.0703125 0.1140625
0 0.515625 0.71796875 0.084375 0.1875
0 0.64453125 0.58125 0.12265625 0.1765625
0 0.75078125 0.52578125 0.09296875 0.1515625
0 0.8375 0.43828125 0.084375 0.13125
0 0.61328125 0.83203125 0.09609375 0.1515625
0 0.734375 0.73828125 0.12265625 0.165625
0 0.85234375 0.62421875 0.07734375 0.17578125
0 0.94375 0.5359375 0.0984375 0.14921875
0 0.8546875 0.89140625 0.10078125 0.196875
0 0.96015625 0.79296875 0.0796875 0.16875
0 0.746875 0.34140625 0.0640625 0.09765625
0 0.6703125 0.2640625 0.06953125 0.1125
0 0.74140625 0.2234375 0.06640625 0.11171875
0 0.7546875 0.10703125 0.0640625 0.0921875
0 0.82265625 0.06171875 0.046875 0.0828125
0 0.89296875 0.03984375 0.04609375 0.0796875
0 0.96171875 0.09453125 0.05546875 0.0953125
0 0.9078125 0.1328125 0.06640625 0.090625
0 0.83125 0.17578125 0.0671875 0.13203125
0 0.83359375 0.2890625 0.05703125 0.10546875
0 0.90390625 0.253125 0.08046875 0.11328125
0 0.97578125 0.2046875 0.0484375 0.12421875
0 0.91796875 0.390625 0.05390625 0.0796875