0 0.878125 0.834375 0.06953125 0.15
0 0.75859375 0.921875 0.06796875 0.10234375
0 0.91875 0.5234375 0.06484375 0.1203125
0 0.81796875 0.6015625 0.0796875 0.14296875
0 0.7015625 0.7234375 0.06640625 0.11171875
0 0.571875 0.7984375 0.071875 0.13359375
0 0.4359375 0.93671875 0.07734375 0.1265625
0 0.93359375 0.30390625 0.05546875 0.07890625
0 0.8515625 0.35234375 0.065625 0.1203125
0 0.77109375 0.4328125 0.07265625 0.11953125
0 0.6484375 0.52890625 0.0609375 0.12265625
0 0.52265625 0.61640625 0.0875 0.1375
0 0.378125 0.74609375 0.078125 0.1359375
0 0.22734375 0.8578125 0.0734375 0.14140625
0 0.9 0.1578125 0.05390625 0.0921875
0 0.81171875 0.228125 0.05546875 0.1078125
0 0.70234375 0.284375 0.0671875 0.1140625
0 0.5953125 0.35859375 0.07734375 0.1203125
0 0.4734375 0.425 0.071875 0.12109375
0 0.3265625 0.54140625 0.06796875 0.1125
0 0.17578125 0.665625 0.07734375 0.134375
0 0.840625 0.06640625 0.0578125 0.08984375
0 0.75 0.1171875 0.05390625 0.10546875
0 0.64609375 0.171875 0.0734375 0.11953125
0 0.5390625 0.23515625 0.0765625 0.13046875
0 0.415625 0.315625 0.07890625 0.12421875
0 0.278125 0.39765625 0.096875 0.16328125
0 0.14140625 0.5046875 0.0890625 0.15859375
0 0.590625 0.06796875 0.059375 0.1046875
0 0.48984375 0.12734375 0.06328125 0.0953125
0 0.3765625 0.18125 0.07578125 0.1296875
0 0.3296875 0.07578125 0.05546875 0.1203125
0 0.246875 0.26640625 0.06796875 0.1234375
0 0.22109375 0.1578125 0.06484375 0.12109375
0 0.18828125 0.06640625 0.06015625 0.1015625
0 0.11640625 0.35625 0.078125 0.12890625
0 0.10390625 0.23359375 0.06640625 0.11015625
0 0.0703125 0.12890625 0.0578125 0.103125
0 0.05625 0.05 0.05625 0.1