0 0.12578125 0.59140625 0.05078125 0.10703125
0 0.07265625 0.65625 0.0484375 0.12265625
0 0.01875 0.740625 0.0375 0.10625
0 0.03828125 0.8859375 0.0765625 0.13046875
0 0.090625 0.7765625 0.06640625 0.13828125
0 0.14765625 0.6984375 0.05625 0.13203125
0 0.19453125 0.62265625 0.05 0.11953125
0 0.24296875 0.55546875 0.0515625 0.1125
0 0.28515625 0.49375 0.0515625 0.08984375
0 0.3890625 0.478125 0.05625 0.10234375
0 0.3484375 0.5375 0.06484375 0.11015625
0 0.3125 0.5984375 0.0640625 0.10546875
0 0.275 0.6703125 0.0515625 0.1015625
0 0.2296875 0.75078125 0.0734375 0.11796875
0 0.175 0.840625 0.0625 0.11484375
0 0.1203125 0.95078125 0.075 0.0984375
0 0.46015625 0.51328125 0.04296875 0.09453125
0 0.4265625 0.57578125 0.05 0.09140625
0 0.38828125 0.6453125 0.05390625 0.07578125
0 0.35 0.7125 0.05703125 0.1109375
0 0.3078125 0.8109375 0.06796875 0.1203125
0 0.2703125 0.9046875 0.07890625 0.1125
0 0.5359375 0.56171875 0.05625 0.071875
0 0.50390625 0.621875 0.053125 0.08828125
0 0.4703125 0.69296875 0.06171875 0.1015625
0 0.43515625 0.7890625 0.065625 0.10703125
0 0.39765625 0.86796875 0.065625 0.1171875
0 0.49375 0.9375 0.09765625 0.12421875
0 0.5375 0.846875 0.0703125 0.1125
0 0.56328125 0.75390625 0.07109375 0.0921875
0 0.596875 0.6734375 0.071875 0.0828125
0 0.61484375 0.59921875 0.06328125 0.0984375
0 0.62890625 0.89921875 0.08046875 0.0953125
0 0.659375 0.80546875 0.0609375 0.0859375
0 0.678125 0.7234375 0.065625 0.08828125
0 0.70390625 0.640625 0.0703125 0.0734375
0 0.71875 0.565625 0.06328125 0.0796875
0 0.75234375 0.4546875 0.0625 0.08359375
0 0.7390625 0.5140625 0.04296875 0.04375
0 0.77421875 0.38359375 0.0453125 0.0421875
0 0.7859375 0.3375 0.0375 0.0421875
0 0.80625 0.271875 0.03671875 0.03125
0 0.7984375 0.30703125 0.0296875 0.02890625
0 0.878125 0.26953125 0.03515625 0.034375
0 0.87265625 0.29296875 0.03984375 0.03359375
0 0.86015625 0.3296875 0.04765625 0.05546875
0 0.85625 0.36796875 0.046875 0.04296875
0 0.8453125 0.4046875 0.04609375 0.04375
0 0.84609375 0.44453125 0.0515625 0.0515625
0 0.82578125 0.49453125 0.05 0.05546875
0 0.81875 0.55625 0.0703125 0.075
0 0.809375 0.6234375 0.05703125 0.05859375
0 0.7890625 0.69375 0.06796875 0.08046875
0 0.76796875 0.77109375 0.08125 0.0890625
0 0.7546875 0.859375 0.0875 0.10546875
0 0.7328125 0.9640625 0.0734375 0.07109375
0 0.859375 0.93828125 0.09140625 0.10703125
0 0.87265625 0.83984375 0.0703125 0.0734375
0 0.88359375 0.76171875 0.0703125 0.08203125
0 0.89765625 0.68046875 0.07265625 0.08671875
0 0.9046875 0.6125 0.0640625 0.08984375
0 0.909375 0.54453125 0.0546875 0.05546875
0 0.92109375 0.49765625 0.04296875 0.05703125
0 0.93125 0.44453125 0.040625 0.04140625
0 0.93125 0.396875 0.05546875 0.046875
0 0.93515625 0.353125 0.046875 0.04375
0 0.93828125 0.3171875 0.0375 0.03125
0 0.9484375 0.28671875 0.03515625 0.02421875