0 0.91796875 0.68125 0.0625 0.1140625
0 0.83515625 0.75625 0.06875 0.10859375
0 0.71640625 0.83515625 0.0828125 0.15234375
0 0.61796875 0.92890625 0.08125 0.1421875
0 0.896875 0.44921875 0.0578125 0.10390625
0 0.8203125 0.50703125 0.0671875 0.1046875
0 0.7375 0.56484375 0.05234375 0.09921875
0 0.63671875 0.6125 0.07578125 0.11015625
0 0.5359375 0.6984375 0.06328125 0.096875
0 0.4203125 0.8078125 0.05859375 0.13125
0 0.28984375 0.94296875 0.0609375 0.109375
0 0.96953125 0.20390625 0.04609375 0.06875
0 0.9046875 0.25703125 0.05078125 0.0765625
0 0.825 0.2953125 0.0359375 0.0890625
0 0.73984375 0.34296875 0.059375 0.07265625
0 0.67109375 0.3953125 0.04609375 0.0609375
0 0.55625 0.446875 0.0671875 0.121875
0 0.46953125 0.5171875 0.065625 0.09453125
0 0.37265625 0.5921875 0.08125 0.1453125
0 0.2375 0.7015625 0.06953125 0.1203125
0 0.0859375 0.82578125 0.08046875 0.140625
0 0.9625 0.053125 0.05546875 0.071875
0 0.89296875 0.09609375 0.0375 0.0796875
0 0.82109375 0.115625 0.04921875 0.08046875
0 0.74765625 0.15546875 0.05546875 0.09140625
0 0.66796875 0.19765625 0.04453125 0.08203125
0 0.6046875 0.24375 0.04609375 0.07890625
0 0.51875 0.28671875 0.0734375 0.10546875
0 0.41953125 0.35859375 0.06171875 0.103125
0 0.29375 0.434375 0.07265625 0.11328125
0 0.17734375 0.5265625 0.07890625 0.1421875
0 0.04296875 0.5953125 0.07421875 0.13125
0 0.67890625 0.04453125 0.04453125 0.0796875
0 0.60234375 0.0890625 0.0390625 0.06953125
0 0.5359375 0.13046875 0.04765625 0.07578125
0 0.4765625 0.03984375 0.0421875 0.07109375
0 0.45390625 0.18203125 0.0640625 0.11015625
0 0.396875 0.078125 0.04453125 0.0953125
0 0.35234375 0.240625 0.06171875 0.1125
0 0.30390625 0.11875 0.06171875 0.103125
0 0.24453125 0.0421875 0.06328125 0.084375
0 0.24375 0.3109375 0.059375 0.11953125
0 0.18671875 0.1859375 0.06484375 0.109375
0 0.14375 0.08515625 0.06640625 0.121875
0 0.1203125 0.37265625 0.06796875 0.12265625
0 0.06953125 0.24609375 0.05859375 0.109375
0 0.028125 0.14296875 0.05546875 0.0875