0 0.10078125 0.8359375 0.12890625 0.2109375
0 0.2890625 0.83203125 0.18125 0.234375
0 0.46953125 0.81484375 0.12578125 0.1859375
0 0.65390625 0.80234375 0.16171875 0.21171875
0 0.82890625 0.77109375 0.1421875 0.20078125
0 0.96640625 0.778125 0.06640625 0.2203125
0 0.93125 0.56484375 0.1171875 0.17578125
0 0.771875 0.56640625 0.12265625 0.175
0 0.62734375 0.57578125 0.12421875 0.196875
0 0.45390625 0.59296875 0.13359375 0.2125
0 0.30859375 0.58828125 0.1296875 0.18515625
0 0.15859375 0.59140625 0.0890625 0.1796875
0 0.04609375 0.4015625 0.0921875 0.16875
0 0.02890625 0.578125 0.0578125 0.13359375
0 0.18671875 0.38984375 0.1109375 0.19296875
0 0.31953125 0.39609375 0.0875 0.16796875
0 0.45 0.2828125 0.078125 0.10703125
0 0.45703125 0.41328125 0.14375 0.15546875
0 0.58046875 0.27265625 0.09453125 0.1015625
0 0.61015625 0.39140625 0.14453125 0.1625
0 0.71015625 0.271875 0.10859375 0.11171875
0 0.74296875 0.39296875 0.09765625 0.159375
0 0.82265625 0.26953125 0.08984375 0.1375
0 0.9359375 0.265625 0.0984375 0.1484375
0 0.9671875 0.37734375 0.06484375 0.2015625
0 0.86875 0.40234375 0.1140625 0.16796875
0 0.8609375 0.1625 0.09375 0.11640625
0 0.8703125 0.07265625 0.09140625 0.09765625
0 0.77265625 0.0953125 0.0734375 0.09921875
0 0.6859375 0.115625 0.08359375 0.115625
0 0.584375 0.1328125 0.0828125 0.10625
0 0.47578125 0.153125 0.09296875 0.12734375
0 0.359375 0.17890625 0.1015625 0.1171875
0 0.2578125 0.190625 0.0765625 0.1140625
0 0.1234375 0.19921875 0.0984375 0.121875
0 0.02109375 0.2171875 0.0421875 0.14921875
0 0.02890625 0.09765625 0.0578125 0.12265625
0 0.1375 0.0890625 0.1078125 0.1171875
0 0.253125 0.0875 0.08125 0.10625
0 0.34296875 0.06796875 0.07734375 0.10390625
0 0.45390625 0.0546875 0.08125 0.10546875
0 0.55234375 0.04609375 0.08203125 0.0921875
0 0.64140625 0.040625 0.0828125 0.08125
0 0.73828125 0.03984375 0.07890625 0.0796875
0 0.8234375 0.0390625 0.0875 0.078125
0 0.8828125 0.96328125 0.1390625 0.07265625
0 0.678125 0.971875 0.15 0.05625
0 0.48984375 0.9640625 0.13125 0.071875