0 0.0875 0.73984375 0.0828125 0.16953125
0 0.21875 0.6546875 0.07734375 0.2
0 0.13125 0.5046875 0.0796875 0.13125
0 0.065625 0.375 0.07578125 0.1265625
0 0.1046875 0.23203125 0.0734375 0.1359375
0 0.04609375 0.14453125 0.059375 0.121875
0 0.08359375 0.03828125 0.0546875 0.0765625
0 0.12890625 0.09375 0.07421875 0.0875
0 0.22890625 0.05859375 0.05546875 0.10703125
0 0.19765625 0.16796875 0.06953125 0.12890625
0 0.30078125 0.1234375 0.059375 0.08046875
0 0.27890625 0.26171875 0.0765625 0.14140625
0 0.36875 0.21328125 0.0671875 0.1203125
0 0.16875 0.3140625 0.07890625 0.14375
0 0.2515625 0.42578125 0.07265625 0.1171875
0 0.3671875 0.37734375 0.08359375 0.15390625
0 0.46796875 0.31875 0.0765625 0.1484375
0 0.3921875 0.08125 0.08125 0.1078125
0 0.4625 0.03515625 0.05 0.0703125
0 0.459375 0.1609375 0.059375 0.09609375
0 0.546875 0.0984375 0.0734375 0.08828125
0 0.62734375 0.0515625 0.0859375 0.103125
0 0.6421875 0.1828125 0.084375 0.12734375
0 0.715625 0.1296875 0.06953125 0.1109375
0 0.77734375 0.0765625 0.05 0.08125
0 0.853125 0.04296875 0.06015625 0.08515625
0 0.95390625 0.0828125 0.07421875 0.12265625
0 0.89375 0.14453125 0.08828125 0.125
0 0.81875 0.209375 0.075 0.1171875
0 0.73984375 0.27890625 0.08046875 0.13203125
0 0.56328125 0.44609375 0.078125 0.1484375
0 0.45234375 0.50234375 0.09375 0.14765625
0 0.34375 0.58359375 0.10546875 0.18515625
0 0.3234375 0.859375 0.1109375 0.203125
0 0.45859375 0.765625 0.0921875 0.18671875
0 0.56953125 0.66484375 0.0921875 0.1734375
0 0.6796875 0.5578125 0.10390625 0.15390625
0 0.771875 0.47421875 0.096875 0.15
0 0.865625 0.39765625 0.10390625 0.14453125
0 0.928125 0.30859375 0.08828125 0.14140625
0 0.96484375 0.50078125 0.0703125 0.1703125
0 0.92109375 0.60390625 0.1234375 0.15859375
0 0.81953125 0.70078125 0.1015625 0.15546875
0 0.72421875 0.81953125 0.10078125 0.22265625
0 0.571875 0.92421875 0.12421875 0.15078125
0 0.95625 0.8703125 0.08125 0.19921875