0 0.41953125 0.04765625 0.059375 0.0921875
0 0.8953125 0.059375 0.0640625 0.10859375
0 0.16875 0.046875 0.0625 0.09375
0 0.953125 0.0375 0.05625 0.0703125
0 0.075 0.37109375 0.046875 0.08515625
0 0.06640625 0.0953125 0.0546875 0.09453125
0 0.5890625 0.0890625 0.07578125 0.125
0 0.51015625 0.15625 0.07421875 0.12890625
0 0.02109375 0.2515625 0.04140625 0.0984375
0 0.609375 0.77578125 0.05859375 0.11875
0 0.6734375 0.05390625 0.06875 0.10546875
0 0.8984375 0.5078125 0.07578125 0.121875
0 0.3359375 0.10625 0.06171875 0.09609375
0 0.23203125 0.14375 0.06328125 0.109375
0 0.61171875 0.49609375 0.08125 0.1578125
0 0.79375 0.35703125 0.0703125 0.10859375
0 0.69375 0.43515625 0.0703125 0.1375
0 0.59453125 0.2921875 0.06875 0.10703125
0 0.9734375 0.43828125 0.0515625 0.12109375
0 0.38984375 0.4125 0.0734375 0.121875
0 0.92421875 0.21796875 0.07265625 0.1265625
0 0.390625 0.6390625 0.078125 0.14921875
0 0.01953125 0.028125 0.0390625 0.05625
0 0.415625 0.21171875 0.07734375 0.11953125
0 0.20859375 0.31640625 0.0671875 0.09921875
0 0.38671875 0.959375 0.0953125 0.08125
0 0.74453125 0.02578125 0.0625 0.05078125
0 0.7609375 0.14765625 0.06328125 0.10859375
0 0.50859375 0.3515625 0.07421875 0.13125
0 0.29140625 0.45703125 0.06640625 0.10859375
0 0.31171875 0.26484375 0.06953125 0.1171875
0 0.03125 0.60625 0.0625 0.15
0 0.865625 0.27421875 0.0625 0.103125
0 0.13203125 0.18828125 0.06484375 0.11640625
0 0.50859375 0.571875 0.08125 0.15859375
0 0.68515625 0.23203125 0.071875 0.09609375
0 0.16796875 0.5453125 0.07421875 0.14609375
0 0.25546875 0.7078125 0.0859375 0.14453125
0 0.740625 0.6921875 0.07890625 0.1203125
0 0.821875 0.60390625 0.07890625 0.14140625
0 0.86875 0.89453125 0.0796875 0.1015625
0 0.95546875 0.7984375 0.0875 0.1171875