0 0.93984375 0.903125 0.1203125 0.178125
0 0.96171875 0.6140625 0.0765625 0.16875
0 0.83125 0.72734375 0.0921875 0.16796875
0 0.665625 0.86328125 0.10625 0.190625
0 0.88203125 0.4765625 0.090625 0.1625
0 0.7484375 0.58046875 0.0984375 0.1953125
0 0.58984375 0.69140625 0.10859375 0.18671875
0 0.41640625 0.8140625 0.11640625 0.19140625
0 0.24375 0.92734375 0.1203125 0.1453125
0 0.909375 0.30625 0.059375 0.09609375
0 0.796875 0.37265625 0.090625 0.15703125
0 0.68828125 0.47734375 0.08515625 0.15625
0 0.52734375 0.5640625 0.09765625 0.1796875
0 0.3828125 0.65625 0.1140625 0.1765625
0 0.2 0.7765625 0.11484375 0.1640625
0 0.946875 0.13203125 0.07109375 0.11015625
0 0.88984375 0.065625 0.04765625 0.0984375
0 0.853125 0.21015625 0.07265625 0.1296875
0 0.79453125 0.13203125 0.0546875 0.12421875
0 0.74296875 0.053125 0.065625 0.10625
0 0.73359375 0.271875 0.0796875 0.14921875
0 0.684375 0.18671875 0.0671875 0.12578125
0 0.63984375 0.11796875 0.0640625 0.1125
0 0.59296875 0.04765625 0.059375 0.0953125
0 0.6203125 0.35234375 0.07890625 0.15234375
0 0.5765625 0.24921875 0.07421875 0.14375
0 0.5328125 0.16796875 0.0734375 0.1171875
0 0.49765625 0.0875 0.07421875 0.1234375
0 0.5015625 0.41953125 0.10703125 0.15859375
0 0.44296875 0.31796875 0.0765625 0.14296875
0 0.4203125 0.22265625 0.0859375 0.13046875
0 0.3875 0.14140625 0.0796875 0.1078125
0 0.34765625 0.06796875 0.0703125 0.11875
0 0.3390625 0.49765625 0.10234375 0.1609375
0 0.30546875 0.39609375 0.07578125 0.11640625
0 0.2875 0.2890625 0.09296875 0.1609375
0 0.259375 0.20703125 0.06796875 0.10390625
0 0.1859375 0.60703125 0.11484375 0.16796875
0 0.16328125 0.4578125 0.06796875 0.1359375
0 0.153125 0.3546875 0.09375 0.1375
0 0.1359375 0.2515625 0.07890625 0.1375
0 0.11875 0.1828125 0.06015625 0.0984375
0 0.1015625 0.10546875 0.07578125 0.115625
0 0.08984375 0.03828125 0.06640625 0.0765625
0 0.03046875 0.6984375 0.06015625 0.159375
0 0.03125 0.88125 0.0625 0.16640625
0 0.02890625 0.54140625 0.0578125 0.1421875