0 0.38203125 0.0421875 0.05546875 0.08359375
0 0.26953125 0.090625 0.05390625 0.0765625
0 0.7359375 0.05078125 0.0609375 0.096875
0 0.15 0.08125 0.06484375 0.0671875
0 0.83125 0.21875 0.04609375 0.08828125
0 0.7875 0.12578125 0.05078125 0.0859375
0 0.603125 0.03203125 0.05625 0.06328125
0 0.50078125 0.07578125 0.05234375 0.0859375
0 0.92265625 0.17109375 0.05390625 0.1015625
0 0.86171875 0.07421875 0.0515625 0.096875
0 0.940625 0.03984375 0.05625 0.0796875
0 0.5484375 0.13984375 0.06171875 0.0984375
0 0.44921875 0.2 0.06796875 0.0953125
0 0.6921875 0.184375 0.06015625 0.0953125
0 0.20390625 0.32109375 0.065625 0.096875
0 0.0578125 0.29296875 0.05390625 0.09375
0 0.825 0.78046875 0.07890625 0.1578125
0 0.30390625 0.16875 0.0671875 0.0875
0 0.3140625 0.26015625 0.075 0.10859375
0 0.1328125 0.02734375 0.059375 0.05390625
0 0.0484375 0.20703125 0.05859375 0.10390625
0 0.15546875 0.16015625 0.059375 0.09453125
0 0.81953125 0.025 0.05546875 0.04921875
0 0.21875 0.446875 0.0765625 0.13203125
0 0.5875 0.2359375 0.05859375 0.08828125
0 0.48125 0.2984375 0.07109375 0.1
0 0.64609375 0.10234375 0.0609375 0.08515625
0 0.39609375 0.4890625 0.05703125 0.11953125
0 0.57265625 0.55703125 0.06953125 0.12578125
0 0.246875 0.0328125 0.0625 0.065625
0 0.41484375 0.11484375 0.0640625 0.084375
0 0.0671875 0.39609375 0.0609375 0.1
0 0.76328125 0.590625 0.0671875 0.121875
0 0.13828125 0.8421875 0.08828125 0.14765625
0 0.80078125 0.38984375 0.05 0.0890625
0 0.6421875 0.7046875 0.0671875 0.1453125
0 0.7453125 0.275 0.0546875 0.084375
0 0.1859375 0.2328125 0.0734375 0.09609375
0 0.36015625 0.36171875 0.0609375 0.10390625
0 0.71171875 0.8828125 0.078125 0.14140625
0 0.53125 0.4203125 0.07109375 0.1046875
0 0.98203125 0.25703125 0.0359375 0.11796875
0 0.1140625 0.684375 0.075 0.1453125
0 0.0359375 0.12578125 0.04609375 0.08203125
0 0.29609375 0.75390625 0.06484375 0.09375
0 0.6953125 0.45859375 0.06953125 0.12265625
0 0.6390625 0.33671875 0.05859375 0.09296875
0 0.09140625 0.5328125 0.078125 0.13671875
0 0.49609375 0.80546875 0.0734375 0.1078125
0 0.90546875 0.3375 0.059375 0.08984375
0 0.8734375 0.5171875 0.06328125 0.13046875
0 0.01875 0.0625 0.0375 0.06875
0 0.95234375 0.68515625 0.08359375 0.14453125
0 0.971875 0.45078125 0.05546875 0.12734375
0 0.33984375 0.925 0.0875 0.14296875
0 0.2453125 0.58828125 0.06953125 0.1375
0 0.446875 0.628125 0.06640625 0.109375