0 0.065625 0.9375 0.075 0.125
0 0.0625 0.6828125 0.06953125 0.1359375
0 0.07421875 0.48203125 0.06328125 0.1234375
0 0.0734375 0.31953125 0.05625 0.09921875
0 0.0203125 0.17578125 0.040625 0.08125
0 0.0140625 0.084375 0.028125 0.0734375
0 0.021875 0.028125 0.03828125 0.05625
0 0.0765625 0.0265625 0.0390625 0.053125
0 0.075 0.0796875 0.03828125 0.06484375
0 0.04453125 0.13125 0.02734375 0.06328125
0 0.07890625 0.18125 0.05546875 0.09609375
0 0.13984375 0.10390625 0.06171875 0.07734375
0 0.13671875 0.028125 0.04765625 0.05625
0 0.14921875 0.2 0.0515625 0.08359375
0 0.21875 0.11640625 0.06171875 0.07421875
0 0.27578125 0.040625 0.04375 0.0640625
0 0.3421875 0.08125 0.0453125 0.06640625
0 0.29609375 0.16015625 0.04921875 0.08046875
0 0.2375 0.25546875 0.075 0.10546875
0 0.15546875 0.36953125 0.06171875 0.10390625
0 0.171875 0.53359375 0.06484375 0.1171875
0 0.24765625 0.4125 0.06015625 0.08671875
0 0.31484375 0.29609375 0.06484375 0.11015625
0 0.378125 0.20078125 0.06171875 0.1078125
0 0.434375 0.11953125 0.05546875 0.0859375
0 0.18671875 0.759375 0.0578125 0.109375
0 0.26484375 0.6078125 0.06484375 0.1125
0 0.34296875 0.484375 0.065625 0.1125
0 0.4125 0.36484375 0.08125 0.1171875
0 0.46875 0.24765625 0.0625 0.08828125
0 0.51171875 0.1578125 0.05859375 0.09609375
0 0.59140625 0.20546875 0.0578125 0.09453125
0 0.55625 0.303125 0.059375 0.0890625
0 0.51484375 0.41171875 0.05859375 0.11640625
0 0.45 0.53828125 0.06640625 0.1125
0 0.38359375 0.68203125 0.07734375 0.13359375
0 0.296875 0.84296875 0.0984375 0.146875
0 0.43515625 0.9453125 0.09296875 0.10859375
0 0.503125 0.76953125 0.07578125 0.12109375
0 0.55703125 0.61328125 0.0625 0.11953125
0 0.60625 0.45625 0.05546875 0.096875
0 0.6453125 0.35078125 0.0609375 0.10234375
0 0.6890625 0.2546875 0.06484375 0.071875
0 0.55546875 0.07734375 0.05078125 0.06875
0 0.47578125 0.04453125 0.05390625 0.06640625
0 0.62890625 0.1265625 0.05390625 0.05859375
0 0.71875 0.16953125 0.04140625 0.05859375
0 0.62890625 0.85703125 0.06875 0.121875
0 0.67265625 0.67578125 0.0671875 0.11171875
0 0.71484375 0.53046875 0.0578125 0.06875
0 0.74609375 0.409375 0.04375 0.0609375
0 0.78671875 0.29296875 0.05703125 0.07109375
0 0.8046875 0.20546875 0.04296875 0.06640625
0 0.8296875 0.13125 0.03515625 0.046875
0 0.8484375 0.0640625 0.03828125 0.075
0 0.94765625 0.03046875 0.04453125 0.05703125
0 0.93671875 0.09609375 0.04296875 0.065625
0 0.9171875 0.165625 0.03671875 0.05546875
0 0.8953125 0.25234375 0.0421875 0.07109375
0 0.8734375 0.33671875 0.04609375 0.0609375
0 0.8515625 0.44375 0.04453125 0.0734375
0 0.82734375 0.58671875 0.05234375 0.07890625
0 0.803125 0.75234375 0.0640625 0.09140625
0 0.75546875 0.95078125 0.05703125 0.0984375
0 0.928125 0.834375 0.04921875 0.08046875
0 0.9515625 0.659375 0.04453125 0.0703125
0 0.975 0.51328125 0.05 0.0703125