0 0.765625 0.59375 0.1578125 0.259375
0 0.75078125 0.26796875 0.1234375 0.159375
0 0.73515625 0.09140625 0.11796875 0.165625
0 0.52734375 0.05 0.096875 0.1
0 0.51015625 0.1578125 0.08671875 0.11328125
0 0.47265625 0.34140625 0.1046875 0.19140625
0 0.403125 0.678125 0.17109375 0.2984375
0 0.3203125 0.09765625 0.1 0.11796875
0 0.26953125 0.225 0.09609375 0.1453125
0 0.1515625 0.4390625 0.17109375 0.209375
0 0.19609375 0.04296875 0.06171875 0.08515625
0 0.1234375 0.14765625 0.06875 0.09921875
0 0.03671875 0.08125 0.0578125 0.10859375
0 0.03125 0.26953125 0.0625 0.1625