0 0.1734375 0.11328125 0.07265625 0.14375
0 0.440625 0.14296875 0.07265625 0.13828125
0 0.3640625 0.046875 0.071875 0.09375
0 0.21953125 0.47265625 0.08984375 0.159375
0 0.5375 0.09296875 0.07421875 0.115625
0 0.9578125 0.34453125 0.0765625 0.1328125
0 0.9390625 0.6421875 0.07890625 0.1390625
0 0.5234375 0.74296875 0.103125 0.18046875
0 0.603125 0.046875 0.071875 0.09375
0 0.69375 0.165625 0.0734375 0.12734375
0 0.3421875 0.18203125 0.07109375 0.14296875
0 0.7578125 0.84765625 0.103125 0.1703125
0 0.96953125 0.13515625 0.06015625 0.103125
0 0.0359375 0.8875 0.071875 0.190625
0 0.9578125 0.928125 0.078125 0.13828125
0 0.67578125 0.040625 0.06796875 0.08125
0 0.39609375 0.87109375 0.08984375 0.1671875
0 0.91328125 0.1921875 0.06640625 0.10390625
0 0.89375 0.403125 0.0765625 0.13359375
0 0.86015625 0.2328125 0.06875 0.11796875
0 0.03046875 0.04453125 0.0609375 0.0890625
0 0.61953125 0.21171875 0.0703125 0.121875
0 0.075 0.16015625 0.078125 0.13046875
0 0.765625 0.1265625 0.0609375 0.0984375
0 0.725 0.5734375 0.09921875 0.1578125
0 0.88359375 0.05390625 0.065625 0.0859375
0 0.85234375 0.74140625 0.0890625 0.15546875
0 0.271875 0.06875 0.06953125 0.13515625
0 0.4265625 0.54609375 0.09140625 0.1734375
0 0.8203125 0.08359375 0.05546875 0.09140625
0 0.13671875 0.29453125 0.075 0.15390625
0 0.1203125 0.03984375 0.065625 0.0796875
0 0.246875 0.23515625 0.06640625 0.121875
0 0.3296875 0.38984375 0.0796875 0.14921875
0 0.434375 0.3265625 0.0875 0.17109375
0 0.1625 0.7765625 0.08203125 0.1890625
0 0.81171875 0.48046875 0.075 0.1203125
0 0.31328125 0.6640625 0.1 0.1703125
0 0.4546875 0.028125 0.08125 0.05625
0 0.08046875 0.58515625 0.08203125 0.20078125
0 0.0296875 0.365625 0.059375 0.15
0 0.71015625 0.33828125 0.06953125 0.1265625
0 0.92734375 0.021875 0.053125 0.04375
0 0.61484375 0.4140625 0.05859375 0.11171875
0 0.51640625 0.265625 0.0609375 0.10625
0 0.528125 0.459375 0.05703125 0.11953125