0 0.959375 0.5671875 0.08125 0.1734375
0 0.94453125 0.35 0.09140625 0.1515625
0 0.9390625 0.1515625 0.0859375 0.125
0 0.8421875 0.04453125 0.0578125 0.0890625
0 0.8421875 0.23984375 0.08515625 0.13203125
0 0.75703125 0.15234375 0.0703125 0.1265625
0 0.67421875 0.05 0.0515625 0.09921875
0 0.840625 0.4375 0.10390625 0.15
0 0.74609375 0.32578125 0.090625 0.16171875
0 0.65859375 0.2203125 0.07421875 0.13984375
0 0.5828125 0.134375 0.0625 0.109375
0 0.52421875 0.06875 0.0453125 0.0921875
0 0.8328125 0.690625 0.09921875 0.146875
0 0.709375 0.803125 0.10859375 0.1296875
0 0.578125 0.9125 0.140625 0.175
0 0.73671875 0.5515625 0.0765625 0.134375
0 0.634375 0.41484375 0.090625 0.1578125
0 0.546875 0.31171875 0.04765625 0.1015625
0 0.4859375 0.215625 0.08046875 0.13359375
0 0.42421875 0.13828125 0.06171875 0.1140625
0 0.3734375 0.0578125 0.06171875 0.1109375
0 0.5140625 0.48359375 0.08359375 0.153125
0 0.60234375 0.6171875 0.09140625 0.14765625
0 0.43515625 0.3796875 0.09921875 0.1546875
0 0.37578125 0.2734375 0.065625 0.13984375
0 0.32109375 0.19296875 0.05703125 0.12109375
0 0.2734375 0.1171875 0.05859375 0.11875
0 0.23125 0.04140625 0.04609375 0.0828125
0 0.46796875 0.73125 0.096875 0.16328125
0 0.38828125 0.584375 0.0921875 0.18515625
0 0.32421875 0.46796875 0.075 0.16875
0 0.25546875 0.3578125 0.0703125 0.16171875
0 0.2125 0.25390625 0.07265625 0.1359375
0 0.16796875 0.1640625 0.06796875 0.103125
0 0.1328125 0.0921875 0.0703125 0.1171875
0 0.2953125 0.87421875 0.11640625 0.184375
0 0.228125 0.70078125 0.103125 0.19609375
0 0.16875 0.5546875 0.0828125 0.17265625
0 0.13359375 0.42421875 0.08359375 0.1328125
0 0.0859375 0.32265625 0.08359375 0.134375
0 0.05546875 0.23203125 0.090625 0.13515625
0 0.05625 0.82265625 0.11171875 0.20390625
0 0.03671875 0.653125 0.0734375 0.15859375