0 0.18203125 0.84609375 0.08125 0.1796875
0 0.09375 0.6 0.06640625 0.13359375
0 0.02578125 0.3796875 0.0515625 0.12109375
0 0.0390625 0.146875 0.075 0.14140625
0 0.1359375 0.0671875 0.0671875 0.11875
0 0.22421875 0.2421875 0.07109375 0.13984375
0 0.1203125 0.31484375 0.07421875 0.14296875
0 0.31953125 0.1578125 0.06640625 0.12578125
0 0.42734375 0.06796875 0.07265625 0.12109375
0 0.2140625 0.50078125 0.0671875 0.17109375
0 0.31171875 0.39921875 0.065625 0.13828125
0 0.4203125 0.296875 0.07265625 0.15546875
0 0.49453125 0.21796875 0.05625 0.0953125
0 0.584375 0.15234375 0.05390625 0.1265625
0 0.659375 0.10078125 0.0578125 0.09453125
0 0.725 0.04453125 0.059375 0.0890625
0 0.796875 0.03203125 0.05390625 0.0640625
0 0.29609375 0.70859375 0.0734375 0.14453125
0 0.40078125 0.60078125 0.07109375 0.14609375
0 0.5078125 0.49765625 0.06484375 0.1421875
0 0.60078125 0.41875 0.05859375 0.11015625
0 0.6796875 0.3203125 0.06171875 0.11796875
0 0.74609375 0.24296875 0.05703125 0.10546875
0 0.81171875 0.203125 0.05390625 0.1109375
0 0.88125 0.14765625 0.0515625 0.08515625
0 0.94296875 0.08984375 0.06796875 0.1203125
0 0.971875 0.29609375 0.05625 0.12109375
0 0.903125 0.3453125 0.04921875 0.096875
0 0.8390625 0.42265625 0.06171875 0.1171875
0 0.76796875 0.50078125 0.07890625 0.12421875
0 0.68359375 0.59296875 0.07109375 0.11875
0 0.59296875 0.70234375 0.08671875 0.15625
0 0.49375 0.8125 0.0734375 0.1328125
0 0.3921875 0.9359375 0.08125 0.128125
0 0.6921875 0.93515625 0.07265625 0.11171875
0 0.79296875 0.828125 0.0796875 0.11640625
0 0.8796875 0.71015625 0.0703125 0.12265625
0 0.93671875 0.603125 0.06328125 0.12265625