0 0.66640625 0.0515625 0.05546875 0.0875
0 0.5203125 0.1203125 0.05546875 0.1
0 0.57578125 0.21171875 0.06484375 0.10234375
0 0.5859375 0.0796875 0.05546875 0.1
0 0.6546875 0.16875 0.0625 0.11015625
0 0.80546875 0.10234375 0.06171875 0.10390625
0 0.07734375 0.2140625 0.04375 0.078125
0 0.7375 0.034375 0.053125 0.06875
0 0.378125 0.0609375 0.06328125 0.1140625
0 0.63984375 0.29296875 0.0625 0.1109375
0 0.4859375 0.24375 0.06640625 0.1140625
0 0.19375 0.14609375 0.0609375 0.10390625
0 0.7078125 0.40859375 0.06796875 0.12890625
0 0.14921875 0.0578125 0.053125 0.08125
0 0.7375 0.1359375 0.059375 0.10703125
0 0.43671875 0.1453125 0.0625 0.11171875
0 0.8765625 0.18671875 0.0609375 0.12109375
0 0.79609375 0.22734375 0.0640625 0.11015625
0 0.0625 0.67265625 0.07265625 0.125
0 0.95234375 0.28203125 0.0765625 0.12421875
0 0.5109375 0.55234375 0.07890625 0.121875
0 0.7109375 0.25546875 0.06328125 0.11875
0 0.11328125 0.3171875 0.059375 0.08828125
0 0.28828125 0.10390625 0.06015625 0.1015625
0 0.78828125 0.3625 0.065625 0.11953125
0 0.3328125 0.1953125 0.05 0.08828125
0 0.875 0.06875 0.0515625 0.07578125
0 0.46171875 0.825 0.0703125 0.1484375
0 0.878125 0.33359375 0.071875 0.12578125
0 0.7859375 0.8171875 0.0671875 0.1515625
0 0.38515625 0.2984375 0.06328125 0.1015625
0 0.4390625 0.4046875 0.06875 0.1375
0 0.0359375 0.09921875 0.0640625 0.0921875
0 0.24296875 0.03125 0.0578125 0.0625
0 0.9375 0.025 0.04765625 0.05
0 0.67265625 0.92578125 0.0890625 0.1484375
0 0.9453125 0.1484375 0.06328125 0.1046875
0 0.54140625 0.3421875 0.0671875 0.11796875
0 0.88515625 0.490625 0.07578125 0.12265625
0 0.96015625 0.44140625 0.0671875 0.12109375
0 0.15859375 0.43203125 0.06953125 0.1234375
0 0.46171875 0.04453125 0.0546875 0.0890625
0 0.6109375 0.4765625 0.065625 0.11796875
0 0.7890625 0.5640625 0.065625 0.10625
0 0.2046875 0.57421875 0.07578125 0.1140625
0 0.278125 0.3546875 0.06953125 0.12265625
0 0.11796875 0.85859375 0.075 0.12734375
0 0.68984375 0.625 0.06796875 0.1125
0 0.5796875 0.71171875 0.06484375 0.14375
0 0.9703125 0.64140625 0.05859375 0.1625
0 0.03515625 0.53046875 0.0703125 0.14140625
0 0.39375 0.6296875 0.07265625 0.1171875
0 0.2375 0.22734375 0.05859375 0.1046875
0 0.25859375 0.74140625 0.08046875 0.11953125
0 0.3171875 0.9390625 0.0765625 0.121875
0 0.978125 0.91171875 0.04375 0.171875
0 0.8875 0.75625 0.06796875 0.1578125
0 0.32890625 0.490625 0.06640625 0.12265625