0 0.946875 0.11953125 0.10625 0.1484375
0 0.83203125 0.05546875 0.1078125 0.1109375
0 0.8140625 0.3125 0.12421875 0.215625
0 0.68046875 0.1734375 0.09453125 0.1796875
0 0.61953125 0.05546875 0.0796875 0.1109375
0 0.5609375 0.69609375 0.184375 0.26953125
0 0.478125 0.4203125 0.1140625 0.20078125
0 0.41328125 0.21953125 0.12109375 0.1625
0 0.10859375 0.7984375 0.15 0.29140625
0 0.1421875 0.48828125 0.13671875 0.24375
0 0.14921875 0.2875 0.1140625 0.21015625
0 0.165625 0.12734375 0.0890625 0.11640625
0 0.17109375 0.04453125 0.09765625 0.08828125