0 0.125 0.86640625 0.071875 0.134375
0 0.08125 0.66171875 0.0609375 0.11640625
0 0.04609375 0.49609375 0.065625 0.1171875
0 0.10390625 0.31015625 0.0625 0.08671875
0 0.05 0.18359375 0.06171875 0.0875
0 0.02578125 0.09453125 0.0515625 0.09140625
0 0.09453125 0.04765625 0.0578125 0.08984375
0 0.13828125 0.14140625 0.0546875 0.08515625
0 0.20234375 0.08515625 0.04609375 0.09140625
0 0.2828125 0.04453125 0.0515625 0.06953125
0 0.328125 0.11875 0.0484375 0.08203125
0 0.259375 0.1875 0.04765625 0.08359375
0 0.18671875 0.2484375 0.0546875 0.075
0 0.23046875 0.35703125 0.05859375 0.11796875
0 0.18359375 0.5734375 0.0625 0.13828125
0 0.22890625 0.75546875 0.0546875 0.11875
0 0.3234375 0.65078125 0.0421875 0.09765625
0 0.2875 0.50703125 0.05546875 0.1
0 0.35078125 0.40859375 0.05 0.084375
0 0.31796875 0.2828125 0.0515625 0.10234375
0 0.39375 0.23671875 0.05703125 0.0921875
0 0.45390625 0.178125 0.040625 0.0765625
0 0.40390625 0.08203125 0.04453125 0.07578125
0 0.46953125 0.03359375 0.0453125 0.06640625
0 0.52734375 0.1328125 0.03671875 0.05390625
0 0.58671875 0.07578125 0.05859375 0.07421875
0 0.64609375 0.04453125 0.046875 0.08828125
0 0.44609375 0.3609375 0.05703125 0.09921875
0 0.503125 0.303125 0.05390625 0.09765625
0 0.57890625 0.22890625 0.06875 0.1140625
0 0.64921875 0.19140625 0.05703125 0.10625
0 0.70546875 0.1375 0.04765625 0.09140625
0 0.75625 0.1015625 0.04609375 0.08359375
0 0.8140625 0.06640625 0.05078125 0.08515625
0 0.86328125 0.03203125 0.0390625 0.0625
0 0.4140625 0.58125 0.05390625 0.10859375
0 0.503125 0.49140625 0.040625 0.09140625
0 0.56953125 0.4234375 0.06171875 0.10546875
0 0.628125 0.3578125 0.05546875 0.09140625
0 0.70625 0.30390625 0.0484375 0.08515625
0 0.76015625 0.2515625 0.04453125 0.08046875
0 0.8140625 0.20703125 0.04609375 0.084375
0 0.87265625 0.1609375 0.06015625 0.10078125
0 0.91796875 0.11953125 0.046875 0.06953125
0 0.9734375 0.0734375 0.053125 0.09296875
0 0.978125 0.23515625 0.04375 0.10234375
0 0.93125 0.26328125 0.06015625 0.08203125
0 0.89453125 0.31796875 0.0390625 0.090625
0 0.85703125 0.35390625 0.0328125 0.06171875
0 0.83359375 0.3828125 0.0453125 0.0734375
0 0.771875 0.428125 0.04765625 0.08203125
0 0.6984375 0.49140625 0.04609375 0.09453125
0 0.6484375 0.58203125 0.05703125 0.1359375
0 0.5703125 0.64296875 0.03984375 0.109375
0 0.4875 0.728125 0.05859375 0.10078125
0 0.54453125 0.9109375 0.05625 0.09609375
0 0.63203125 0.8078125 0.07109375 0.090625
0 0.703125 0.725 0.06484375 0.11796875
0 0.77109375 0.625 0.06953125 0.10546875
0 0.8484375 0.57421875 0.06015625 0.09453125
0 0.9109375 0.50859375 0.04453125 0.075
0 0.95703125 0.4484375 0.0578125 0.0953125
0 0.975 0.6390625 0.05 0.0921875
0 0.91640625 0.7171875 0.053125 0.10078125
0 0.846875 0.78984375 0.0671875 0.10078125