0 0.19765625 0.91796875 0.09453125 0.16328125
0 0.14921875 0.73125 0.08515625 0.1609375
0 0.121875 0.6 0.06875 0.13046875
0 0.08984375 0.4640625 0.0796875 0.1296875
0 0.06328125 0.33671875 0.05234375 0.10390625
0 0.03828125 0.28203125 0.05078125 0.08984375
0 0.01796875 0.18515625 0.0359375 0.09765625
0 0.075 0.03203125 0.05 0.06328125
0 0.096875 0.05703125 0.04453125 0.059375
0 0.1140625 0.11796875 0.0453125 0.07578125
0 0.1453125 0.178125 0.0421875 0.07265625
0 0.171875 0.26640625 0.07265625 0.109375
0 0.21875 0.3484375 0.06875 0.09140625
0 0.2625 0.47734375 0.07578125 0.1171875
0 0.2984375 0.6203125 0.10546875 0.15390625
0 0.3703125 0.7859375 0.0796875 0.125
0 0.5875 0.82734375 0.08671875 0.12578125
0 0.50625 0.64296875 0.078125 0.13046875
0 0.446875 0.5078125 0.07265625 0.1328125
0 0.38671875 0.40390625 0.06953125 0.10703125
0 0.34140625 0.27734375 0.0578125 0.12109375
0 0.29765625 0.19609375 0.0671875 0.09765625
0 0.26171875 0.121875 0.05 0.08359375
0 0.21328125 0.05390625 0.0515625 0.08828125
0 0.3609375 0.07265625 0.0375 0.09453125
0 0.39296875 0.13203125 0.0515625 0.09140625
0 0.45234375 0.2140625 0.06171875 0.10546875
0 0.45 0.034375 0.05390625 0.06875
0 0.496875 0.08828125 0.05078125 0.09140625
0 0.58046875 0.05859375 0.05234375 0.09375
0 0.553125 0.1671875 0.06484375 0.10859375
0 0.66796875 0.02734375 0.04140625 0.0546875
0 0.6328125 0.11796875 0.05859375 0.09453125
0 0.728125 0.0890625 0.0546875 0.1015625
0 0.79921875 0.04140625 0.0609375 0.0828125
0 0.9578125 0.04921875 0.0625 0.09765625
0 0.87734375 0.09140625 0.06953125 0.09609375
0 0.79609375 0.14453125 0.0734375 0.1
0 0.70390625 0.196875 0.07890625 0.10703125
0 0.6046875 0.2609375 0.08046875 0.10703125
0 0.50234375 0.33359375 0.0859375 0.13515625
0 0.56953125 0.43828125 0.06484375 0.1328125
0 0.68515625 0.3515625 0.06953125 0.11015625
0 0.778125 0.2921875 0.0796875 0.12421875
0 0.8703125 0.23359375 0.08046875 0.13515625
0 0.953125 0.17890625 0.0609375 0.10703125
0 0.959375 0.321875 0.06953125 0.11953125
0 0.87421875 0.40625 0.09375 0.13515625
0 0.75078125 0.4625 0.08671875 0.146875
0 0.63671875 0.5578125 0.1015625 0.15546875
0 0.72578125 0.715625 0.07578125 0.13046875
0 0.8625 0.6234375 0.084375 0.1515625
0 0.97109375 0.52578125 0.05703125 0.12890625