0 0.0328125 0.4921875 0.059375 0.125
0 0.1546875 0.22421875 0.0546875 0.09921875
0 0.09921875 0.35078125 0.0546875 0.08984375
0 0.0578125 0.1453125 0.0578125 0.10078125
0 0.2546875 0.25859375 0.05625 0.1078125
0 0.4046875 0.2078125 0.05625 0.103125
0 0.45 0.05 0.04609375 0.0890625
0 0.55625 0.159375 0.06015625 0.08359375
0 0.528125 0.27578125 0.04609375 0.08203125
0 0.3734375 0.3484375 0.0609375 0.0859375
0 0.215625 0.4265625 0.05390625 0.103125
0 0.15546875 0.57109375 0.07734375 0.14453125
0 0.0890625 0.784375 0.0984375 0.18046875
0 0.2984375 0.6828125 0.08984375 0.1015625
0 0.2390625 0.89140625 0.090625 0.153125
0 0.340625 0.48515625 0.0703125 0.1390625
0 0.5015625 0.41796875 0.0625 0.109375
0 0.4703125 0.571875 0.090625 0.15390625
0 0.434375 0.75546875 0.09140625 0.15
0 0.59140625 0.86484375 0.0796875 0.12578125
0 0.61953125 0.65546875 0.078125 0.13359375
0 0.63984375 0.48359375 0.0765625 0.13125
0 0.66015625 0.35078125 0.071875 0.10390625
0 0.6703125 0.2234375 0.053125 0.1015625
0 0.68046875 0.10546875 0.053125 0.0953125
0 0.79453125 0.0296875 0.0578125 0.059375
0 0.79375 0.0921875 0.0703125 0.08828125
0 0.79609375 0.175 0.06953125 0.09609375
0 0.79296875 0.284375 0.06640625 0.1
0 0.77578125 0.4234375 0.0765625 0.13828125
0 0.771875 0.57890625 0.07578125 0.1109375
0 0.7578125 0.728125 0.090625 0.13828125
0 0.7484375 0.9421875 0.0796875 0.115625
0 0.93984375 0.85078125 0.08515625 0.15390625
0 0.93359375 0.6421875 0.084375 0.1265625
0 0.9171875 0.4890625 0.06796875 0.11796875
0 0.915625 0.36328125 0.0734375 0.1109375
0 0.90625 0.23984375 0.07265625 0.11640625
0 0.909375 0.15078125 0.06640625 0.09375
0 0.90234375 0.065625 0.06484375 0.07578125
0 0.97578125 0.04375 0.0375 0.08671875