0 0.23203125 0.2375 0.046875 0.0921875
0 0.2015625 0.07578125 0.065625 0.10234375
0 0.86484375 0.06015625 0.071875 0.1203125
0 0.709375 0.29375 0.0703125 0.146875
0 0.26796875 0.3921875 0.05703125 0.09765625
0 0.065625 0.146875 0.05859375 0.0984375
0 0.371875 0.16328125 0.04921875 0.09609375
0 0.77109375 0.46015625 0.07265625 0.14453125
0 0.8921875 0.3796875 0.0703125 0.13671875
0 0.4875 0.08828125 0.05078125 0.10390625
0 0.45859375 0.47421875 0.05234375 0.0953125
0 0.9640625 0.559375 0.071875 0.21875
0 0.30703125 0.57578125 0.06640625 0.1109375
0 0.09453125 0.31171875 0.06875 0.09765625
0 0.12734375 0.4859375 0.07578125 0.10546875
0 0.7625 0.10390625 0.0640625 0.11328125
0 0.85234375 0.64609375 0.08046875 0.1515625
0 0.6 0.040625 0.071875 0.08125
0 0.196875 0.91484375 0.07109375 0.1359375
0 0.51484375 0.67421875 0.0765625 0.153125
0 0.653125 0.56171875 0.07265625 0.1375
0 0.9234375 0.1734375 0.06640625 0.13359375
0 0.98125 0.303125 0.03671875 0.1265625
0 0.409375 0.31796875 0.065625 0.10859375
0 0.54375 0.22734375 0.06640625 0.1140625
0 0.81796875 0.2359375 0.0625 0.115625
0 0.35625 0.796875 0.08203125 0.128125
0 0.0109375 0.78046875 0.021875 0.115625
0 0.65625 0.1640625 0.059375 0.1234375
0 0.5953125 0.384375 0.05625 0.134375
0 0.7125 0.77109375 0.06875 0.15390625
0 0.9421875 0.86484375 0.06171875 0.11640625
0 0.5859375 0.89765625 0.0796875 0.11953125
0 0.1625 0.675 0.0765625 0.10625