0 0.209375 0.04140625 0.06171875 0.08203125
0 0.484375 0.0390625 0.05859375 0.07734375
0 0.3453125 0.0765625 0.05625 0.10546875
0 0.18828125 0.1546875 0.0640625 0.1125
0 0.10390625 0.2078125 0.05703125 0.10625
0 0.2703125 0.12109375 0.0578125 0.096875
0 0.56015625 0.11484375 0.05703125 0.0921875
0 0.13125 0.0625 0.05625 0.10625
0 0.62265625 0.08203125 0.05078125 0.0875
0 0.7375 0.0296875 0.05 0.059375
0 0.759375 0.134375 0.05234375 0.090625
0 0.4140625 0.05390625 0.05390625 0.08984375
0 0.40625 0.81953125 0.09375 0.16015625
0 0.71171875 0.32890625 0.0640625 0.1015625
0 0.58828125 0.91484375 0.07890625 0.1390625
0 0.4890625 0.31796875 0.0609375 0.109375
0 0.0484375 0.11796875 0.059375 0.0984375
0 0.7796875 0.275 0.053125 0.09140625
0 0.684375 0.0546875 0.06015625 0.08203125
0 0.4125 0.34296875 0.06484375 0.12734375
0 0.28828125 0.93125 0.0859375 0.13671875
0 0.1203125 0.5484375 0.0734375 0.1171875
0 0.05 0.4015625 0.0484375 0.090625
0 0.934375 0.8125 0.0828125 0.12734375
0 0.3328125 0.22265625 0.0578125 0.09296875
0 0.3109375 0.640625 0.06328125 0.11171875
0 0.4171875 0.18359375 0.05859375 0.1
0 0.2484375 0.26953125 0.0578125 0.11015625
0 0.325 0.40546875 0.07265625 0.1171875
0 0.69453125 0.17890625 0.06171875 0.1
0 0.48515625 0.146875 0.05859375 0.09140625
0 0.5609375 0.24921875 0.0578125 0.10234375
0 0.67109375 0.83203125 0.0671875 0.1296875
0 0.64765625 0.36796875 0.06015625 0.090625
0 0.89609375 0.57578125 0.071875 0.1328125
0 0.8171875 0.09765625 0.05859375 0.09453125
0 0.0734375 0.82265625 0.08046875 0.16875
0 0.0203125 0.63984375 0.040625 0.14296875
0 0.6328125 0.2171875 0.0546875 0.09140625
0 0.73359375 0.50546875 0.06640625 0.10078125
0 0.76640625 0.72421875 0.075 0.13125
0 0.8453125 0.22734375 0.0578125 0.084375
0 0.659375 0.57109375 0.0515625 0.10625
0 0.875 0.40078125 0.078125 0.1171875
0 0.575 0.65078125 0.05 0.103125
0 0.15703125 0.33203125 0.05703125 0.1015625
0 0.8640625 0.91484375 0.0734375 0.13828125
0 0.56875 0.43125 0.06015625 0.08359375
0 0.4046875 0.5625 0.05703125 0.1140625
0 0.49296875 0.7453125 0.05390625 0.103125
0 0.23125 0.4765625 0.06328125 0.11875