0 0.10390625 0.809375 0.0609375 0.10078125
0 0.09921875 0.67109375 0.04609375 0.0875
0 0.10625 0.53828125 0.04296875 0.08515625
0 0.1890625 0.47890625 0.046875 0.07421875
0 0.1546875 0.37890625 0.04453125 0.09609375
0 0.23515625 0.31640625 0.03984375 0.0625
0 0.22265625 0.2453125 0.0359375 0.0640625
0 0.2046875 0.17734375 0.04375 0.0734375
0 0.1859375 0.115625 0.040625 0.07265625
0 0.1796875 0.0609375 0.03359375 0.05703125
0 0.16484375 0.0203125 0.03671875 0.03984375
0 0.2546875 0.05625 0.02890625 0.0578125
0 0.275 0.11953125 0.0375 0.0578125
0 0.29921875 0.184375 0.04609375 0.065625
0 0.32578125 0.2578125 0.046875 0.075
0 0.26484375 0.40234375 0.0515625 0.09765625
0 0.3515625 0.3515625 0.059375 0.1046875
0 0.2890625 0.51875 0.05625 0.11328125
0 0.2 0.5875 0.07109375 0.12421875
0 0.21484375 0.72265625 0.0828125 0.13671875
0 0.2203125 0.90625 0.07421875 0.13203125
0 0.3234375 0.6421875 0.0609375 0.10234375
0 0.40546875 0.565625 0.0546875 0.1109375
0 0.346875 0.7859375 0.06015625 0.1265625
0 0.365625 0.94921875 0.0609375 0.0921875
0 0.46484375 0.865625 0.06328125 0.1328125
0 0.4359375 0.70859375 0.05546875 0.11328125
0 0.56328125 0.79921875 0.0578125 0.09921875
0 0.6953125 0.875 0.0625 0.12578125
0 0.78359375 0.77890625 0.04453125 0.1078125
0 0.87265625 0.696875 0.05546875 0.11171875
0 0.94453125 0.61171875 0.04375 0.08671875
0 0.65078125 0.69765625 0.0609375 0.10390625
0 0.5359375 0.63828125 0.04609375 0.103125
0 0.61484375 0.55390625 0.04609375 0.09453125
0 0.74140625 0.61015625 0.05078125 0.1015625
0 0.82734375 0.57109375 0.0546875 0.121875
0 0.8953125 0.47734375 0.03984375 0.08046875
0 0.9703125 0.425 0.053125 0.08828125
0 0.7828125 0.42734375 0.046875 0.1046875
0 0.85859375 0.38203125 0.04375 0.09765625
0 0.92890625 0.3203125 0.04140625 0.09140625
0 0.9796875 0.26796875 0.03515625 0.06875
0 0.5140625 0.48203125 0.04296875 0.08671875
0 0.4671875 0.3828125 0.05546875 0.08984375
0 0.43046875 0.29453125 0.05078125 0.0953125
0 0.4109375 0.221875 0.0546875 0.1
0 0.3796875 0.13984375 0.04296875 0.08359375
0 0.3546875 0.07578125 0.04375 0.09140625
0 0.328125 0.02734375 0.05 0.0546875
0 0.42578125 0.03515625 0.0421875 0.0703125
0 0.4546875 0.07265625 0.04609375 0.08046875
0 0.48046875 0.1625 0.0484375 0.10234375
0 0.521875 0.23125 0.04921875 0.08515625
0 0.53984375 0.32421875 0.05390625 0.1046875
0 0.51796875 0.05234375 0.05859375 0.090625
0 0.55546875 0.12421875 0.05390625 0.103125
0 0.58984375 0.19296875 0.06015625 0.08125
0 0.62265625 0.2796875 0.0484375 0.0828125
0 0.58515625 0.4265625 0.04453125 0.0921875
0 0.6671875 0.38515625 0.04609375 0.09921875
0 0.80390625 0.2796875 0.046875 0.0828125
0 0.69609375 0.23515625 0.03984375 0.08359375
0 0.65859375 0.153125 0.0453125 0.0953125
0 0.62421875 0.09453125 0.04296875 0.0796875
0 0.59140625 0.0265625 0.03671875 0.053125
0 0.6875 0.04765625 0.046875 0.06796875
0 0.715625 0.10859375 0.04765625 0.090625
0 0.7578125 0.1859375 0.0421875 0.08125
0 0.74453125 0.01796875 0.0296875 0.0359375
0 0.7828125 0.07421875 0.04453125 0.08359375
0 0.8421875 0.0296875 0.0421875 0.059375
0 0.9421875 0.0640625 0.0375 0.071875
0 0.88671875 0.10625 0.046875 0.08515625
0 0.82734375 0.15625 0.04375 0.09375
0 0.87421875 0.21953125 0.04765625 0.0828125
0 0.9359375 0.18515625 0.03984375 0.07578125
0 0.74296875 0.32265625 0.040625 0.07578125