0 0.128125 0.909375 0.209375 0.18125
0 0.13828125 0.62734375 0.27578125 0.325
0 0.15 0.315625 0.24609375 0.32578125
0 0.1953125 0.078125 0.1890625 0.15625
0 0.4578125 0.07109375 0.1953125 0.140625
0 0.46484375 0.26328125 0.2359375 0.28515625
0 0.47890625 0.6171875 0.2859375 0.3484375
0 0.49296875 0.8828125 0.3109375 0.234375
0 0.87109375 0.8203125 0.2359375 0.359375
0 0.81953125 0.56328125 0.23984375 0.33671875
0 0.7796875 0.246875 0.20859375 0.29140625
0 0.74296875 0.06171875 0.20625 0.12265625