0 0.05859375 0.06953125 0.05390625 0.09375
0 0.55390625 0.19140625 0.05859375 0.09453125
0 0.340625 0.18828125 0.06640625 0.096875
0 0.4171875 0.128125 0.065625 0.10546875
0 0.16171875 0.2875 0.0671875 0.1078125
0 0.47421875 0.24140625 0.05546875 0.0890625
0 0.25546875 0.22109375 0.065625 0.1109375
0 0.40390625 0.28203125 0.06328125 0.11875
0 0.028125 0.56640625 0.0546875 0.11796875
0 0.34765625 0.0390625 0.0515625 0.078125
0 0.0234375 0.22578125 0.04609375 0.090625
0 0.19765625 0.1109375 0.0578125 0.11328125
0 0.78125 0.0421875 0.05625 0.084375
0 0.68203125 0.1109375 0.06953125 0.10390625
0 0.15703125 0.9109375 0.06796875 0.1546875
0 0.61015625 0.1578125 0.05390625 0.08046875
0 0.390625 0.4875 0.046875 0.0921875
0 0.13125 0.471875 0.06640625 0.103125
0 0.0625 0.34375 0.06328125 0.1
0 0.1421875 0.0328125 0.0546875 0.065625
0 0.7078125 0.4375 0.0578125 0.09609375
0 0.0421875 0.94765625 0.07734375 0.1
0 0.1140625 0.71640625 0.0625 0.13046875
0 0.19609375 0.64765625 0.065625 0.1328125
0 0.60390625 0.028125 0.05234375 0.05625
0 0.321875 0.33671875 0.059375 0.0890625
0 0.54375 0.0578125 0.05 0.0765625
0 0.11171875 0.165625 0.05859375 0.09609375
0 0.68515625 0.25 0.059375 0.0953125
0 0.90625 0.69375 0.090625 0.153125
0 0.8421875 0.325 0.06875 0.12265625
0 0.62109375 0.30390625 0.05078125 0.090625
0 0.64296875 0.48125 0.05078125 0.08984375
0 0.478125 0.65 0.0609375 0.109375
0 0.284375 0.840625 0.0671875 0.13984375
0 0.78515625 0.375 0.06015625 0.0921875
0 0.58515625 0.84765625 0.0671875 0.14375
0 0.48359375 0.103125 0.0546875 0.084375
0 0.803125 0.17109375 0.06015625 0.08984375
0 0.28125 0.06875 0.04296875 0.0765625
0 0.94921875 0.9546875 0.0890625 0.090625
0 0.79375 0.53203125 0.05859375 0.090625
0 0.47265625 0.92265625 0.05546875 0.1015625
0 0.48046875 0.41484375 0.06015625 0.096875
0 0.56328125 0.57109375 0.05703125 0.1
0 0.2296875 0.40234375 0.06953125 0.10234375
0 0.75 0.21484375 0.0515625 0.10234375
0 0.73203125 0.63125 0.05 0.10390625
0 0.76171875 0.91328125 0.06328125 0.1359375
0 0.415625 0.02265625 0.05859375 0.04453125
0 0.378125 0.746875 0.06015625 0.115625
0 0.67109375 0.734375 0.05703125 0.10703125
0 0.303125 0.56328125 0.0625 0.12734375