0 0.05390625 0.4171875 0.09140625 0.05078125
0 0.053125 0.465625 0.10625 0.05078125
0 0.0734375 0.5171875 0.11171875 0.06484375
0 0.08203125 0.5765625 0.109375 0.06875
0 0.1046875 0.64453125 0.115625 0.09609375
0 0.13125 0.7328125 0.11796875 0.0875
0 0.16953125 0.8484375 0.18125 0.14296875
0 0.18828125 0.95546875 0.134375 0.08125
0 0.48046875 0.93984375 0.1390625 0.096875
0 0.43203125 0.82578125 0.1734375 0.13203125
0 0.36015625 0.72578125 0.16640625 0.10234375
0 0.32578125 0.63359375 0.1171875 0.08984375
0 0.25703125 0.5796875 0.12109375 0.08515625
0 0.22578125 0.525 0.096875 0.06875
0 0.20390625 0.46796875 0.096875 0.05234375
0 0.2046875 0.43046875 0.09140625 0.0578125
0 0.146875 0.3828125 0.0578125 0.06484375
0 0.32109375 0.38359375 0.07421875 0.0671875
0 0.32890625 0.43359375 0.090625 0.065625
0 0.365625 0.46484375 0.0859375 0.0640625
0 0.3875 0.51171875 0.0984375 0.084375
0 0.46640625 0.56640625 0.1140625 0.08671875
0 0.5171875 0.64375 0.125 0.103125
0 0.5859375 0.71328125 0.15234375 0.128125
0 0.67734375 0.81875 0.1453125 0.1359375
0 0.7921875 0.9171875 0.159375 0.15625
0 0.97734375 0.91875 0.0453125 0.11171875
0 0.90703125 0.80390625 0.1625 0.13984375
0 0.796875 0.71875 0.14921875 0.08515625
0 0.71015625 0.63984375 0.10625 0.09921875
0 0.6296875 0.57109375 0.1203125 0.0859375
0 0.5734375 0.51171875 0.10234375 0.0640625
0 0.52578125 0.47578125 0.0796875 0.071875
0 0.47265625 0.42734375 0.0625 0.08203125
0 0.6265625 0.403125 0.0609375 0.05703125
0 0.70234375 0.4578125 0.1015625 0.0796875
0 0.75078125 0.50703125 0.0890625 0.0828125
0 0.83359375 0.46484375 0.08984375 0.06953125
0 0.884375 0.496875 0.078125 0.065625
0 0.8265625 0.56328125 0.1 0.0859375
0 0.9625 0.5515625 0.075 0.0578125
0 0.93046875 0.6203125 0.1125 0.0875
0 0.97734375 0.68125 0.0453125 0.0640625