0 0.49921875 0.0453125 0.021875 0.028125
0 0.43203125 0.0390625 0.01953125 0.03125
0 0.39296875 0.0359375 0.02109375 0.0359375
0 0.3625 0.0390625 0.02109375 0.0390625
0 0.3296875 0.040625 0.021875 0.03671875
0 0.46640625 0.096875 0.02265625 0.04296875
0 0.4296875 0.09765625 0.01796875 0.03125
0 0.39609375 0.09609375 0.0140625 0.0359375
0 0.3625 0.0984375 0.01875 0.03984375
0 0.3265625 0.09921875 0.01328125 0.03125
0 0.2953125 0.096875 0.01171875 0.02734375
0 0.50078125 0.1671875 0.028125 0.04453125
0 0.396875 0.16328125 0.01875 0.02890625
0 0.36484375 0.159375 0.015625 0.03671875
0 0.328125 0.1609375 0.0203125 0.03984375
0 0.29375 0.1609375 0.0171875 0.04609375
0 0.25703125 0.1609375 0.021875 0.0421875
0 0.22421875 0.09765625 0.02109375 0.0359375
0 0.2234375 0.15703125 0.01953125 0.040625
0 0.53359375 0.221875 0.0203125 0.03984375
0 0.36796875 0.22578125 0.02421875 0.03125
0 0.26328125 0.28125 0.02734375 0.046875
0 0.228125 0.2796875 0.0140625 0.0296875
0 0.36640625 0.28828125 0.02109375 0.0359375
0 0.46640625 0.2875 0.0203125 0.03359375
0 0.534375 0.35390625 0.02578125 0.0375
0 0.43125 0.41015625 0.01640625 0.0265625
0 0.5359375 0.53125 0.01953125 0.0328125
0 0.46796875 0.53515625 0.02109375 0.0453125
0 0.4015625 0.53125 0.01796875 0.034375
0 0.33203125 0.5328125 0.01796875 0.034375
0 0.29921875 0.5265625 0.021875 0.03203125
0 0.26484375 0.52890625 0.01484375 0.034375
0 0.22890625 0.58828125 0.0203125 0.04375
0 0.26640625 0.59296875 0.01640625 0.03828125
0 0.29765625 0.59375 0.01875 0.03046875
0 0.4 0.58984375 0.02109375 0.04453125
0 0.43359375 0.59140625 0.0203125 0.0390625
0 0.46953125 0.59609375 0.021875 0.03828125
0 0.50078125 0.59453125 0.02109375 0.0375
0 0.53515625 0.59765625 0.01875 0.04375
0 0.5671875 0.59765625 0.0125 0.04140625
0 0.565625 0.6515625 0.02265625 0.0390625
0 0.53125 0.6546875 0.0234375 0.03984375
0 0.503125 0.6546875 0.01875 0.04140625
0 0.4671875 0.65546875 0.021875 0.03359375
0 0.43359375 0.6546875 0.0140625 0.03046875
0 0.40078125 0.64765625 0.0203125 0.0390625
0 0.29921875 0.65 0.01875 0.02890625
0 0.2609375 0.65078125 0.0203125 0.040625
0 0.22734375 0.646875 0.01875 0.03671875
0 0.56640625 0.71640625 0.0171875 0.04453125
0 0.53515625 0.71484375 0.0171875 0.0421875
0 0.49765625 0.7125 0.01875 0.0375
0 0.4703125 0.70859375 0.02109375 0.04375
0 0.43359375 0.7125 0.01875 0.0359375
0 0.4015625 0.71171875 0.01875 0.046875
0 0.36953125 0.709375 0.0203125 0.03359375
0 0.334375 0.709375 0.01796875 0.04140625
0 0.29765625 0.7078125 0.0171875 0.034375
0 0.2671875 0.70859375 0.01640625 0.0296875
0 0.23125 0.709375 0.01640625 0.03671875
0 0.26171875 0.3453125 0.01796875 0.03671875
0 0.22734375 0.34609375 0.0203125 0.0375
0 0.2296875 0.40859375 0.01875 0.02890625
0 0.3671875 0.53203125 0.01640625 0.0328125
0 0.6 0.7765625 0.01640625 0.0359375
0 0.56953125 0.77109375 0.02265625 0.040625
0 0.534375 0.76875 0.01875 0.03671875
0 0.50234375 0.7703125 0.01875 0.03125
0 0.46953125 0.76875 0.01796875 0.02890625
0 0.43671875 0.77265625 0.0203125 0.04609375
0 0.40234375 0.77109375 0.015625 0.04140625
0 0.3703125 0.76875 0.0140625 0.0296875
0 0.3328125 0.765625 0.0171875 0.03515625
0 0.30078125 0.76875 0.01796875 0.03671875
0 0.265625 0.76640625 0.0203125 0.03828125
0 0.23046875 0.7640625 0.01796875 0.0390625
0 0.23515625 0.82890625 0.02265625 0.03984375
0 0.26640625 0.82890625 0.0234375 0.0359375
0 0.3 0.825 0.01796875 0.0375
0 0.334375 0.82734375 0.0234375 0.040625
0 0.36796875 0.83359375 0.021875 0.040625
0 0.403125 0.8296875 0.02421875 0.040625
0 0.4375 0.8328125 0.0203125 0.04453125
0 0.47109375 0.834375 0.02421875 0.03125
0 0.50390625 0.8328125 0.01953125 0.03671875
0 0.56875 0.828125 0.021875 0.03671875
0 0.603125 0.88984375 0.02109375 0.03671875
0 0.57421875 0.88671875 0.0171875 0.03515625
0 0.53984375 0.88828125 0.0234375 0.03828125
0 0.5046875 0.8921875 0.0171875 0.04140625
0 0.471875 0.890625 0.01796875 0.03671875
0 0.4375 0.8890625 0.0171875 0.03984375
0 0.40625 0.88515625 0.01875 0.02890625
0 0.33515625 0.88671875 0.01953125 0.03828125
0 0.26953125 0.8859375 0.02109375 0.0390625
0 0.23515625 0.8859375 0.01953125 0.040625
0 0.2328125 0.94609375 0.02578125 0.034375
0 0.26953125 0.94609375 0.03359375 0.03671875
0 0.33671875 0.94765625 0.0265625 0.0328125
0 0.4046875 0.94609375 0.0203125 0.02890625
0 0.36953125 0.94609375 0.015625 0.028125
0 0.4375 0.94765625 0.01875 0.034375
0 0.46875 0.95 0.02734375 0.040625
0 0.503125 0.9484375 0.02109375 0.040625
0 0.53984375 0.9484375 0.01796875 0.0328125
0 0.56875 0.9484375 0.01875 0.0453125
0 0.46875 0.4140625 0.01875 0.0359375
0 0.2640625 0.4109375 0.0140625 0.03359375
0 0.2953125 0.03359375 0.021875 0.02734375
0 0.190625 0.0328125 0.01875 0.034375
0 0.121875 0.0265625 0.02109375 0.03828125
0 0.0953125 0.02578125 0.0203125 0.03515625
0 0.1921875 0.103125 0.0171875 0.03046875
0 0.1546875 0.0984375 0.02265625 0.0421875
0 0.12109375 0.096875 0.02265625 0.03515625
0 0.084375 0.09375 0.021875 0.0359375
0 0.19453125 0.1609375 0.01953125 0.04296875
0 0.15703125 0.16328125 0.0234375 0.05078125
0 0.121875 0.16015625 0.01796875 0.0328125
0 0.090625 0.1609375 0.01875 0.03984375
0 0.12265625 0.22265625 0.0234375 0.04140625
0 0.090625 0.2140625 0.02421875 0.03984375
0 0.05703125 0.2140625 0.0125 0.02578125
0 0.0171875 0.21953125 0.0234375 0.04296875
0 0.19609375 0.46953125 0.0171875 0.0453125
0 0.128125 0.46796875 0.01953125 0.034375
0 0.09765625 0.465625 0.021875 0.03046875
0 0.0265625 0.53046875 0.01796875 0.03984375
0 0.1984375 0.53125 0.02109375 0.04375
0 0.165625 0.52890625 0.0203125 0.03515625
0 0.096875 0.525 0.0234375 0.03203125
0 0.06015625 0.52734375 0.02421875 0.03359375
0 0.196875 0.58984375 0.021875 0.0421875
0 0.13125 0.5890625 0.0171875 0.03046875
0 0.09296875 0.58984375 0.02109375 0.03046875
0 0.0609375 0.58671875 0.0234375 0.040625
0 0.06171875 0.646875 0.025 0.0421875
0 0.09609375 0.6421875 0.021875 0.03359375
0 0.20234375 0.64921875 0.0171875 0.03828125
0 0.19921875 0.70703125 0.02265625 0.034375
0 0.1671875 0.709375 0.01640625 0.03515625
0 0.06484375 0.70625 0.0234375 0.03359375
0 0.03046875 0.70390625 0.01953125 0.03828125
0 0.13359375 0.70859375 0.01953125 0.040625
0 0.1046875 0.709375 0.0171875 0.0390625
0 0.2 0.7671875 0.02109375 0.04453125
0 0.1671875 0.77109375 0.0234375 0.04375
0 0.134375 0.7671875 0.02265625 0.0328125
0 0.1 0.765625 0.01796875 0.03203125
0 0.07109375 0.76015625 0.0203125 0.03359375
0 0.20234375 0.83125 0.021875 0.0453125
0 0.17578125 0.8328125 0.021875 0.04296875
0 0.1390625 0.82734375 0.02265625 0.046875
0 0.1046875 0.825 0.02265625 0.04140625
0 0.06875 0.82109375 0.02109375 0.0328125
0 0.2015625 0.88671875 0.025 0.0390625
0 0.1703125 0.8875 0.0171875 0.03828125
0 0.140625 0.88359375 0.02265625 0.0359375
0 0.1 0.884375 0.028125 0.0453125
0 0.06875 0.88515625 0.01875 0.03828125
0 0.0359375 0.884375 0.02265625 0.03984375
0 0.175 0.9390625 0.01875 0.034375