0 0.0796875 0.296875 0.09453125 0.11640625
0 0.07890625 0.39453125 0.0890625 0.1125
0 0.10078125 0.51484375 0.09296875 0.1421875
0 0.12890625 0.66796875 0.10546875 0.171875
0 0.153125 0.81796875 0.11328125 0.21484375
0 0.17734375 0.19921875 0.0421875 0.05703125
0 0.21015625 0.26796875 0.0609375 0.0828125
0 0.24140625 0.32421875 0.07578125 0.08125
0 0.25234375 0.39921875 0.1015625 0.11953125
0 0.31015625 0.515625 0.1125 0.15234375
0 0.34140625 0.65625 0.1 0.14765625
0 0.4046875 0.78984375 0.15390625 0.2203125
0 0.61640625 0.79375 0.09296875 0.18671875
0 0.51875 0.625 0.1125 0.184375
0 0.44609375 0.49296875 0.115625 0.12890625
0 0.41015625 0.39375 0.07734375 0.10625
0 0.33203125 0.2453125 0.06953125 0.1
0 0.35546875 0.3140625 0.04921875 0.07734375
0 0.2984375 0.2046875 0.04609375 0.071875
0 0.45390625 0.25234375 0.0734375 0.10546875
0 0.4953125 0.30546875 0.06640625 0.1265625
0 0.48203125 0.39140625 0.07890625 0.11328125
0 0.5640625 0.39453125 0.084375 0.1578125
0 0.6171875 0.47578125 0.09140625 0.14921875
0 0.71015625 0.6109375 0.09375 0.178125
0 0.80625 0.76015625 0.121875 0.22265625
0 0.69140625 0.94140625 0.16640625 0.10703125
0 0.94921875 0.9015625 0.1015625 0.175
0 0.9671875 0.728125 0.065625 0.1625
0 0.88046875 0.56796875 0.10234375 0.15
0 0.77890625 0.4578125 0.1078125 0.153125
0 0.703125 0.37578125 0.0734375 0.1234375
0 0.63203125 0.29296875 0.08203125 0.10546875
0 0.578125 0.21796875 0.07890625 0.10078125
0 0.5140625 0.17109375 0.07578125 0.109375
0 0.63359375 0.1640625 0.084375 0.0734375
0 0.70703125 0.2359375 0.0578125 0.11015625
0 0.75078125 0.27421875 0.07265625 0.12109375
0 0.8375 0.36875 0.0859375 0.12734375
0 0.93203125 0.43046875 0.09140625 0.16328125
0 0.753125 0.1625 0.071875 0.12734375
0 0.8109375 0.215625 0.06953125 0.11015625
0 0.83671875 0.16171875 0.06875 0.12109375
0 0.903125 0.20703125 0.059375 0.1203125
0 0.87421875 0.25859375 0.06875 0.12734375
0 0.94375 0.1515625 0.04921875 0.09140625
0 0.9625 0.31875 0.075 0.1203125
0 0.96484375 0.228125 0.0703125 0.065625