0 0.1453125 0.38046875 0.0359375 0.06953125
0 0.11171875 0.40078125 0.05390625 0.09296875
0 0.0734375 0.45 0.05234375 0.09296875
0 0.025 0.49609375 0.05 0.09453125
0 0.03984375 0.63828125 0.075 0.08515625
0 0.009375 0.70703125 0.01875 0.13046875
0 0.09140625 0.57578125 0.05859375 0.1046875
0 0.1421875 0.5 0.06640625 0.08125
0 0.17265625 0.46953125 0.04609375 0.07578125
0 0.196875 0.41640625 0.05078125 0.07109375
0 0.2203125 0.37890625 0.04375 0.08046875
0 0.3125 0.396875 0.04609375 0.07265625
0 0.278125 0.4171875 0.046875 0.07578125
0 0.2671875 0.4546875 0.04765625 0.05859375
0 0.23203125 0.5015625 0.046875 0.084375
0 0.27890625 0.5140625 0.0390625 0.08359375
0 0.21015625 0.5796875 0.0546875 0.0734375
0 0.14765625 0.57890625 0.04453125 0.06953125
0 0.1828125 0.6625 0.096875 0.1078125
0 0.13203125 0.75078125 0.08203125 0.14609375
0 0.08125 0.88125 0.09296875 0.15546875
0 0.2546875 0.8921875 0.084375 0.16171875
0 0.28671875 0.77421875 0.0828125 0.1359375
0 0.31796875 0.66171875 0.0796875 0.115625
0 0.33984375 0.584375 0.06015625 0.10390625
0 0.3515625 0.51328125 0.07265625 0.06640625
0 0.3703125 0.46796875 0.06953125 0.0875
0 0.44765625 0.43046875 0.04765625 0.078125
0 0.4859375 0.52421875 0.0640625 0.121875
0 0.4515625 0.58046875 0.06875 0.0890625
0 0.45859375 0.65703125 0.09453125 0.09765625
0 0.46015625 0.76796875 0.09921875 0.13828125
0 0.45625 0.90859375 0.09296875 0.1609375
0 0.6515625 0.9328125 0.08125 0.134375
0 0.6265625 0.7953125 0.078125 0.15078125
0 0.61171875 0.6765625 0.07734375 0.0984375
0 0.59765625 0.58828125 0.065625 0.09140625
0 0.59609375 0.50078125 0.0859375 0.11015625
0 0.67578125 0.43828125 0.03984375 0.0578125
0 0.696875 0.4875 0.06328125 0.05859375
0 0.71953125 0.53203125 0.07265625 0.06796875
0 0.7359375 0.603125 0.08125 0.10234375
0 0.76875 0.68671875 0.096875 0.11328125
0 0.796875 0.79765625 0.084375 0.11953125
0 0.8453125 0.92421875 0.14453125 0.13828125
0 0.9515625 0.8140625 0.09609375 0.1453125
0 0.896875 0.6890625 0.0828125 0.11953125
0 0.859375 0.60859375 0.06171875 0.0859375
0 0.91953125 0.60703125 0.05390625 0.071875
0 0.97421875 0.61796875 0.0515625 0.08828125
0 0.9390625 0.54609375 0.05859375 0.065625
0 0.8171875 0.5390625 0.046875 0.0765625
0 0.8 0.49140625 0.059375 0.06640625
0 0.77421875 0.4515625 0.02734375 0.04140625
0 0.90859375 0.49921875 0.06171875 0.0953125
0 0.95859375 0.4421875 0.07109375 0.078125