0 0.14375 0.38984375 0.0421875 0.06796875
0 0.1171875 0.4078125 0.04921875 0.07265625
0 0.0734375 0.46484375 0.0609375 0.08046875
0 0.025 0.51875 0.04765625 0.084375
0 0.221875 0.38828125 0.04453125 0.0734375
0 0.19921875 0.43046875 0.0515625 0.0734375
0 0.16953125 0.47734375 0.05703125 0.06640625
0 0.1453125 0.521875 0.06796875 0.0765625
0 0.090625 0.5875 0.05390625 0.08828125
0 0.0375 0.68359375 0.071875 0.140625
0 0.08359375 0.903125 0.103125 0.16796875
0 0.13359375 0.76875 0.0640625 0.1546875
0 0.18359375 0.67109375 0.0875 0.1265625
0 0.20625 0.584375 0.0578125 0.071875
0 0.14609375 0.58671875 0.05390625 0.059375
0 0.23515625 0.52578125 0.0484375 0.07734375
0 0.284375 0.53046875 0.034375 0.0828125
0 0.27421875 0.46171875 0.05390625 0.0671875
0 0.284375 0.41796875 0.05 0.04765625
0 0.31328125 0.4 0.04765625 0.0625
0 0.375 0.45859375 0.0734375 0.0515625
0 0.44453125 0.440625 0.0609375 0.06953125
0 0.3515625 0.52734375 0.07265625 0.0703125
0 0.34140625 0.6 0.071875 0.084375
0 0.3109375 0.690625 0.08984375 0.1078125
0 0.28984375 0.7921875 0.09296875 0.10859375
0 0.2546875 0.90390625 0.1125 0.1609375
0 0.4546875 0.91640625 0.0921875 0.15546875
0 0.46484375 0.78046875 0.0828125 0.1359375
0 0.46015625 0.66953125 0.08046875 0.103125
0 0.45625 0.6 0.065625 0.071875
0 0.4875 0.51953125 0.0609375 0.140625
0 0.59140625 0.5203125 0.0703125 0.0828125
0 0.59609375 0.59609375 0.059375 0.0875
0 0.60703125 0.7 0.0796875 0.11953125
0 0.62421875 0.81171875 0.08515625 0.1421875
0 0.64296875 0.9328125 0.1 0.1171875
0 0.84921875 0.92890625 0.12265625 0.13203125
0 0.7984375 0.8140625 0.08671875 0.11484375
0 0.9515625 0.825 0.09453125 0.140625
0 0.77421875 0.7109375 0.09609375 0.103125
0 0.73671875 0.61796875 0.084375 0.09765625
0 0.89453125 0.71953125 0.09375 0.10546875
0 0.8609375 0.62265625 0.0734375 0.08671875
0 0.71171875 0.52890625 0.08515625 0.08671875
0 0.6765625 0.45078125 0.03125 0.05703125
0 0.76875 0.46171875 0.03046875 0.04921875
0 0.7953125 0.49296875 0.05703125 0.0875
0 0.81484375 0.55703125 0.04921875 0.08984375
0 0.91875 0.6234375 0.05859375 0.090625
0 0.971875 0.6328125 0.05625 0.1
0 0.93671875 0.56015625 0.06875 0.0734375
0 0.9015625 0.50703125 0.0734375 0.075
0 0.9609375 0.44921875 0.059375 0.0890625