0 0.14375 0.3796875 0.046875 0.06796875
0 0.1078125 0.40625 0.06875 0.0765625
0 0.0703125 0.4546875 0.06171875 0.0828125
0 0.02421875 0.4984375 0.04609375 0.1
0 0.04453125 0.64453125 0.0671875 0.1015625
0 0.01015625 0.71328125 0.01953125 0.12890625
0 0.09140625 0.571875 0.05390625 0.090625
0 0.1453125 0.5859375 0.04140625 0.05703125
0 0.1421875 0.509375 0.0703125 0.08984375
0 0.165625 0.4625 0.04609375 0.08671875
0 0.19765625 0.42578125 0.04453125 0.0703125
0 0.22109375 0.37109375 0.05546875 0.09140625
0 0.30859375 0.38828125 0.0375 0.0625
0 0.28046875 0.42109375 0.0453125 0.06953125
0 0.2640625 0.44140625 0.04765625 0.06328125
0 0.2375 0.49609375 0.04375 0.0796875
0 0.28125 0.5171875 0.0390625 0.078125
0 0.20625 0.5625 0.0640625 0.0859375
0 0.1828125 0.65703125 0.0859375 0.14140625
0 0.12734375 0.759375 0.07890625 0.13203125
0 0.08046875 0.8734375 0.10546875 0.165625
0 0.25234375 0.8921875 0.0875 0.153125
0 0.28984375 0.771875 0.078125 0.11015625
0 0.315625 0.66484375 0.07421875 0.1203125
0 0.3328125 0.584375 0.065625 0.090625
0 0.35 0.521875 0.06640625 0.06953125
0 0.37578125 0.46875 0.07421875 0.0890625
0 0.4453125 0.42421875 0.04609375 0.08203125
0 0.4859375 0.51640625 0.06171875 0.1453125
0 0.4515625 0.5828125 0.0625 0.09140625
0 0.45625 0.6609375 0.08671875 0.10625
0 0.4609375 0.77265625 0.08359375 0.13828125
0 0.4578125 0.909375 0.11484375 0.153125
0 0.64609375 0.928125 0.09296875 0.1421875
0 0.62421875 0.7984375 0.0828125 0.140625
0 0.6078125 0.678125 0.07421875 0.11015625
0 0.58671875 0.58203125 0.07890625 0.09453125
0 0.58828125 0.509375 0.07734375 0.084375
0 0.6703125 0.4390625 0.03828125 0.04921875
0 0.69296875 0.4984375 0.04765625 0.07578125
0 0.7171875 0.5296875 0.05625 0.07109375
0 0.72734375 0.59609375 0.0765625 0.096875
0 0.76953125 0.69609375 0.0921875 0.1171875
0 0.79453125 0.79921875 0.09609375 0.1109375
0 0.84921875 0.92109375 0.13671875 0.14765625
0 0.95390625 0.81875 0.0921875 0.159375
0 0.8921875 0.69765625 0.0890625 0.10078125
0 0.859375 0.6015625 0.07734375 0.096875
0 0.81875 0.54375 0.059375 0.07890625
0 0.8015625 0.48125 0.05625 0.0734375
0 0.771875 0.45078125 0.0265625 0.05078125
0 0.90390625 0.49921875 0.06640625 0.08203125
0 0.93671875 0.54765625 0.0640625 0.09296875
0 0.91796875 0.6015625 0.05625 0.0828125
0 0.97265625 0.61953125 0.0546875 0.0859375
0 0.96171875 0.4375 0.0515625 0.09921875