0 0.89765625 0.8046875 0.11171875 0.184375
0 0.82421875 0.93671875 0.11640625 0.1265625
0 0.7515625 0.784375 0.0875 0.19453125
0 0.84140625 0.6609375 0.0859375 0.1421875
0 0.95703125 0.7046875 0.07109375 0.14453125
0 0.90390625 0.60234375 0.08203125 0.13515625
0 0.87265625 0.52890625 0.06953125 0.0890625
0 0.80859375 0.5875 0.0640625 0.1140625
0 0.74453125 0.64453125 0.08984375 0.1296875
0 0.65078125 0.64453125 0.075 0.12578125
0 0.64375 0.75234375 0.0953125 0.184375
0 0.53125 0.74140625 0.090625 0.16796875
0 0.63984375 0.94921875 0.0484375 0.1015625
0 0.50390625 0.92421875 0.05234375 0.11796875
0 0.4125 0.72421875 0.090625 0.16640625
0 0.4640625 0.6015625 0.06171875 0.1125
0 0.55859375 0.56953125 0.0640625 0.12734375
0 0.6421875 0.53671875 0.05625 0.06328125
0 0.64140625 0.47890625 0.03828125 0.05703125
0 0.58359375 0.46484375 0.06015625 0.10546875
0 0.6359375 0.37734375 0.0359375 0.06484375
0 0.50625 0.4796875 0.04765625 0.10390625
0 0.4859375 0.55078125 0.059375 0.0953125
0 0.4625 0.465625 0.05546875 0.1015625
0 0.38828125 0.4890625 0.0484375 0.08515625
0 0.2796875 0.5078125 0.05859375 0.128125
0 0.315625 0.67578125 0.0734375 0.1546875
0 0.33359375 0.89140625 0.0859375 0.16328125
0 0.24609375 0.81796875 0.071875 0.16015625
0 0.23046875 0.65859375 0.09375 0.1375
0 0.15078125 0.7640625 0.078125 0.1703125
0 0.053125 0.7171875 0.08203125 0.18671875
0 0.1421875 0.63203125 0.06875 0.15078125
0 0.2296875 0.53671875 0.06171875 0.10859375
0 0.071875 0.5875 0.0578125 0.096875
0 0.3359375 0.4609375 0.04140625 0.06328125