0 0.96328125 0.8890625 0.04765625 0.09609375
0 0.9 0.97421875 0.05390625 0.0515625
0 0.975 0.58671875 0.0421875 0.0625
0 0.9203125 0.6578125 0.05 0.075
0 0.871875 0.74296875 0.0453125 0.065625
0 0.7234375 0.86484375 0.05234375 0.08671875
0 0.64765625 0.9609375 0.0453125 0.078125
0 0.98125 0.35234375 0.0375 0.07421875
0 0.940625 0.403125 0.04609375 0.07265625
0 0.8953125 0.45078125 0.0359375 0.06015625
0 0.8390625 0.49921875 0.04921875 0.07578125
0 0.71640625 0.61953125 0.0578125 0.0890625
0 0.5484375 0.75 0.05 0.0796875
0 0.45390625 0.85625 0.06640625 0.12109375
0 0.2875 0.73984375 0.04921875 0.0890625
0 0.10390625 0.9140625 0.0578125 0.09453125
0 0.3796875 0.65546875 0.053125 0.096875
0 0.46640625 0.58671875 0.03828125 0.0625
0 0.54921875 0.50859375 0.05 0.08125
0 0.6296875 0.46484375 0.07109375 0.0796875
0 0.69765625 0.40546875 0.06015625 0.07734375
0 0.821875 0.32734375 0.0515625 0.06640625
0 0.86484375 0.28046875 0.0375 0.07109375
0 0.91015625 0.23515625 0.04453125 0.06171875
0 0.95703125 0.19140625 0.03984375 0.046875
0 0.8890625 0.09140625 0.0390625 0.05390625
0 0.8390625 0.1265625 0.0328125 0.05
0 0.79921875 0.16015625 0.03828125 0.0671875
0 0.7484375 0.20078125 0.040625 0.0828125
0 0.6796875 0.2390625 0.05 0.06484375
0 0.615625 0.24921875 0.0578125 0.08984375
0 0.55625 0.31484375 0.05390625 0.0671875
0 0.46953125 0.36875 0.05703125 0.07265625
0 0.396875 0.409375 0.04140625 0.06328125
0 0.31171875 0.47734375 0.05625 0.07890625
0 0.13828125 0.609375 0.05390625 0.09921875
0 0.02109375 0.71875 0.0421875 0.0765625
0 0.08046875 0.446875 0.05625 0.09921875
0 0.165625 0.3796875 0.04921875 0.0546875
0 0.2484375 0.325 0.06015625 0.0875
0 0.32890625 0.27421875 0.04140625 0.08359375
0 0.40078125 0.2140625 0.04453125 0.08359375
0 0.48671875 0.1859375 0.04375 0.0671875
0 0.55234375 0.14921875 0.04609375 0.0578125
0 0.61015625 0.1109375 0.0375 0.06640625
0 0.67265625 0.08203125 0.0546875 0.0734375
0 0.73359375 0.05625 0.05 0.05625
0 0.48515625 0.03828125 0.05390625 0.0671875
0 0.4171875 0.07265625 0.0375 0.075
0 0.3421875 0.08984375 0.046875 0.08046875
0 0.271875 0.13359375 0.04921875 0.0828125
0 0.1921875 0.1828125 0.0453125 0.08125
0 0.1078125 0.24765625 0.03984375 0.0703125
0 0.01875 0.29453125 0.0375 0.090625
0 0.14921875 0.06015625 0.04453125 0.0890625
0 0.0625 0.115625 0.0515625 0.11484375