0 0.75625 0.0515625 0.04609375 0.06875
0 0.78046875 0.17734375 0.053125 0.08203125
0 0.56953125 0.35703125 0.04375 0.0828125
0 0.69375 0.0734375 0.05234375 0.0765625
0 0.4875 0.22734375 0.0421875 0.07734375
0 0.19296875 0.121875 0.059375 0.09921875
0 0.053125 0.075 0.059375 0.10703125
0 0.21640625 0.5984375 0.08125 0.16171875
0 0.82890625 0.12890625 0.05078125 0.08125
0 0.278125 0.06171875 0.059375 0.08125
0 0.6390625 0.12109375 0.04375 0.0734375
0 0.06953125 0.3265625 0.06953125 0.11640625
0 0.346875 0.02734375 0.05078125 0.0546875
0 0.1109375 0.17578125 0.05546875 0.096875
0 0.9640625 0.0625 0.046875 0.07265625
0 0.02578125 0.2203125 0.05078125 0.1296875
0 0.14140625 0.44609375 0.065625 0.13515625
0 0.1328125 0.034375 0.05859375 0.06875
0 0.16328125 0.265625 0.0609375 0.11640625
0 0.40703125 0.1125 0.040625 0.06171875
0 0.32734375 0.3359375 0.06953125 0.109375
0 0.4828125 0.41171875 0.0671875 0.1171875
0 0.2953125 0.74765625 0.0703125 0.15546875
0 0.3890625 0.68515625 0.06640625 0.12421875
0 0.65546875 0.4984375 0.04765625 0.08671875
0 0.79609375 0.02734375 0.0390625 0.05390625
0 0.25625 0.2265625 0.059375 0.11484375
0 0.4890625 0.6140625 0.059375 0.12421875
0 0.4046875 0.2921875 0.053125 0.10234375
0 0.9625 0.2171875 0.04921875 0.08125
0 0.56171875 0.03359375 0.04765625 0.0671875
0 0.571875 0.565625 0.0703125 0.1359375
0 0.315625 0.52890625 0.06171875 0.146875
0 0.03046875 0.95 0.0609375 0.09375
0 0.65 0.29296875 0.046875 0.090625
0 0.3375 0.1609375 0.05 0.0921875
0 0.78984375 0.903125 0.0703125 0.1375
0 0.8078125 0.3453125 0.04765625 0.0796875
0 0.725 0.40390625 0.04375 0.0796875
0 0.03359375 0.5078125 0.0671875 0.1390625
0 0.590625 0.81015625 0.08125 0.16171875
0 0.1578125 0.8546875 0.0796875 0.16015625
0 0.4140625 0.47578125 0.07578125 0.14453125
0 0.2390625 0.396875 0.06875 0.1
0 0.4953125 0.06015625 0.040625 0.0796875
0 0.765625 0.64921875 0.06640625 0.140625
0 0.71640625 0.22578125 0.0484375 0.09375
0 0.95234375 0.42421875 0.04375 0.08984375
0 0.56875 0.1703125 0.03515625 0.075
0 0.89453125 0.48984375 0.0375 0.08125
0 0.09609375 0.67109375 0.078125 0.12265625
0 0.384375 0.94921875 0.0921875 0.1015625
0 0.6796875 0.7203125 0.08671875 0.1390625
0 0.8203125 0.56015625 0.03828125 0.096875
0 0.9171875 0.74140625 0.046875 0.09296875
0 0.9828125 0.64296875 0.034375 0.10625
0 0.49765625 0.88203125 0.06015625 0.1390625
0 0.8640625 0.82578125 0.06171875 0.09453125