0 0.940625 0.77421875 0.05390625 0.11875
0 0.828125 0.85703125 0.08203125 0.13359375
0 0.93671875 0.50703125 0.06171875 0.10078125
0 0.8609375 0.5703125 0.07109375 0.10078125
0 0.746875 0.6296875 0.06796875 0.115625
0 0.659375 0.72734375 0.07734375 0.12890625
0 0.546875 0.8234375 0.07421875 0.146875
0 0.42421875 0.9328125 0.0859375 0.134375
0 0.91875 0.303125 0.0546875 0.09296875
0 0.84140625 0.353125 0.07421875 0.09765625
0 0.76171875 0.409375 0.0625 0.0953125
0 0.671875 0.44296875 0.084375 0.1234375
0 0.58046875 0.5203125 0.05234375 0.11171875
0 0.4734375 0.60390625 0.05390625 0.128125
0 0.3625 0.71328125 0.05234375 0.1078125
0 0.22578125 0.809375 0.0765625 0.16640625
0 0.0859375 0.9421875 0.07578125 0.115625
0 0.9296875 0.13828125 0.03671875 0.065625
0 0.85234375 0.16953125 0.04296875 0.08359375
0 0.77265625 0.20546875 0.05703125 0.08046875
0 0.70625 0.2640625 0.03828125 0.075
0 0.5953125 0.3109375 0.06953125 0.13359375
0 0.5140625 0.34375 0.0578125 0.11875
0 0.42890625 0.425 0.0828125 0.14296875
0 0.3125 0.51875 0.0859375 0.14375
0 0.17421875 0.6078125 0.08125 0.1203125
0 0.034375 0.74375 0.06875 0.12578125
0 0.77890625 0.0484375 0.05390625 0.0875
0 0.70234375 0.07421875 0.05703125 0.09609375
0 0.64140625 0.125 0.06171875 0.0953125
0 0.5625 0.15625 0.06015625 0.096875
0 0.4703125 0.2265625 0.05625 0.11875
0 0.36171875 0.28359375 0.0765625 0.11796875
0 0.246875 0.34609375 0.07734375 0.12734375
0 0.12734375 0.4265625 0.08515625 0.13046875
0 0.50078125 0.05859375 0.0625 0.1046875
0 0.40859375 0.10546875 0.0703125 0.11171875
0 0.30703125 0.16796875 0.0625 0.1046875
0 0.1953125 0.21796875 0.0734375 0.1171875
0 0.06796875 0.3125 0.065625 0.1203125
0 0.24765625 0.06484375 0.05859375 0.1046875
0 0.1421875 0.1265625 0.0609375 0.0984375
0 0.0328125 0.1671875 0.06484375 0.15078125