0 0.68671875 0.78671875 0.22578125 0.2765625
0 0.56640625 0.60546875 0.1359375 0.175
0 0.2703125 0.52734375 0.10859375 0.17109375
0 0.3109375 0.38203125 0.10703125 0.14921875
0 0.1703125 0.4046875 0.1171875 0.1796875
0 0.21796875 0.29765625 0.0640625 0.11328125
0 0.28203125 0.23984375 0.0796875 0.12890625
0 0.11015625 0.25234375 0.096875 0.14921875
0 0.21640625 0.053125 0.096875 0.10625
0 0.39140625 0.0890625 0.08359375 0.1203125
0 0.33515625 0.04453125 0.05 0.08828125
0 0.42421875 0.190625 0.07109375 0.1015625
0 0.48125 0.0671875 0.10625 0.134375
0 0.56875 0.04453125 0.0703125 0.08828125
0 0.646875 0.1546875 0.0859375 0.14765625
0 0.553125 0.22265625 0.1140625 0.146875
0 0.57265625 0.3671875 0.1359375 0.17109375
0 0.5078125 0.46953125 0.040625 0.08203125
0 0.765625 0.4953125 0.14375 0.2203125
0 0.8078125 0.33828125 0.1234375 0.19921875
0 0.74765625 0.1078125 0.11328125 0.1578125
0 0.8734375 0.15078125 0.1515625 0.16328125