0 0.190625 0.1171875 0.06484375 0.09296875
0 0.68359375 0.184375 0.05546875 0.09453125
0 0.896875 0.21875 0.05234375 0.08125
0 0.76171875 0.0328125 0.0546875 0.065625
0 0.32265625 0.1359375 0.06796875 0.10703125
0 0.6859375 0.06015625 0.053125 0.0796875
0 0.546875 0.1234375 0.05625 0.096875
0 0.759375 0.16484375 0.0578125 0.09375
0 0.63359375 0.0953125 0.04921875 0.0953125
0 0.38203125 0.22734375 0.05546875 0.0890625
0 0.49296875 0.04921875 0.05703125 0.08515625
0 0.4625 0.16796875 0.059375 0.10546875
0 0.95078125 0.03828125 0.04765625 0.06796875
0 0.2796875 0.06640625 0.04921875 0.07890625
0 0.1203125 0.24609375 0.06640625 0.103125
0 0.6078125 0.215625 0.06015625 0.10703125
0 0.8921875 0.078125 0.05 0.08203125
0 0.7515625 0.29609375 0.05390625 0.09140625
0 0.03515625 0.07421875 0.065625 0.09375
0 0.26171875 0.62109375 0.0796875 0.14609375
0 0.03984375 0.42421875 0.07578125 0.1046875
0 0.128125 0.7296875 0.08359375 0.14296875
0 0.15625 0.35625 0.06171875 0.096875
0 0.82421875 0.2546875 0.04765625 0.0875
0 0.0734375 0.17421875 0.0625 0.0921875
0 0.975 0.19296875 0.05 0.10234375
0 0.6546875 0.775 0.08046875 0.153125
0 0.26640625 0.30234375 0.06875 0.0984375
0 0.82265625 0.12890625 0.05625 0.08359375
0 0.14140625 0.0375 0.0671875 0.075
0 0.0875 0.56484375 0.071875 0.10546875
0 0.328125 0.3953125 0.0578125 0.10390625
0 0.22578125 0.2046875 0.0578125 0.09140625
0 0.334375 0.77265625 0.0828125 0.13828125
0 0.59453125 0.37734375 0.0734375 0.11953125
0 0.4234375 0.33203125 0.05078125 0.09296875
0 0.95390625 0.75859375 0.09140625 0.1546875
0 0.53984375 0.8625 0.07265625 0.13828125
0 0.5234375 0.27578125 0.059375 0.10625
0 0.41875 0.08984375 0.05859375 0.0984375
0 0.3828125 0.53125 0.06015625 0.0984375
0 0.459375 0.6875 0.08046875 0.15859375
0 0.85 0.4171875 0.06328125 0.0953125
0 0.6828125 0.3328125 0.0609375 0.09375
0 0.40078125 0.9484375 0.09375 0.09609375
0 0.5671875 0.59765625 0.0640625 0.10625
0 0.196875 0.90625 0.0734375 0.1625
0 0.8609375 0.61484375 0.075 0.11953125
0 0.9078125 0.36640625 0.04765625 0.075
0 0.02109375 0.31953125 0.0421875 0.1109375
0 0.2078125 0.47421875 0.06875 0.10234375
0 0.76875 0.95 0.084375 0.0921875
0 0.76171875 0.45625 0.06015625 0.09453125
0 0.8703125 0.84453125 0.065625 0.14375
0 0.67109375 0.5296875 0.05859375 0.096875
0 0.93984375 0.55390625 0.07109375 0.1015625
0 0.759375 0.6671875 0.0609375 0.10078125
0 0.49921875 0.46015625 0.0640625 0.1