0 0.1828125 0.14609375 0.05 0.08671875
0 0.5578125 0.08828125 0.053125 0.0921875
0 0.40546875 0.02890625 0.05078125 0.05703125
0 0.059375 0.2078125 0.05234375 0.0828125
0 0.65859375 0.0390625 0.053125 0.075
0 0.30234375 0.08203125 0.05390625 0.08359375
0 0.45 0.15625 0.05859375 0.08125
0 0.6140625 0.21953125 0.0484375 0.090625
0 0.10546875 0.50625 0.05390625 0.084375
0 0.48828125 0.2875 0.0546875 0.09765625
0 0.42890625 0.51015625 0.053125 0.1046875
0 0.1578125 0.02734375 0.0578125 0.0546875
0 0.7078125 0.15 0.04921875 0.08671875
0 0.36875 0.36328125 0.05234375 0.09140625
0 0.07578125 0.3515625 0.05703125 0.096875
0 0.86015625 0.1984375 0.0390625 0.06484375
0 0.78046875 0.66484375 0.0625 0.12421875
0 0.71328125 0.5 0.05703125 0.11328125
0 0.01640625 0.77421875 0.0328125 0.10078125
0 0.2578125 0.425 0.05703125 0.10234375
0 0.65703125 0.76640625 0.06484375 0.13671875
0 0.2140625 0.27890625 0.0484375 0.0859375
0 0.334375 0.7765625 0.07109375 0.121875
0 0.6625 0.35625 0.05703125 0.11875
0 0.8578125 0.86875 0.0625 0.1578125
0 0.97421875 0.7703125 0.0515625 0.175
0 0.76484375 0.28203125 0.053125 0.1078125
0 0.29609375 0.58359375 0.04609375 0.09296875
0 0.8 0.08671875 0.0515625 0.08515625
0 0.88828125 0.0328125 0.0515625 0.065625
0 0.946875 0.14296875 0.04453125 0.07890625
0 0.60078125 0.5734375 0.0546875 0.11328125
0 0.13984375 0.68125 0.06953125 0.1265625
0 0.0421875 0.0796875 0.0390625 0.08046875
0 0.53359375 0.87109375 0.06640625 0.11015625
0 0.3359375 0.21796875 0.05234375 0.09375
0 0.18828125 0.87265625 0.071875 0.125
0 0.73828125 0.95703125 0.0640625 0.0859375
0 0.54453125 0.4234375 0.05078125 0.09296875
0 0.82265625 0.403125 0.04609375 0.10625
0 0.9265625 0.33984375 0.04765625 0.103125
0 0.88828125 0.5640625 0.06796875 0.11640625
0 0.47421875 0.6765625 0.07578125 0.10625