0 0.90390625 0.925 0.11171875 0.14921875
0 0.94375 0.65 0.09453125 0.15390625
0 0.809375 0.73828125 0.0890625 0.1453125
0 0.65703125 0.88046875 0.11015625 0.16484375
0 0.96484375 0.43359375 0.0703125 0.1515625
0 0.86015625 0.5078125 0.1109375 0.1609375
0 0.73984375 0.603125 0.08515625 0.13515625
0 0.596875 0.7015625 0.11171875 0.20234375
0 0.42890625 0.8265625 0.0875 0.1640625
0 0.26640625 0.91640625 0.10546875 0.16171875
0 0.90546875 0.32890625 0.08984375 0.12890625
0 0.7859375 0.4015625 0.07890625 0.1265625
0 0.6734375 0.46796875 0.0890625 0.13671875
0 0.534375 0.5640625 0.09453125 0.13359375
0 0.38828125 0.659375 0.0828125 0.14140625
0 0.221875 0.73125 0.0796875 0.13828125
0 0.0390625 0.83046875 0.078125 0.115625
0 0.93125 0.1765625 0.065625 0.103125
0 0.83046875 0.22421875 0.06875 0.1078125
0 0.87421875 0.10390625 0.05703125 0.1
0 0.8203125 0.04453125 0.05546875 0.08125
0 0.784375 0.1515625 0.05859375 0.09296875
0 0.728125 0.0796875 0.046875 0.08359375
0 0.61953125 0.38671875 0.06875 0.1125
0 0.4875 0.43359375 0.07578125 0.14453125
0 0.35 0.5078125 0.08515625 0.12265625
0 0.19375 0.559375 0.06328125 0.1234375
0 0.03359375 0.6328125 0.0671875 0.1125
0 0.56875 0.2734375 0.0640625 0.11484375
0 0.525 0.18125 0.05625 0.10546875
0 0.48828125 0.10859375 0.03984375 0.0734375
0 0.4546875 0.04453125 0.0515625 0.08828125
0 0.4484375 0.31953125 0.0734375 0.12578125
0 0.4125 0.2234375 0.07265625 0.1296875
0 0.3765625 0.13828125 0.06484375 0.109375
0 0.3484375 0.0703125 0.04453125 0.08046875
0 0.315625 0.36875 0.05859375 0.10390625
0 0.2875 0.278125 0.0703125 0.1171875
0 0.2578125 0.196875 0.0640625 0.10859375
0 0.240625 0.12109375 0.06484375 0.09609375
0 0.221875 0.046875 0.053125 0.084375
0 0.1671875 0.44453125 0.071875 0.11875
0 0.159375 0.325 0.0734375 0.1
0 0.13671875 0.24609375 0.075 0.1
0 0.13125 0.15390625 0.07265625 0.109375
0 0.10703125 0.0875 0.06328125 0.08359375
0 0.1046875 0.03359375 0.059375 0.06640625
0 0.02734375 0.496875 0.0546875 0.1125
0 0.02265625 0.37421875 0.0453125 0.1046875