0 0.0421875 0.8984375 0.059375 0.109375
0 0.02265625 0.7203125 0.03671875 0.08984375
0 0.09921875 0.51796875 0.046875 0.09609375
0 0.0578125 0.38515625 0.05625 0.11015625
0 0.04296875 0.26875 0.05625 0.0953125
0 0.09765625 0.13671875 0.05078125 0.09765625
0 0.07109375 0.0546875 0.0484375 0.0734375
0 0.0171875 0.17890625 0.034375 0.0859375
0 0.12890625 0.20625 0.06015625 0.09765625
0 0.16171875 0.315625 0.0484375 0.0890625
0 0.23671875 0.5609375 0.0546875 0.1078125
0 0.16171875 0.7984375 0.05703125 0.1046875
0 0.284375 0.7375 0.053125 0.09375
0 0.303125 0.9 0.0515625 0.109375
0 0.41171875 0.7875 0.05625 0.11171875
0 0.37109375 0.621875 0.034375 0.08046875
0 0.3359375 0.48046875 0.0484375 0.09453125
0 0.28515625 0.37265625 0.0515625 0.0859375
0 0.24765625 0.25859375 0.04375 0.0796875
0 0.20703125 0.1578125 0.06015625 0.08671875
0 0.178125 0.078125 0.04453125 0.07734375
0 0.1515625 0.02265625 0.04765625 0.0453125
0 0.25625 0.03359375 0.04140625 0.06640625
0 0.29375 0.11796875 0.046875 0.0859375
0 0.3375 0.2046875 0.0515625 0.0765625
0 0.3765625 0.29453125 0.04609375 0.078125
0 0.4234375 0.42109375 0.04296875 0.090625
0 0.4578125 0.5546875 0.04140625 0.0953125
0 0.54375 0.48125 0.04296875 0.07109375
0 0.49765625 0.34921875 0.03203125 0.06953125
0 0.45546875 0.24296875 0.0484375 0.0625
0 0.4078125 0.1578125 0.04453125 0.08671875
0 0.365625 0.06640625 0.0453125 0.08046875
0 0.4390625 0.0265625 0.04765625 0.05234375
0 0.48359375 0.10546875 0.0375 0.075
0 0.55078125 0.05625 0.0390625 0.059375
0 0.534375 0.18125 0.03515625 0.0640625
0 0.59453125 0.13984375 0.0390625 0.07734375
0 0.60703125 0.028125 0.0390625 0.05546875
0 0.66015625 0.1015625 0.040625 0.06640625
0 0.725 0.0703125 0.04609375 0.0734375
0 0.76796875 0.034375 0.0359375 0.06875
0 0.7703125 0.15546875 0.0390625 0.0875
0 0.7140625 0.19140625 0.0515625 0.08515625
0 0.64609375 0.2390625 0.0515625 0.0921875
0 0.61484375 0.39921875 0.05 0.11640625
0 0.690625 0.3625 0.04765625 0.0953125
0 0.76171875 0.2890625 0.046875 0.08515625
0 0.81640625 0.25234375 0.05546875 0.0796875
0 0.88671875 0.20390625 0.0515625 0.07890625
0 0.83203125 0.1015625 0.03984375 0.08828125
0 0.8796875 0.06640625 0.04140625 0.08046875
0 0.93125 0.03984375 0.04375 0.0609375
0 0.98046875 0.12890625 0.03671875 0.08203125
0 0.94140625 0.1671875 0.0421875 0.08203125
0 0.9375 0.31015625 0.05390625 0.0859375
0 0.8765625 0.353125 0.04921875 0.1140625
0 0.8140625 0.40390625 0.0453125 0.090625
0 0.7515625 0.47109375 0.053125 0.071875
0 0.665625 0.53359375 0.0671875 0.0921875
0 0.5921875 0.61640625 0.0453125 0.09140625
0 0.51484375 0.69453125 0.0421875 0.08515625
0 0.571875 0.86875 0.0546875 0.09609375
0 0.65859375 0.7703125 0.0640625 0.10703125
0 0.7234375 0.6765625 0.046875 0.06875
0 0.803125 0.61484375 0.0453125 0.08046875
0 0.871875 0.55078125 0.0359375 0.06171875
0 0.94375 0.4859375 0.053125 0.0796875
0 0.94609375 0.696875 0.0421875 0.08359375
0 0.87890625 0.7609375 0.05390625 0.0984375
0 0.7984375 0.83046875 0.05703125 0.11015625
0 0.71328125 0.94375 0.06328125 0.075
0 0.94296875 0.92890625 0.0484375 0.0796875
0 0.57109375 0.3 0.040625 0.0671875
0 0.20390625 0.44140625 0.03203125 0.0703125