0 0.86796875 0.08671875 0.07265625 0.1125
0 0.61796875 0.0453125 0.0609375 0.090625
0 0.78984375 0.12109375 0.06484375 0.103125
0 0.9375 0.0390625 0.059375 0.078125
0 0.2625 0.03828125 0.06953125 0.0765625
0 0.43359375 0.0875 0.0703125 0.1140625
0 0.19296875 0.19765625 0.07109375 0.09765625
0 0.50546875 0.23203125 0.06640625 0.1296875
0 0.53515625 0.065625 0.06015625 0.10546875
0 0.71015625 0.03515625 0.0703125 0.06953125
0 0.5640625 0.6109375 0.06796875 0.13125
0 0.78828125 0.284375 0.07265625 0.10859375
0 0.88828125 0.425 0.08359375 0.12109375
0 0.16328125 0.57890625 0.08125 0.1734375
0 0.3203125 0.14140625 0.0625 0.10546875
0 0.7953125 0.4890625 0.0734375 0.1125
0 0.38671875 0.26875 0.071875 0.11875
0 0.6046875 0.18203125 0.0578125 0.1125
0 0.68828125 0.1484375 0.0609375 0.08828125
0 0.88046875 0.2453125 0.06953125 0.09296875
0 0.95390625 0.203125 0.071875 0.11875
0 0.04453125 0.93671875 0.0890625 0.12578125
0 0.6859375 0.534375 0.07421875 0.1265625
0 0.665625 0.8421875 0.08203125 0.15390625
0 0.3703125 0.02734375 0.06171875 0.0546875
0 0.42265625 0.7234375 0.078125 0.15546875
0 0.68828125 0.33359375 0.06171875 0.09765625
0 0.465625 0.41640625 0.06484375 0.1171875
0 0.0421875 0.25859375 0.0828125 0.11328125
0 0.334375 0.47734375 0.08046875 0.159375
0 0.25390625 0.80625 0.08125 0.17890625
0 0.79609375 0.7546875 0.0859375 0.13203125
0 0.26328125 0.33515625 0.06484375 0.09609375
0 0.12265625 0.40859375 0.0765625 0.10078125
0 0.89765625 0.66796875 0.06796875 0.1609375
0 0.96953125 0.3859375 0.06015625 0.15859375
0 0.14296875 0.06640625 0.06484375 0.1125