0 0.03359375 0.1140625 0.0671875 0.12109375
0 0.05078125 0.215625 0.0765625 0.11875
0 0.07265625 0.33125 0.0921875 0.14609375
0 0.1046875 0.47734375 0.1296875 0.18125
0 0.17109375 0.6484375 0.1421875 0.2265625
0 0.240625 0.85546875 0.16953125 0.28671875
0 0.525 0.81015625 0.18203125 0.3015625
0 0.44296875 0.63828125 0.096875 0.1875
0 0.359375 0.4625 0.0890625 0.17890625
0 0.2984375 0.33984375 0.09375 0.1421875
0 0.2609375 0.23203125 0.0875 0.128125
0 0.20390625 0.1328125 0.08828125 0.15
0 0.17265625 0.0671875 0.0625 0.10859375
0 0.834375 0.76796875 0.13828125 0.2328125
0 0.93125 0.575 0.10859375 0.18671875
0 0.8078125 0.4453125 0.0890625 0.15703125
0 0.6875 0.5953125 0.12265625 0.1953125
0 0.5984375 0.4546875 0.09453125 0.18046875
0 0.50859375 0.32421875 0.09921875 0.13671875
0 0.446875 0.2296875 0.090625 0.13984375
0 0.3875 0.13515625 0.0796875 0.14609375
0 0.34140625 0.07421875 0.084375 0.13203125
0 0.7109375 0.3265625 0.071875 0.17265625
0 0.6296875 0.2234375 0.06796875 0.13515625
0 0.55625 0.1484375 0.06796875 0.14140625
0 0.4875 0.07265625 0.06953125 0.1125
0 0.95390625 0.215625 0.075 0.14453125
0 0.86171875 0.14921875 0.04375 0.1046875
0 0.915625 0.08671875 0.05546875 0.0984375
0 0.965625 0.04296875 0.059375 0.0859375
0 0.84453125 0.04140625 0.0578125 0.0828125
0 0.78515625 0.0859375 0.0515625 0.11328125
0 0.8 0.21875 0.08046875 0.1421875
0 0.71015625 0.1484375 0.07109375 0.125
0 0.6515625 0.084375 0.05703125 0.10625
0 0.72109375 0.03984375 0.0546875 0.0796875
0 0.5859375 0.03515625 0.05546875 0.0703125