0 0.08671875 0.875 0.09375 0.19375
0 0.22578125 0.76328125 0.10859375 0.24296875
0 0.146875 0.63125 0.08671875 0.17734375
0 0.078125 0.48515625 0.08359375 0.1734375
0 0.02890625 0.378125 0.0578125 0.14375
0 0.02265625 0.16171875 0.0390625 0.08671875
0 0.06484375 0.22578125 0.04765625 0.103125
0 0.06484375 0.04609375 0.053125 0.0921875
0 0.1140625 0.11015625 0.05 0.1046875
0 0.1875 0.05859375 0.04140625 0.0828125
0 0.1640625 0.18125 0.04375 0.103125
0 0.125 0.328125 0.06328125 0.1234375
0 0.1859375 0.42421875 0.0640625 0.12890625
0 0.26640625 0.53359375 0.0828125 0.15859375
0 0.36875 0.446875 0.06875 0.14140625
0 0.24765625 0.134375 0.05703125 0.10546875
0 0.33359375 0.08515625 0.05390625 0.1
0 0.3140625 0.21015625 0.05625 0.11875
0 0.3984375 0.14765625 0.0578125 0.10859375
0 0.5421875 0.04765625 0.05859375 0.09453125
0 0.46328125 0.09921875 0.05078125 0.078125
0 0.46953125 0.21875 0.06640625 0.1171875
0 0.3828125 0.271875 0.065625 0.13046875
0 0.47109375 0.3765625 0.0890625 0.17890625
0 0.5578125 0.29921875 0.07265625 0.13828125
0 0.5578125 0.1640625 0.06796875 0.11953125
0 0.62890625 0.11015625 0.0609375 0.12734375
0 0.696875 0.0484375 0.06640625 0.096875
0 0.71171875 0.178125 0.06953125 0.128125
0 0.63515625 0.2453125 0.06875 0.1234375
0 0.79453125 0.11953125 0.075 0.11640625
0 0.85078125 0.05234375 0.071875 0.10390625
0 0.94296875 0.0953125 0.0859375 0.12734375
0 0.89140625 0.1953125 0.08984375 0.10234375
0 0.81640625 0.25546875 0.090625 0.15546875
0 0.740625 0.33828125 0.084375 0.1484375
0 0.6609375 0.40234375 0.0828125 0.13125
0 0.56484375 0.4671875 0.103125 0.16875
0 0.46640625 0.57421875 0.08984375 0.165625
0 0.35625 0.653125 0.09765625 0.18046875
0 0.44765625 0.821875 0.08359375 0.1703125
0 0.33125 0.921875 0.12421875 0.14375
0 0.57109375 0.7171875 0.084375 0.17890625
0 0.6796875 0.6328125 0.09609375 0.17734375
0 0.771875 0.528125 0.08984375 0.1390625
0 0.85234375 0.4609375 0.0890625 0.16640625
0 0.9453125 0.3640625 0.08671875 0.153125
0 0.9515625 0.5484375 0.09609375 0.20625
0 0.8984375 0.6625 0.1140625 0.18046875
0 0.8171875 0.77265625 0.1484375 0.253125
0 0.69375 0.8515625 0.13203125 0.2171875