0 0.88046875 0.040625 0.05625 0.078125
0 0.1484375 0.04609375 0.0625 0.0921875
0 0.040625 0.10546875 0.06796875 0.10859375
0 0.490625 0.834375 0.08359375 0.17578125
0 0.12890625 0.51875 0.053125 0.103125
0 0.221875 0.134375 0.06328125 0.10703125
0 0.11015625 0.19375 0.0546875 0.09140625
0 0.3140625 0.0765625 0.06015625 0.1125
0 0.7546875 0.1328125 0.06640625 0.13046875
0 0.728125 0.9515625 0.0734375 0.090625
0 0.265625 0.4421875 0.06953125 0.10546875
0 0.39140625 0.19609375 0.06484375 0.10546875
0 0.84453125 0.2578125 0.06484375 0.10703125
0 0.7109375 0.6578125 0.08984375 0.16953125
0 0.34296875 0.9171875 0.1015625 0.16171875
0 0.4703125 0.56796875 0.0828125 0.13671875
0 0.66875 0.18515625 0.08046875 0.13515625
0 0.2921875 0.24765625 0.0671875 0.115625
0 0.4 0.034375 0.0671875 0.06875
0 0.9125 0.2046875 0.0734375 0.128125
0 0.59921875 0.74140625 0.0921875 0.178125
0 0.89140625 0.48671875 0.075 0.1265625
0 0.79375 0.56484375 0.0765625 0.15078125
0 0.653125 0.03515625 0.06875 0.0703125
0 0.8546875 0.87421875 0.08828125 0.15
0 0.01484375 0.03046875 0.0296875 0.0609375
0 0.68203125 0.4109375 0.075 0.1234375
0 0.93671875 0.0234375 0.053125 0.046875
0 0.58125 0.2609375 0.0734375 0.1234375
0 0.08515625 0.8078125 0.0953125 0.16640625
0 0.81875 0.07890625 0.05546875 0.10546875
0 0.58671875 0.4859375 0.07734375 0.13984375
0 0.18125 0.30859375 0.06953125 0.11171875
0 0.36171875 0.62109375 0.0734375 0.1265625
0 0.48515625 0.14296875 0.0671875 0.09921875
0 0.37578125 0.39140625 0.078125 0.1265625
0 0.24140625 0.02734375 0.0671875 0.05390625
0 0.05703125 0.3734375 0.06640625 0.109375
0 0.9640625 0.3859375 0.071875 0.14375
0 0.4796875 0.32421875 0.08203125 0.125
0 0.9765625 0.140625 0.046875 0.12890625
0 0.98359375 0.6578125 0.0328125 0.12265625
0 0.934375 0.76484375 0.09140625 0.153125
0 0.24375 0.72734375 0.08359375 0.13671875
0 0.76875 0.34453125 0.0609375 0.08359375
0 0.571875 0.07890625 0.05546875 0.0984375