0 0.140625 0.8421875 0.0640625 0.12421875
0 0.08125 0.609375 0.053125 0.096875
0 0.0265625 0.06953125 0.05234375 0.10703125
0 0.10859375 0.03671875 0.06796875 0.0734375
0 0.0796875 0.20390625 0.04609375 0.0828125
0 0.16796875 0.13203125 0.0640625 0.11015625
0 0.26875 0.04921875 0.06015625 0.0984375
0 0.23046875 0.27578125 0.05546875 0.128125
0 0.1359375 0.33359375 0.07421875 0.1328125
0 0.19921875 0.54296875 0.0578125 0.12578125
0 0.2890625 0.42421875 0.04296875 0.0828125
0 0.26171875 0.740625 0.0625 0.146875
0 0.359375 0.615625 0.06953125 0.13359375
0 0.465625 0.53046875 0.0484375 0.10078125
0 0.39375 0.34375 0.06171875 0.12265625
0 0.48671875 0.29140625 0.0609375 0.1109375
0 0.33359375 0.19765625 0.06171875 0.12734375
0 0.40390625 0.1359375 0.04375 0.09375
0 0.5578125 0.18671875 0.0609375 0.12421875
0 0.490625 0.06015625 0.0453125 0.08359375
0 0.64453125 0.14140625 0.0609375 0.09140625
0 0.71328125 0.0734375 0.0640625 0.11640625
0 0.76875 0.03515625 0.0515625 0.06953125
0 0.553125 0.4359375 0.05234375 0.10234375
0 0.559375 0.7234375 0.06328125 0.12421875
0 0.46328125 0.81953125 0.059375 0.11328125
0 0.640625 0.6171875 0.065625 0.10390625
0 0.71015625 0.51328125 0.05625 0.096875
0 0.79296875 0.434375 0.04921875 0.10234375
0 0.62421875 0.359375 0.06015625 0.1203125
0 0.715625 0.29140625 0.05625 0.1109375
0 0.7796875 0.20703125 0.05703125 0.08828125
0 0.8421875 0.15 0.05078125 0.10859375
0 0.9078125 0.10625 0.0703125 0.1046875
0 0.96328125 0.04296875 0.0734375 0.0734375
0 0.98125 0.225 0.0375 0.146875
0 0.94375 0.284375 0.0765625 0.103125
0 0.9 0.346875 0.04296875 0.07109375
0 0.8609375 0.3734375 0.0546875 0.0921875
0 0.80390625 0.69453125 0.059375 0.1390625
0 0.73046875 0.8109375 0.07734375 0.11328125
0 0.6515625 0.934375 0.08359375 0.09375
0 0.89140625 0.615625 0.071875 0.10546875
0 0.96640625 0.53359375 0.0671875 0.090625
0 0.97265625 0.7921875 0.05078125 0.12578125
0 0.9046875 0.89921875 0.08046875 0.121875
0 0.79296875 0.8515625 0.00078125 0.00390625