0 0.92421875 0.8921875 0.08125 0.1203125
0 0.94296875 0.5625 0.04296875 0.0734375
0 0.8875 0.628125 0.06484375 0.10625
0 0.834375 0.7109375 0.075 0.11640625
0 0.74765625 0.8 0.07578125 0.11953125
0 0.66953125 0.8515625 0.084375 0.13671875
0 0.953125 0.33828125 0.05703125 0.07890625
0 0.903125 0.36953125 0.0390625 0.0859375
0 0.8546875 0.4234375 0.04921875 0.090625
0 0.80234375 0.47109375 0.0578125 0.1015625
0 0.73515625 0.540625 0.071875 0.12421875
0 0.65625 0.6015625 0.08046875 0.13515625
0 0.584375 0.6796875 0.06953125 0.10625
0 0.50078125 0.76171875 0.0703125 0.1109375
0 0.38984375 0.82265625 0.06171875 0.1265625
0 0.2828125 0.93046875 0.06875 0.12734375
0 0.97578125 0.12890625 0.0203125 0.06484375
0 0.9296875 0.19375 0.05 0.0828125
0 0.87734375 0.2140625 0.0421875 0.0796875
0 0.82734375 0.2484375 0.04296875 0.096875
0 0.78125 0.29375 0.0390625 0.0890625
0 0.72265625 0.33984375 0.053125 0.1
0 0.56796875 0.44296875 0.065625 0.134375
0 0.490625 0.5 0.08359375 0.1328125
0 0.4078125 0.56953125 0.065625 0.1140625
0 0.30390625 0.60703125 0.06171875 0.11484375
0 0.209375 0.69453125 0.06328125 0.11484375
0 0.09140625 0.8046875 0.065625 0.1375
0 0.88828125 0.053125 0.046875 0.08359375
0 0.80078125 0.1140625 0.0484375 0.07734375
0 0.85 0.0953125 0.03828125 0.05625
0 0.93828125 0.0359375 0.03046875 0.05859375
0 0.75625 0.125 0.04375 0.09453125
0 0.7 0.15859375 0.05390625 0.09453125
0 0.64453125 0.203125 0.05703125 0.10546875
0 0.57734375 0.25703125 0.03515625 0.10078125
0 0.4953125 0.29453125 0.04765625 0.09453125
0 0.4109375 0.34765625 0.06015625 0.090625
0 0.34375 0.40390625 0.03984375 0.07421875
0 0.23046875 0.45 0.0546875 0.1265625
0 0.1359375 0.51015625 0.04140625 0.0890625
0 0.03828125 0.59453125 0.065625 0.14609375
0 0.68515625 0.0328125 0.0390625 0.065625
0 0.6328125 0.0546875 0.03984375 0.07890625
0 0.565625 0.08984375 0.04375 0.0921875
0 0.49296875 0.1125 0.05234375 0.09140625
0 0.41640625 0.1640625 0.04921875 0.0875
0 0.34140625 0.19453125 0.05390625 0.084375
0 0.27421875 0.24921875 0.0421875 0.07890625
0 0.1875 0.2765625 0.05390625 0.09296875
0 0.0921875 0.35859375 0.05625 0.11640625
0 0.35 0.0484375 0.04765625 0.0828125
0 0.27265625 0.0828125 0.0484375 0.07890625
0 0.20703125 0.1296875 0.04375 0.0703125
0 0.12734375 0.171875 0.0609375 0.09921875
0 0.028125 0.228125 0.05546875 0.1
0 0.14765625 0.034375 0.04609375 0.06875
0 0.07109375 0.075 0.0484375 0.1015625