0 0.08984375 0.8578125 0.08203125 0.15078125
0 0.02421875 0.5265625 0.0484375 0.13203125
0 0.02890625 0.1 0.0578125 0.128125
0 0.0484375 0.2 0.06328125 0.0953125
0 0.07734375 0.3015625 0.05703125 0.11875
0 0.1234375 0.44609375 0.0578125 0.1671875
0 0.1703125 0.58046875 0.0515625 0.103125
0 0.109375 0.04609375 0.05625 0.0921875
0 0.14375 0.121875 0.053125 0.1140625
0 0.1890625 0.24140625 0.0546875 0.1265625
0 0.23828125 0.35546875 0.0546875 0.11796875
0 0.215625 0.75859375 0.0640625 0.14140625
0 0.26796875 0.940625 0.0671875 0.10703125
0 0.29765625 0.490625 0.06328125 0.1546875
0 0.34765625 0.65078125 0.0671875 0.13359375
0 0.38984375 0.8296875 0.0578125 0.146875
0 0.234375 0.0734375 0.05546875 0.11875
0 0.27890625 0.159375 0.05 0.09140625
0 0.32109375 0.03046875 0.04765625 0.06015625
0 0.37109375 0.1046875 0.05078125 0.10078125
0 0.4453125 0.053125 0.0390625 0.08125
0 0.421875 0.2046875 0.0484375 0.09140625
0 0.325 0.284375 0.0609375 0.12265625
0 0.50078125 0.15234375 0.05390625 0.08203125
0 0.575 0.0984375 0.05703125 0.0921875
0 0.64453125 0.05390625 0.046875 0.08203125
0 0.38671875 0.41015625 0.05 0.11796875
0 0.4828125 0.31875 0.0484375 0.09453125
0 0.559375 0.24921875 0.04921875 0.096875
0 0.64375 0.20703125 0.04921875 0.11796875
0 0.71640625 0.165625 0.0515625 0.09140625
0 0.7765625 0.11015625 0.04296875 0.09140625
0 0.8546875 0.04765625 0.053125 0.0796875
0 0.434375 0.55546875 0.04453125 0.08515625
0 0.62421875 0.390625 0.0484375 0.09296875
0 0.70546875 0.32890625 0.05078125 0.10703125
0 0.76875 0.271875 0.0484375 0.0828125
0 0.8515625 0.2109375 0.065625 0.10625
0 0.90859375 0.1546875 0.04296875 0.08203125
0 0.96328125 0.11796875 0.04453125 0.08671875
0 0.98046875 0.28984375 0.0390625 0.0875
0 0.91875 0.33828125 0.0515625 0.09921875
0 0.83515625 0.40234375 0.04921875 0.09140625
0 0.7609375 0.4703125 0.0625 0.1421875
0 0.684375 0.5546875 0.053125 0.11015625
0 0.5875 0.6140625 0.05546875 0.12578125
0 0.49765625 0.73671875 0.05234375 0.11953125
0 0.55078125 0.91875 0.05546875 0.11796875
0 0.6421875 0.79453125 0.05234375 0.11953125
0 0.74296875 0.7015625 0.05625 0.11171875
0 0.828125 0.6109375 0.06328125 0.10703125
0 0.903125 0.5390625 0.0546875 0.090625
0 0.97265625 0.4828125 0.053125 0.1109375
0 0.97890625 0.7109375 0.0421875 0.103125
0 0.90546875 0.8125 0.03203125 0.090625
0 0.8171875 0.896875 0.0578125 0.090625
0 0.5390625 0.49140625 0.0671875 0.15859375
0 0.946875 0.775 0.03046875 0.07109375
0 0.86796875 0.86796875 0.03828125 0.0765625