0 0.14296875 0.9328125 0.065625 0.1296875
0 0.0796875 0.70703125 0.0453125 0.1046875
0 0.0359375 0.546875 0.0515625 0.12109375
0 0.1296875 0.44375 0.05546875 0.10390625
0 0.0703125 0.31953125 0.06484375 0.0984375
0 0.0265625 0.215625 0.0515625 0.10234375
0 0.04609375 0.05546875 0.04375 0.08125
0 0.08984375 0.13828125 0.0546875 0.1046875
0 0.15234375 0.25703125 0.0578125 0.11640625
0 0.17265625 0.1125 0.0578125 0.1
0 0.2359375 0.18828125 0.05625 0.08125
0 0.26328125 0.0375 0.0484375 0.075
0 0.30859375 0.13671875 0.0546875 0.11171875
0 0.390625 0.0890625 0.05546875 0.08671875
0 0.47578125 0.0328125 0.04453125 0.06484375
0 0.21171875 0.371875 0.059375 0.1265625
0 0.30390625 0.3125 0.06484375 0.1125
0 0.378125 0.26875 0.06484375 0.1203125
0 0.44140625 0.2 0.0546875 0.0953125
0 0.52890625 0.1453125 0.07421875 0.109375
0 0.58671875 0.09140625 0.04453125 0.07734375
0 0.64375 0.07421875 0.05 0.08125
0 0.70078125 0.02890625 0.05078125 0.0578125
0 0.953125 0.02734375 0.04921875 0.05390625
0 0.9109375 0.04765625 0.04765625 0.0953125
0 0.875 0.06796875 0.03515625 0.0828125
0 0.8203125 0.10546875 0.0546875 0.08671875
0 0.76171875 0.11953125 0.06484375 0.1
0 0.71640625 0.18203125 0.04375 0.09765625
0 0.65546875 0.203125 0.05078125 0.06953125
0 0.5890625 0.25 0.05234375 0.1046875
0 0.525 0.30703125 0.06328125 0.13046875
0 0.43984375 0.3859375 0.053125 0.09375
0 0.3765625 0.440625 0.05703125 0.11328125
0 0.2890625 0.51015625 0.0671875 0.1
0 0.2421875 0.784375 0.06484375 0.1421875
0 0.184375 0.61796875 0.04140625 0.09296875
0 0.35078125 0.709375 0.0609375 0.11875
0 0.43828125 0.60390625 0.0671875 0.1359375
0 0.52109375 0.53671875 0.0640625 0.11484375
0 0.59765625 0.45625 0.06875 0.1171875
0 0.66953125 0.4015625 0.04921875 0.090625
0 0.71796875 0.32109375 0.05234375 0.09140625
0 0.77890625 0.28046875 0.05078125 0.08125
0 0.8265625 0.24765625 0.0484375 0.071875
0 0.88828125 0.20859375 0.0515625 0.07421875
0 0.93046875 0.165625 0.05390625 0.0734375
0 0.95625 0.32109375 0.034375 0.07265625
0 0.89921875 0.36328125 0.05 0.090625
0 0.85390625 0.40390625 0.05078125 0.08125
0 0.80078125 0.4640625 0.06875 0.09375
0 0.734375 0.53515625 0.059375 0.0984375
0 0.6625 0.61953125 0.06484375 0.11953125
0 0.5859375 0.68515625 0.0484375 0.11796875
0 0.50390625 0.77578125 0.0578125 0.1109375
0 0.42109375 0.89375 0.06953125 0.128125
0 0.671875 0.8828125 0.04921875 0.09765625
0 0.73671875 0.77890625 0.053125 0.10703125
0 0.81171875 0.70078125 0.05 0.1015625
0 0.86796875 0.6234375 0.08046875 0.12734375
0 0.925 0.540625 0.03828125 0.09921875
0 0.975 0.4828125 0.05 0.10625
0 0.95390625 0.78671875 0.0453125 0.11171875
0 0.88671875 0.85703125 0.0640625 0.09609375
0 0.83515625 0.96484375 0.05859375 0.0703125