0 0.9390625 0.31796875 0.1125 0.1890625
0 0.87265625 0.11640625 0.115625 0.15859375
0 0.56015625 0.715625 0.140625 0.26171875
0 0.6 0.38828125 0.12578125 0.18125
0 0.60625 0.1859375 0.10390625 0.1609375
0 0.42265625 0.10546875 0.084375 0.14140625
0 0.36796875 0.2546875 0.11171875 0.18046875
0 0.26875 0.4890625 0.1640625 0.2453125
0 0.103125 0.834375 0.20625 0.33125
0 0.27578125 0.04375 0.0640625 0.08671875
0 0.18984375 0.1546875 0.10546875 0.15859375
0 0.08984375 0.3328125 0.0921875 0.14296875
0 0.07265625 0.07890625 0.07734375 0.1359375