0 0.953125 0.8359375 0.09375 0.209375
0 0.81953125 0.928125 0.1203125 0.14375
0 0.8828125 0.62734375 0.1015625 0.1484375
0 0.72109375 0.7453125 0.115625 0.1890625
0 0.565625 0.88515625 0.09921875 0.1796875
0 0.91171875 0.39921875 0.06953125 0.103125
0 0.79375 0.5 0.084375 0.13671875
0 0.65234375 0.59609375 0.07890625 0.15
0 0.50078125 0.69375 0.090625 0.1421875
0 0.33203125 0.81171875 0.10234375 0.17109375
0 0.95078125 0.2375 0.07421875 0.115625
0 0.971875 0.08046875 0.05625 0.1015625
0 0.87734375 0.14375 0.06328125 0.1109375
0 0.83203125 0.07578125 0.05078125 0.08671875
0 0.84375 0.296875 0.059375 0.1046875
0 0.78828125 0.20390625 0.06484375 0.11015625
0 0.73046875 0.12109375 0.0546875 0.09453125
0 0.6859375 0.0484375 0.04609375 0.096875
0 0.734375 0.38046875 0.0875 0.1453125
0 0.67890625 0.27109375 0.07890625 0.13515625
0 0.61796875 0.1828125 0.0578125 0.1203125
0 0.584375 0.1015625 0.0484375 0.09296875
0 0.53828125 0.03671875 0.0484375 0.0734375
0 0.59921875 0.46640625 0.09921875 0.1625
0 0.54765625 0.35078125 0.078125 0.11953125
0 0.45546875 0.5453125 0.09296875 0.15078125
0 0.41796875 0.41875 0.06953125 0.13671875
0 0.375 0.33671875 0.05703125 0.11875
0 0.340625 0.23046875 0.07109375 0.13515625
0 0.3125 0.140625 0.05703125 0.11015625
0 0.28984375 0.0578125 0.04296875 0.0703125
0 0.29453125 0.6453125 0.1171875 0.18828125
0 0.26015625 0.5109375 0.075 0.134375
0 0.23125 0.384375 0.0796875 0.1375
0 0.21015625 0.27109375 0.0734375 0.12265625
0 0.19375 0.1703125 0.07734375 0.12890625
0 0.1640625 0.08046875 0.05859375 0.09453125
0 0.14453125 0.928125 0.0921875 0.14375
0 0.115625 0.7640625 0.084375 0.16171875
0 0.103125 0.60078125 0.071875 0.14375
0 0.075 0.453125 0.0671875 0.1453125
0 0.075 0.31796875 0.06328125 0.11015625
0 0.06171875 0.22421875 0.06015625 0.10625
0 0.0453125 0.14375 0.08359375 0.1203125
0 0.0375 0.065625 0.0640625 0.09765625