0 0.28203125 0.1703125 0.06484375 0.09140625
0 0.21328125 0.253125 0.065625 0.0921875
0 0.153125 0.32109375 0.06796875 0.109375
0 0.075 0.37265625 0.05390625 0.1015625
0 0.09453125 0.2703125 0.034375 0.075
0 0.02421875 0.340625 0.04296875 0.0765625
0 0.1328125 0.43125 0.05859375 0.11171875
0 0.0484375 0.496875 0.04140625 0.08359375
0 0.04765625 0.6296875 0.07109375 0.13671875
0 0.134375 0.5671875 0.06640625 0.1171875
0 0.20078125 0.4578125 0.0703125 0.14765625
0 0.209375 0.35703125 0.06171875 0.09296875
0 0.2859375 0.290625 0.07265625 0.109375
0 0.2765625 0.40703125 0.06328125 0.10390625
0 0.2625 0.54140625 0.0578125 0.10078125
0 0.19375 0.61875 0.0671875 0.12734375
0 0.11796875 0.7015625 0.078125 0.1421875
0 0.0390625 0.771875 0.06640625 0.12265625
0 0.0328125 0.91953125 0.065625 0.12421875
0 0.11953125 0.85234375 0.046875 0.07109375
0 0.1703125 0.89453125 0.06015625 0.103125
0 0.0921875 0.965625 0.07890625 0.06796875
0 0.18203125 0.75859375 0.059375 0.1234375
0 0.2640625 0.6828125 0.06328125 0.11875
0 0.3453125 0.590625 0.06171875 0.09765625
0 0.3375 0.45078125 0.0625 0.11171875
0 0.35234375 0.32265625 0.06953125 0.10234375
0 0.35625 0.20625 0.06875 0.1046875
0 0.428125 0.15703125 0.071875 0.1171875
0 0.5 0.19140625 0.06484375 0.12421875
0 0.42109375 0.25859375 0.06015625 0.0953125
0 0.4921875 0.3140625 0.0828125 0.1125
0 0.41484375 0.38203125 0.0671875 0.0796875
0 0.4890625 0.434375 0.0546875 0.09140625
0 0.415625 0.50625 0.0515625 0.096875
0 0.2625 0.82734375 0.0578125 0.14609375
0 0.33671875 0.740625 0.0625 0.11796875
0 0.41796875 0.65234375 0.06484375 0.11953125
0 0.4875 0.57421875 0.0703125 0.09140625
0 0.4921875 0.70859375 0.08203125 0.1171875
0 0.41015625 0.8125 0.05546875 0.125
0 0.3359375 0.8953125 0.07734375 0.1125
0 0.4203125 0.9515625 0.0796875 0.0828125
0 0.49296875 0.88671875 0.075 0.1265625
0 0.57734375 0.94765625 0.08203125 0.08359375
0 0.56796875 0.80078125 0.078125 0.11796875
0 0.56640625 0.65234375 0.06953125 0.12734375
0 0.565625 0.49296875 0.07734375 0.13359375
0 0.5671875 0.3625 0.06953125 0.11171875
0 0.6375 0.428125 0.0765625 0.13203125
0 0.640625 0.56953125 0.071875 0.12578125
0 0.703125 0.48359375 0.06796875 0.10625
0 0.7046875 0.6171875 0.06796875 0.1046875
0 0.7125 0.7609375 0.0640625 0.11875
0 0.7234375 0.93515625 0.065625 0.08984375
0 0.8 0.853125 0.071875 0.10859375
0 0.78984375 0.690625 0.06953125 0.125
0 0.86953125 0.7578125 0.0734375 0.1296875
0 0.93046875 0.67265625 0.0546875 0.09765625
0 0.91328125 0.55 0.06640625 0.096875
0 0.9734375 0.79609375 0.0390625 0.11328125
0 0.9328125 0.8828125 0.06328125 0.10546875
0 0.87421875 0.9203125 0.06640625 0.11875
0 0.853125 0.61640625 0.06484375 0.1140625
0 0.77578125 0.56015625 0.06796875 0.134375
0 0.76796875 0.4109375 0.0765625 0.14140625
0 0.83984375 0.340625 0.05390625 0.121875
0 0.7703125 0.29453125 0.059375 0.12265625
0 0.6921875 0.23828125 0.075 0.103125
0 0.6203125 0.315625 0.02734375 0.084375
0 0.6265625 0.2015625 0.07421875 0.1
0 0.565625 0.1421875 0.06953125 0.09765625
0 0.54765625 0.06328125 0.096875 0.09921875
0 0.62421875 0.08125 0.07421875 0.1265625
0 0.6953125 0.128125 0.0734375 0.1046875
0 0.75 0.07265625 0.0375 0.0734375
0 0.81796875 0.040625 0.0640625 0.08125
0 0.88984375 0.078125 0.05546875 0.08359375
0 0.9015625 0.18203125 0.0546875 0.0921875
0 0.8375 0.228125 0.06015625 0.11796875
0 0.915625 0.29609375 0.0640625 0.1125
0 0.9609375 0.12265625 0.04296875 0.11171875
0 0.9140625 0.41875 0.0625 0.10078125
0 0.98046875 0.471875 0.03828125 0.11875
0 0.98125 0.6203125 0.0375 0.13359375