0 0.0625 0.0484375 0.05 0.096875
0 0.1234375 0.11953125 0.06328125 0.12265625
0 0.0359375 0.1734375 0.05625 0.1140625
0 0.078125 0.2546875 0.06796875 0.11484375
0 0.18203125 0.19453125 0.06875 0.0984375
0 0.20859375 0.078125 0.06640625 0.0796875
0 0.275 0.14765625 0.07578125 0.11640625
0 0.29609375 0.0375 0.0515625 0.075
0 0.43828125 0.0703125 0.05703125 0.08203125
0 0.5203125 0.04140625 0.05703125 0.0828125
0 0.359375 0.10546875 0.07265625 0.12421875
0 0.034375 0.4421875 0.06875 0.13125
0 0.14375 0.36640625 0.078125 0.13125
0 0.246875 0.28046875 0.075 0.13671875
0 0.3515625 0.2234375 0.0625 0.09453125
0 0.43203125 0.1875 0.06171875 0.1125
0 0.5171875 0.140625 0.07578125 0.11484375
0 0.5984375 0.10078125 0.06484375 0.11171875
0 0.66796875 0.0515625 0.05703125 0.0921875
0 0.82890625 0.04609375 0.0609375 0.0921875
0 0.92890625 0.1265625 0.06015625 0.10078125
0 0.8609375 0.1859375 0.0921875 0.1234375
0 0.76640625 0.12265625 0.07890625 0.12109375
0 0.6828125 0.17890625 0.06171875 0.11015625
0 0.790625 0.26875 0.06875 0.11796875
0 0.71328125 0.32734375 0.078125 0.12578125
0 0.59921875 0.20703125 0.0734375 0.1234375
0 0.5203125 0.271875 0.084375 0.12265625
0 0.43515625 0.31328125 0.071875 0.1078125
0 0.334375 0.38046875 0.08125 0.12890625
0 0.2234375 0.459375 0.0765625 0.153125
0 0.0875 0.55 0.0765625 0.1625
0 0.04375 0.83984375 0.0875 0.209375
0 0.1640625 0.72890625 0.07890625 0.16953125
0 0.30390625 0.60703125 0.08828125 0.15390625
0 0.415625 0.50625 0.090625 0.1703125
0 0.521875 0.43828125 0.08046875 0.13984375
0 0.61953125 0.38125 0.0890625 0.1390625
0 0.96796875 0.2671875 0.0609375 0.14375
0 0.90078125 0.3671875 0.0859375 0.13671875
0 0.81015625 0.4390625 0.08515625 0.13046875
0 0.728125 0.50234375 0.07109375 0.125
0 0.64296875 0.57578125 0.0859375 0.13359375
0 0.528125 0.665625 0.0875 0.14765625
0 0.409375 0.78125 0.090625 0.17421875
0 0.2703125 0.9 0.10859375 0.1734375
0 0.6515625 0.85859375 0.125 0.14921875
0 0.77109375 0.7375 0.0734375 0.18203125
0 0.84609375 0.671875 0.0890625 0.1734375
0 0.9484375 0.56875 0.09140625 0.15234375
0 0.91640625 0.928125 0.1328125 0.14296875