0 0.09453125 0.60546875 0.1890625 0.33046875
0 0.034375 0.28984375 0.06875 0.153125
0 0.07734375 0.221875 0.07109375 0.1796875
0 0.153125 0.1984375 0.0875 0.18359375
0 0.10078125 0.06640625 0.0890625 0.1328125
0 0.25 0.18125 0.09453125 0.16875
0 0.4125 0.0828125 0.08671875 0.165625
0 0.534375 0.05625 0.125 0.1125
0 0.5234375 0.190625 0.09609375 0.15390625
0 0.74921875 0.08125 0.1359375 0.1625
0 0.77109375 0.228125 0.128125 0.14765625
0 0.890625 0.3796875 0.1875 0.25703125
0 0.91953125 0.1328125 0.14296875 0.20234375
0 0.5703125 0.91015625 0.16015625 0.1796875
0 0.484375 0.8390625 0.1015625 0.1734375
0 0.271875 0.91484375 0.184375 0.1703125