0 0.18828125 0.07890625 0.0484375 0.071875
0 0.4375 0.48828125 0.08515625 0.13828125
0 0.134375 0.49296875 0.06640625 0.10390625
0 0.578125 0.14453125 0.0484375 0.07578125
0 0.53828125 0.04375 0.04453125 0.07109375
0 0.0640625 0.11484375 0.05859375 0.09375
0 0.88359375 0.09375 0.04765625 0.08125
0 0.671875 0.09375 0.03828125 0.07265625
0 0.2484375 0.2921875 0.06640625 0.109375
0 0.753125 0.05234375 0.04453125 0.071875
0 0.2640625 0.42109375 0.06875 0.11015625
0 0.678125 0.7140625 0.0828125 0.13125
0 0.515625 0.30703125 0.065625 0.09609375
0 0.490625 0.6125 0.07578125 0.15234375
0 0.365625 0.24375 0.059375 0.09609375
0 0.20078125 0.7984375 0.05625 0.10859375
0 0.67734375 0.35625 0.05390625 0.096875
0 0.9203125 0.3859375 0.05 0.1
0 0.475 0.20078125 0.059375 0.07890625
0 0.7171875 0.490625 0.059375 0.11171875
0 0.75 0.87265625 0.084375 0.15078125
0 0.396875 0.35390625 0.0640625 0.1078125
0 0.11328125 0.35 0.06875 0.0921875
0 0.3015625 0.56015625 0.07109375 0.1234375
0 0.1578125 0.63671875 0.06328125 0.1171875
0 0.28828125 0.03359375 0.04921875 0.0671875
0 0.62421875 0.26015625 0.0546875 0.08359375
0 0.21328125 0.18046875 0.06796875 0.084375
0 0.7890625 0.6296875 0.0671875 0.11953125
0 0.828125 0.42734375 0.0484375 0.09609375
0 0.234375 0.96953125 0.0875 0.0609375
0 0.62109375 0.56015625 0.06953125 0.121875
0 0.56015625 0.43359375 0.06875 0.11484375
0 0.71328125 0.203125 0.0484375 0.07890625
0 0.38984375 0.90078125 0.07578125 0.12734375
0 0.33125 0.13984375 0.0546875 0.0875
0 0.86171875 0.26953125 0.05 0.1140625
0 0.97109375 0.7125 0.05703125 0.17734375
0 0.8 0.15390625 0.04453125 0.08125
0 0.9421875 0.94921875 0.08359375 0.1015625
0 0.86328125 0.77890625 0.07734375 0.16484375
0 0.5484375 0.79140625 0.0765625 0.1328125
0 0.77578125 0.32578125 0.053125 0.1
0 0.96484375 0.028125 0.03671875 0.05546875
0 0.0859375 0.23046875 0.07421875 0.09609375
0 0.98203125 0.4859375 0.03515625 0.14296875
0 0.434375 0.08515625 0.04140625 0.07109375
0 0.95078125 0.2 0.04140625 0.0765625
0 0.3421875 0.71796875 0.06171875 0.109375
0 0.90078125 0.55390625 0.05859375 0.13828125
0 0.5984375 0.9546875 0.096875 0.090625