0 0.13203125 0.95078125 0.0921875 0.0984375
0 0.08828125 0.853125 0.1046875 0.146875
0 0.0546875 0.73125 0.08828125 0.1171875
0 0.02265625 0.6046875 0.0453125 0.07265625
0 0.01953125 0.534375 0.0390625 0.071875
0 0.01640625 0.453125 0.03203125 0.078125
0 0.2578125 0.9640625 0.090625 0.06953125
0 0.23125 0.89609375 0.09375 0.12265625
0 0.19921875 0.79765625 0.09609375 0.1125
0 0.16640625 0.7296875 0.0828125 0.11328125
0 0.1484375 0.6578125 0.059375 0.096875
0 0.13671875 0.59921875 0.078125 0.1125
0 0.0890625 0.4765625 0.0453125 0.08203125
0 0.07265625 0.40390625 0.0703125 0.08515625
0 0.05546875 0.334375 0.0640625 0.08203125
0 0.0390625 0.28203125 0.053125 0.07734375
0 0.021875 0.2140625 0.04296875 0.07265625
0 0.0234375 0.14140625 0.046875 0.0796875
0 0.06953125 0.0796875 0.06796875 0.14453125
0 0.08359375 0.16328125 0.07734375 0.09375
0 0.10390625 0.228125 0.06015625 0.06953125
0 0.1265625 0.2703125 0.07109375 0.071875
0 0.128125 0.3421875 0.065625 0.078125
0 0.1625 0.40703125 0.07265625 0.10859375
0 0.1890625 0.47421875 0.0640625 0.0796875
0 0.209375 0.53359375 0.0546875 0.084375
0 0.23203125 0.59765625 0.07265625 0.090625
0 0.2484375 0.67265625 0.090625 0.07578125
0 0.29453125 0.734375 0.0671875 0.0890625
0 0.33203125 0.80546875 0.06796875 0.11875
0 0.35625 0.90390625 0.07734375 0.13203125
0 0.471875 0.94765625 0.0890625 0.10390625
0 0.440625 0.8296875 0.08359375 0.109375
0 0.396875 0.73515625 0.08046875 0.11015625
0 0.36875 0.68125 0.08828125 0.13046875
0 0.334375 0.59609375 0.065625 0.12734375
0 0.30546875 0.54453125 0.07890625 0.09609375
0 0.2875 0.4828125 0.0625 0.1015625
0 0.26484375 0.41328125 0.06875 0.0890625
0 0.25234375 0.3453125 0.06484375 0.07578125
0 0.221875 0.30625 0.065625 0.08125
0 0.19921875 0.24375 0.07109375 0.07890625
0 0.16953125 0.18828125 0.06796875 0.08046875
0 0.15703125 0.12890625 0.04765625 0.06171875
0 0.13984375 0.05078125 0.06796875 0.090625
0 0.19765625 0.03359375 0.06328125 0.0671875
0 0.23046875 0.08359375 0.04765625 0.0796875
0 0.26640625 0.178125 0.053125 0.07265625
0 0.28046875 0.24296875 0.06796875 0.08828125
0 0.31875 0.28984375 0.06015625 0.07421875
0 0.3359375 0.35625 0.0609375 0.0859375
0 0.35 0.41796875 0.05390625 0.10546875
0 0.3875 0.46328125 0.06953125 0.09375
0 0.4203125 0.5265625 0.06796875 0.09375
0 0.453125 0.5921875 0.08125 0.0875
0 0.48515625 0.6671875 0.0703125 0.1109375
0 0.51640625 0.75390625 0.09609375 0.08359375
0 0.5625 0.85 0.08515625 0.12734375
0 0.59921875 0.94765625 0.0953125 0.10390625
0 0.6765625 0.89765625 0.0953125 0.1265625
0 0.63125 0.775 0.0765625 0.1171875
0 0.58671875 0.6796875 0.071875 0.10859375
0 0.5546875 0.59296875 0.06328125 0.09921875
0 0.5234375 0.53046875 0.04453125 0.10546875
0 0.490625 0.48046875 0.053125 0.07421875
0 0.46875 0.42890625 0.06953125 0.11875
0 0.4390625 0.35078125 0.05625 0.0828125
0 0.40859375 0.3109375 0.07578125 0.0796875
0 0.384375 0.23515625 0.04921875 0.07421875
0 0.3578125 0.18984375 0.0453125 0.0703125
0 0.3234375 0.12421875 0.05703125 0.0890625
0 0.29453125 0.03984375 0.0734375 0.06953125
0 0.36875 0.0296875 0.046875 0.0453125
0 0.3890625 0.075 0.0546875 0.06328125
0 0.415625 0.1265625 0.05703125 0.0703125
0 0.4421875 0.18671875 0.06640625 0.07265625
0 0.4640625 0.240625 0.06015625 0.075
0 0.496875 0.28203125 0.06796875 0.0859375
0 0.52265625 0.3515625 0.06328125 0.07421875
0 0.56640625 0.41015625 0.0671875 0.084375
0 0.590625 0.471875 0.046875 0.0734375
0 0.62890625 0.5359375 0.06640625 0.09375
0 0.6625 0.6171875 0.06953125 0.09453125
0 0.7046875 0.6984375 0.0828125 0.0921875
0 0.75078125 0.809375 0.09375 0.1140625
0 0.778125 0.93515625 0.0859375 0.10625
0 0.8765625 0.87421875 0.09765625 0.15234375
0 0.8140625 0.753125 0.06875 0.1171875
0 0.7828125 0.6421875 0.071875 0.1546875
0 0.728125 0.55625 0.08046875 0.09765625
0 0.690625 0.484375 0.06171875 0.09140625
0 0.6578125 0.415625 0.071875 0.0984375
0 0.6125 0.3390625 0.06171875 0.06328125
0 0.5828125 0.296875 0.075 0.0703125
0 0.55625 0.23828125 0.078125 0.07578125
0 0.521875 0.20234375 0.07890625 0.078125
0 0.4953125 0.1421875 0.0671875 0.07890625
0 0.47734375 0.084375 0.05625 0.0859375
0 0.4421875 0.0296875 0.05390625 0.05625
0 0.88203125 0.6671875 0.090625 0.12265625
0 0.84609375 0.56484375 0.08046875 0.08359375
0 0.80625 0.50625 0.05703125 0.10234375
0 0.75703125 0.4421875 0.07578125 0.08828125
0 0.71171875 0.375 0.0796875 0.09921875
0 0.6796875 0.30390625 0.0578125 0.08125
0 0.65078125 0.24609375 0.05390625 0.0921875
0 0.61875 0.2 0.0875 0.071875
0 0.5875 0.13984375 0.04609375 0.05078125
0 0.565625 0.09296875 0.053125 0.0578125
0 0.5375 0.03046875 0.05078125 0.059375
0 0.59140625 0.028125 0.0546875 0.05625
0 0.609375 0.06171875 0.0578125 0.07265625
0 0.6296875 0.10859375 0.07421875 0.065625
0 0.66953125 0.15859375 0.05 0.05703125
0 0.696875 0.209375 0.04921875 0.075
0 0.73359375 0.26328125 0.05703125 0.07578125
0 0.771875 0.3140625 0.06484375 0.06875
0 0.81953125 0.390625 0.07109375 0.1125
0 0.84609375 0.46015625 0.08046875 0.09296875
0 0.89921875 0.515625 0.0640625 0.10234375
0 0.946875 0.6015625 0.06875 0.09375
0 0.671875 0.021875 0.05 0.04375
0 0.68046875 0.07265625 0.0546875 0.06171875
0 0.7234375 0.115625 0.05703125 0.08125
0 0.75078125 0.16171875 0.0515625 0.07578125
0 0.79296875 0.2234375 0.0625 0.07265625
0 0.8296875 0.28828125 0.06484375 0.0765625
0 0.87578125 0.33671875 0.05625 0.12265625
0 0.9171875 0.415625 0.071875 0.1171875
0 0.97109375 0.48515625 0.0578125 0.1515625
0 0.7421875 0.0375 0.04921875 0.075
0 0.76796875 0.075 0.05546875 0.09375
0 0.7875 0.1375 0.05 0.065625
0 0.834375 0.1828125 0.0484375 0.0703125
0 0.87421875 0.23203125 0.06640625 0.0953125
0 0.92109375 0.30859375 0.0578125 0.10625
0 0.9703125 0.38984375 0.059375 0.11640625
0 0.8359375 0.071875 0.0578125 0.10234375
0 0.88203125 0.1546875 0.05390625 0.07578125
0 0.921875 0.2109375 0.06328125 0.0796875
0 0.96640625 0.2875 0.05078125 0.10078125
0 0.97421875 0.17109375 0.04609375 0.0859375
0 0.93046875 0.10625 0.04609375 0.09296875
0 0.884375 0.04609375 0.04765625 0.0859375
0 0.9453125 0.03046875 0.0625 0.0609375
0 0.9828125 0.08515625 0.034375 0.10546875