0 0.028125 0.04140625 0.05625 0.0828125
0 0.92109375 0.12421875 0.0484375 0.07109375
0 0.65 0.11796875 0.05625 0.09921875
0 0.246875 0.03359375 0.059375 0.0671875
0 0.4765625 0.21796875 0.0484375 0.0875
0 0.58828125 0.0421875 0.0546875 0.08359375
0 0.37734375 0.05234375 0.06171875 0.096875
0 0.78828125 0.07421875 0.05078125 0.084375
0 0.51484375 0.07265625 0.05625 0.096875
0 0.196875 0.13984375 0.06171875 0.09609375
0 0.78515625 0.190625 0.0546875 0.0875
0 0.8484375 0.159375 0.0484375 0.08671875
0 0.0984375 0.20234375 0.0703125 0.09609375
0 0.71640625 0.090625 0.05078125 0.0890625
0 0.87421875 0.3 0.05390625 0.0875
0 0.85 0.04140625 0.0578125 0.0828125
0 0.47265625 0.7796875 0.08125 0.15546875
0 0.16875 0.41640625 0.071875 0.1046875
0 0.14609375 0.07265625 0.05546875 0.0859375
0 0.46640625 0.02578125 0.06015625 0.0515625
0 0.05859375 0.11796875 0.0609375 0.08828125
0 0.290625 0.10546875 0.0578125 0.08125
0 0.221875 0.55234375 0.07109375 0.12734375
0 0.128125 0.29921875 0.07578125 0.10390625
0 0.33828125 0.18359375 0.06015625 0.08984375
0 0.5671875 0.175 0.0609375 0.10078125
0 0.41171875 0.590625 0.07421875 0.121875
0 0.6421875 0.2578125 0.0625 0.109375
0 0.43671875 0.1265625 0.05 0.08671875
0 0.671875 0.02578125 0.05234375 0.0515625
0 0.2359375 0.23984375 0.05859375 0.0859375
0 0.9828125 0.09921875 0.034375 0.0859375
0 0.61640625 0.44921875 0.05625 0.09609375
0 0.36015625 0.88046875 0.08125 0.13671875
0 0.71796875 0.22421875 0.0578125 0.08828125
0 0.7953125 0.33125 0.05859375 0.08359375
0 0.38828125 0.271875 0.05625 0.0921875
0 0.521875 0.51640625 0.06796875 0.12421875
0 0.71328125 0.38984375 0.046875 0.08828125
0 0.34296875 0.46328125 0.0734375 0.125
0 0.290625 0.7046875 0.0703125 0.14453125
0 0.44765625 0.38359375 0.0515625 0.0859375
0 0.7953125 0.50703125 0.05703125 0.09296875
0 0.93671875 0.25625 0.0515625 0.07890625
0 0.88828125 0.465625 0.06171875 0.10703125
0 0.69609375 0.59296875 0.0625 0.11875
0 0.903125 0.6625 0.0703125 0.12734375
0 0.2875 0.334375 0.0609375 0.0890625
0 0.01953125 0.35546875 0.03828125 0.115625
0 0.04453125 0.49453125 0.0609375 0.134375
0 0.140625 0.81171875 0.0734375 0.1140625
0 0.01640625 0.9125 0.0328125 0.12421875
0 0.0921875 0.61953125 0.075 0.13046875
0 0.5578125 0.334375 0.0671875 0.0921875
0 0.96953125 0.58828125 0.06015625 0.128125
0 0.69609375 0.85 0.0546875 0.15859375
0 0.80234375 0.77890625 0.0640625 0.12578125
0 0.5953125 0.67421875 0.07109375 0.1328125
0 0.9078125 0.95234375 0.0625 0.0953125