0 0.125 0.90859375 0.0984375 0.18203125
0 0.11015625 0.771875 0.08984375 0.19609375
0 0.09921875 0.5875 0.09609375 0.178125
0 0.08046875 0.4703125 0.07734375 0.153125
0 0.07109375 0.3765625 0.0984375 0.14921875
0 0.05859375 0.26484375 0.06484375 0.1140625
0 0.05703125 0.1890625 0.07890625 0.11875
0 0.04296875 0.1203125 0.06484375 0.078125
0 0.04609375 0.04375 0.06796875 0.08046875
0 0.16171875 0.06640625 0.07265625 0.084375
0 0.16875 0.14765625 0.053125 0.09296875
0 0.1890625 0.2203125 0.046875 0.0984375
0 0.209375 0.3109375 0.05 0.0609375
0 0.2265625 0.3875 0.0796875 0.1234375
0 0.2546875 0.52109375 0.0953125 0.1671875
0 0.2875 0.6453125 0.10546875 0.153125
0 0.33203125 0.79921875 0.11171875 0.14609375
0 0.5453125 0.91328125 0.09453125 0.14765625
0 0.7203125 0.82578125 0.13359375 0.1828125
0 0.94921875 0.90234375 0.10078125 0.1953125
0 0.96640625 0.63671875 0.0671875 0.1703125
0 0.86328125 0.7375 0.10390625 0.19296875
0 0.64375 0.60390625 0.08515625 0.15625
0 0.49765625 0.7109375 0.0875 0.15546875
0 0.4453125 0.5671875 0.07890625 0.14140625
0 0.40546875 0.428125 0.07734375 0.12578125
0 0.584375 0.5 0.08359375 0.146875
0 0.784375 0.55625 0.10703125 0.18203125
0 0.90390625 0.48984375 0.0890625 0.18828125
0 0.94140625 0.3140625 0.06953125 0.12109375
0 0.96484375 0.175 0.0484375 0.09140625
0 0.915625 0.08046875 0.06875 0.090625
0 0.8796875 0.209375 0.06171875 0.0953125
0 0.8375 0.3546875 0.0875 0.1578125
0 0.71796875 0.40859375 0.07421875 0.134375
0 0.5484375 0.36875 0.084375 0.1296875
0 0.3671875 0.33359375 0.071875 0.109375
0 0.33984375 0.2421875 0.07578125 0.11015625
0 0.31328125 0.16875 0.06796875 0.11015625
0 0.30078125 0.08671875 0.07578125 0.10703125
0 0.26328125 0.03828125 0.0703125 0.0765625
0 0.39609375 0.04453125 0.05703125 0.0890625
0 0.4203125 0.1078125 0.0578125 0.11015625
0 0.46015625 0.18125 0.0734375 0.11328125
0 0.5 0.27890625 0.0703125 0.128125
0 0.53125 0.06796875 0.05859375 0.109375
0 0.56875 0.146875 0.07578125 0.12265625
0 0.63671875 0.04765625 0.05859375 0.09453125
0 0.66640625 0.084375 0.05625 0.09375
0 0.7734375 0.0515625 0.06328125 0.103125
0 0.81953125 0.1375 0.0515625 0.08203125
0 0.721875 0.1609375 0.07578125 0.146875
0 0.6140625 0.21484375 0.0828125 0.140625
0 0.66328125 0.30546875 0.078125 0.13359375
0 0.77734375 0.259375 0.08984375 0.16328125