0 0.02734375 0.06796875 0.05 0.08359375
0 0.21484375 0.234375 0.04921875 0.084375
0 0.75078125 0.571875 0.0515625 0.10078125
0 0.17578125 0.5703125 0.0765625 0.12890625
0 0.7453125 0.79765625 0.084375 0.15546875
0 0.04609375 0.63671875 0.0921875 0.1734375
0 0.83984375 0.27578125 0.0578125 0.09609375
0 0.29921875 0.9015625 0.0921875 0.15859375
0 0.10625 0.78671875 0.08515625 0.17578125
0 0.70703125 0.06484375 0.05390625 0.09140625
0 0.403125 0.13046875 0.04296875 0.07734375
0 0.2390625 0.721875 0.078125 0.1296875
0 0.3140625 0.48125 0.065625 0.109375
0 0.93984375 0.86015625 0.084375 0.15234375
0 0.134375 0.4171875 0.0703125 0.10078125
0 0.66953125 0.41875 0.05234375 0.10390625
0 0.16875 0.1265625 0.04375 0.075
0 0.659375 0.625 0.08203125 0.1390625
0 0.62578125 0.86796875 0.08046875 0.15859375
0 0.45234375 0.24453125 0.0484375 0.08984375
0 0.91796875 0.06015625 0.0609375 0.0921875
0 0.4296875 0.7984375 0.08046875 0.13671875
0 0.57265625 0.028125 0.0484375 0.05625
0 0.35234375 0.3046875 0.0515625 0.08828125
0 0.1546875 0.95390625 0.0921875 0.08515625
0 0.35546875 0.62578125 0.0671875 0.128125
0 0.09921875 0.30078125 0.06328125 0.0890625
0 0.2578125 0.36484375 0.05625 0.08828125
0 0.490625 0.06171875 0.0453125 0.078125
0 0.6859375 0.23515625 0.0640625 0.0921875
0 0.84765625 0.709375 0.06953125 0.128125
0 0.54296875 0.1765625 0.053125 0.0921875
0 0.1203125 0.028125 0.0484375 0.05546875
0 0.84453125 0.11484375 0.046875 0.08671875
0 0.928125 0.39921875 0.05 0.1015625
0 0.91875 0.221875 0.0625 0.1046875
0 0.35703125 0.03359375 0.05546875 0.06640625
0 0.0234375 0.478125 0.04609375 0.1140625
0 0.47578125 0.5578125 0.05234375 0.1
0 0.4234375 0.43515625 0.05859375 0.1109375
0 0.84140625 0.94296875 0.10390625 0.10703125
0 0.3109375 0.17890625 0.04375 0.078125
0 0.934375 0.63203125 0.0609375 0.109375
0 0.55234375 0.7078125 0.06328125 0.15
0 0.5015625 0.9390625 0.09296875 0.11484375
0 0.26484375 0.0734375 0.0421875 0.0765625
0 0.57421875 0.50703125 0.05078125 0.10078125
0 0.76953125 0.1625 0.0546875 0.103125
0 0.0609375 0.1734375 0.04140625 0.075
0 0.51875 0.37109375 0.0546875 0.10546875
0 0.6125 0.29453125 0.04453125 0.08203125
0 0.83828125 0.48046875 0.04921875 0.0984375
0 0.6265625 0.1046875 0.0421875 0.07265625
0 0.75859375 0.340625 0.05625 0.06875