0 0.7109375 0.03984375 0.053125 0.0796875
0 0.50390625 0.0359375 0.04140625 0.071875
0 0.22421875 0.0640625 0.05703125 0.1
0 0.50234375 0.1859375 0.05234375 0.09921875
0 0.0546875 0.146875 0.0703125 0.10625
0 0.07265625 0.415625 0.06796875 0.121875
0 0.11796875 0.24765625 0.06484375 0.1140625
0 0.96484375 0.16015625 0.03984375 0.07109375
0 0.65390625 0.25546875 0.0453125 0.08046875
0 0.14375 0.1078125 0.05859375 0.103125
0 0.9453125 0.3796875 0.04296875 0.07734375
0 0.28203125 0.30625 0.07421875 0.13359375
0 0.09453125 0.03359375 0.05859375 0.0671875
0 0.209375 0.20859375 0.05546875 0.109375
0 0.21328125 0.7421875 0.07578125 0.14453125
0 0.3640625 0.125 0.065625 0.1015625
0 0.29296875 0.1703125 0.06328125 0.090625
0 0.715625 0.18828125 0.05234375 0.08984375
0 0.17265625 0.36171875 0.0671875 0.10859375
0 0.4390625 0.23515625 0.06328125 0.103125
0 0.35859375 0.26953125 0.06171875 0.10859375
0 0.43359375 0.08125 0.0453125 0.07890625
0 0.64765625 0.09140625 0.0421875 0.078125
0 0.58203125 0.29921875 0.06015625 0.11171875
0 0.42265625 0.8578125 0.0875 0.1484375
0 0.57890625 0.14375 0.04453125 0.07421875
0 0.91953125 0.203125 0.046875 0.0828125
0 0.32734375 0.65390625 0.06484375 0.1375
0 0.240625 0.4828125 0.06875 0.11875
0 0.77265625 0.5703125 0.06484375 0.1171875
0 0.61328125 0.6953125 0.07421875 0.12890625
0 0.92890625 0.03984375 0.04609375 0.06875
0 0.79765625 0.80390625 0.065625 0.13984375
0 0.03046875 0.6453125 0.06015625 0.1203125
0 0.51484375 0.34375 0.05625 0.1109375
0 0.303125 0.0359375 0.0546875 0.07109375
0 0.3421875 0.42890625 0.06015625 0.10546875
0 0.6921875 0.62265625 0.07890625 0.13671875
0 0.790625 0.1359375 0.05078125 0.07890625
0 0.9296875 0.66328125 0.0546875 0.1109375
0 0.43046875 0.3796875 0.0578125 0.10390625
0 0.52578125 0.7703125 0.0890625 0.1453125
0 0.88828125 0.0703125 0.04609375 0.06953125
0 0.86328125 0.73515625 0.07421875 0.12578125
0 0.02109375 0.30625 0.0421875 0.128125
0 0.884375 0.45 0.0484375 0.084375
0 0.8625 0.25078125 0.0375 0.0703125
0 0.74140625 0.37890625 0.06171875 0.103125
0 0.83984375 0.5078125 0.05390625 0.11015625
0 0.28671875 0.93515625 0.11953125 0.1296875
0 0.7984375 0.30390625 0.040625 0.08203125
0 0.596875 0.47421875 0.071875 0.11875
0 0.52109375 0.54453125 0.0734375 0.15859375
0 0.13125 0.571875 0.05859375 0.11875
0 0.42734375 0.58515625 0.0796875 0.14453125
0 0.9765625 0.59140625 0.0390625 0.115625
0 0.9625 0.915625 0.0546875 0.10234375
0 0.72578125 0.89453125 0.08671875 0.1609375
0 0.08046875 0.84765625 0.0671875 0.13046875
0 0.6765625 0.42578125 0.04765625 0.08828125