0 0.1921875 0.90859375 0.08359375 0.13125
0 0.17421875 0.77265625 0.0796875 0.121875
0 0.14921875 0.628125 0.0796875 0.1265625
0 0.13359375 0.5 0.07890625 0.109375
0 0.1296875 0.4 0.1015625 0.12421875
0 0.11328125 0.29375 0.0765625 0.0984375
0 0.11015625 0.2234375 0.075 0.10078125
0 0.0953125 0.16484375 0.0546875 0.08046875
0 0.0859375 0.0921875 0.05234375 0.0796875
0 0.084375 0.03828125 0.05390625 0.05859375
0 0.1625 0.02578125 0.05 0.05078125
0 0.178125 0.0609375 0.0671875 0.05390625
0 0.19140625 0.10859375 0.0578125 0.07421875
0 0.20703125 0.17578125 0.06328125 0.0859375
0 0.23046875 0.24921875 0.0640625 0.08828125
0 0.2453125 0.33203125 0.08828125 0.090625
0 0.265625 0.4359375 0.059375 0.10625
0 0.290625 0.55703125 0.08046875 0.10859375
0 0.3234375 0.6828125 0.0890625 0.1515625
0 0.353125 0.821875 0.08984375 0.1375
0 0.56015625 0.88984375 0.090625 0.15
0 0.49453125 0.7296875 0.07578125 0.1296875
0 0.4515625 0.6109375 0.08203125 0.1578125
0 0.425 0.4859375 0.075 0.1203125
0 0.384375 0.3796875 0.07578125 0.11875
0 0.3546875 0.28515625 0.08203125 0.0953125
0 0.33984375 0.21171875 0.06015625 0.08203125
0 0.31796875 0.14296875 0.0546875 0.0734375
0 0.2984375 0.0828125 0.04921875 0.084375
0 0.27734375 0.03046875 0.046875 0.0609375
0 0.3765625 0.04609375 0.053125 0.0828125
0 0.3984375 0.1015625 0.04921875 0.078125
0 0.4390625 0.1578125 0.0484375 0.08359375
0 0.46875 0.23828125 0.06640625 0.075
0 0.50703125 0.3296875 0.0625 0.1078125
0 0.53515625 0.4203125 0.0828125 0.11171875
0 0.590625 0.5234375 0.0859375 0.1265625
0 0.640625 0.64296875 0.08984375 0.1328125
0 0.6921875 0.77578125 0.1046875 0.15078125
0 0.91171875 0.8734375 0.09296875 0.15859375
0 0.82265625 0.69921875 0.10546875 0.1328125
0 0.76015625 0.5875 0.078125 0.14765625
0 0.7015625 0.4640625 0.0625 0.10546875
0 0.64609375 0.36953125 0.07109375 0.12109375
0 0.60703125 0.27578125 0.07109375 0.10625
0 0.56328125 0.1875 0.05234375 0.090625
0 0.52734375 0.11796875 0.06015625 0.07734375
0 0.496875 0.0453125 0.05859375 0.084375
0 0.57578125 0.0265625 0.05390625 0.053125
0 0.61484375 0.07265625 0.04375 0.08671875
0 0.653125 0.13203125 0.06171875 0.0890625
0 0.70078125 0.21953125 0.06796875 0.09765625
0 0.753125 0.315625 0.04453125 0.0796875
0 0.6984375 0.04296875 0.06328125 0.0671875
0 0.74453125 0.103125 0.07109375 0.09296875
0 0.77734375 0.1671875 0.07109375 0.10390625
0 0.81328125 0.05390625 0.0515625 0.084375
0 0.86171875 0.13515625 0.05234375 0.07421875
0 0.88515625 0.03515625 0.05 0.06953125
0 0.9296875 0.07890625 0.05625 0.09921875
0 0.97421875 0.15390625 0.04296875 0.10234375
0 0.915625 0.1859375 0.05234375 0.11484375
0 0.97265625 0.27421875 0.05234375 0.13046875
0 0.83203125 0.22890625 0.06875 0.10078125
0 0.80078125 0.3890625 0.0671875 0.1203125
0 0.8921875 0.321875 0.0671875 0.1125
0 0.9578125 0.40703125 0.0609375 0.14375
0 0.8703125 0.4796875 0.05546875 0.12578125
0 0.9453125 0.609375 0.096875 0.16796875