0 0.4609375 0.06015625 0.0515625 0.0796875
0 0.6921875 0.0671875 0.06484375 0.11328125
0 0.88984375 0.2109375 0.065625 0.1046875
0 0.834375 0.12265625 0.05390625 0.10703125
0 0.1015625 0.1078125 0.07265625 0.10234375
0 0.64765625 0.19609375 0.05 0.09140625
0 0.60078125 0.10234375 0.05703125 0.0953125
0 0.90078125 0.08046875 0.05078125 0.103125
0 0.22109375 0.05546875 0.0625 0.08203125
0 0.75234375 0.14609375 0.06484375 0.1109375
0 0.96640625 0.16953125 0.06015625 0.1078125
0 0.8 0.24453125 0.0671875 0.11328125
0 0.77734375 0.0453125 0.0578125 0.090625
0 0.34765625 0.51328125 0.0796875 0.1203125
0 0.56015625 0.0328125 0.05703125 0.065625
0 0.1234375 0.2171875 0.07578125 0.096875
0 0.39140625 0.209375 0.04453125 0.07578125
0 0.1640625 0.45 0.09296875 0.13203125
0 0.503125 0.14296875 0.0546875 0.1015625
0 0.24296875 0.14609375 0.06640625 0.08359375
0 0.13828125 0.3203125 0.078125 0.12890625
0 0.85625 0.34140625 0.06875 0.13046875
0 0.475 0.4375 0.07265625 0.1234375
0 0.26484375 0.25 0.07734375 0.10703125
0 0.75390625 0.4078125 0.0703125 0.13515625
0 0.1984375 0.61640625 0.0796875 0.146875
0 0.95234375 0.30078125 0.06953125 0.1171875
0 0.08203125 0.028125 0.05546875 0.05625
0 0.975 0.92578125 0.05 0.1484375
0 0.81796875 0.54765625 0.07421875 0.12265625
0 0.97890625 0.05546875 0.0421875 0.0921875
0 0.70078125 0.29609375 0.0578125 0.09921875
0 0.521875 0.56953125 0.07265625 0.11328125
0 0.06484375 0.9046875 0.07421875 0.15859375
0 0.378125 0.678125 0.07265625 0.12578125
0 0.54921875 0.23359375 0.04609375 0.090625
0 0.42890625 0.3140625 0.05703125 0.0921875
0 0.35078125 0.0984375 0.06328125 0.090625
0 0.9234375 0.47578125 0.0703125 0.1109375
0 0.5921875 0.3578125 0.065625 0.11015625
0 0.2671875 0.9546875 0.07421875 0.08359375
0 0.5765625 0.7390625 0.08046875 0.11875
0 0.89375 0.71328125 0.0625 0.1359375
0 0.77734375 0.821875 0.07109375 0.14140625
0 0.30078125 0.37421875 0.0765625 0.10703125
0 0.2296875 0.78671875 0.075 0.1140625
0 0.04453125 0.6953125 0.08359375 0.11015625
0 0.0234375 0.55 0.046875 0.1109375
0 0.63515625 0.9375 0.06640625 0.11796875
0 0.709375 0.6328125 0.07578125 0.12265625
0 0.434375 0.86171875 0.07265625 0.13203125
0 0.64453125 0.49296875 0.06328125 0.1171875