0 0.7984375 0.8390625 0.1734375 0.32109375
0 0.878125 0.5234375 0.14375 0.30390625
0 0.92734375 0.28203125 0.1015625 0.19296875
0 0.69140625 0.3171875 0.08515625 0.1609375
0 0.75625 0.21484375 0.13125 0.17265625
0 0.63203125 0.15859375 0.07734375 0.16953125
0 0.5125 0.2546875 0.06875 0.19140625
0 0.44765625 0.1703125 0.07734375 0.17734375
0 0.603125 0.49765625 0.10703125 0.25
0 0.3984375 0.70390625 0.13203125 0.2546875
0 0.365625 0.4 0.1328125 0.25
0 0.2546875 0.20703125 0.12734375 0.2546875
0 0.1546875 0.396875 0.084375 0.16171875
0 0.0953125 0.62265625 0.08671875 0.20234375
0 0.14765625 0.1515625 0.103125 0.2125
0 0.04296875 0.2625 0.08515625 0.24765625