0 0.0296875 0.0453125 0.04921875 0.06953125
0 0.75390625 0.06953125 0.05234375 0.090625
0 0.15546875 0.0671875 0.05546875 0.078125
0 0.39296875 0.03359375 0.05234375 0.06640625
0 0.615625 0.04140625 0.040625 0.0828125
0 0.5125 0.3609375 0.06328125 0.09296875
0 0.525 0.084375 0.04609375 0.0765625
0 0.66171875 0.12890625 0.04609375 0.0875
0 0.56015625 0.49609375 0.065625 0.121875
0 0.35234375 0.315625 0.075 0.1078125
0 0.29765625 0.6828125 0.0703125 0.1171875
0 0.3203125 0.21328125 0.06015625 0.08984375
0 0.71328125 0.23046875 0.053125 0.09375
0 0.89140625 0.11015625 0.05625 0.11640625
0 0.19921875 0.27578125 0.07109375 0.0953125
0 0.2296875 0.39375 0.0828125 0.12578125
0 0.46953125 0.24453125 0.0578125 0.08203125
0 0.43359375 0.57578125 0.06953125 0.109375
0 0.76484375 0.34921875 0.06171875 0.1015625
0 0.04296875 0.1359375 0.05703125 0.09140625
0 0.61328125 0.29375 0.0515625 0.084375
0 0.33125 0.84296875 0.0875 0.1515625
0 0.834375 0.03203125 0.05390625 0.0640625
0 0.3921875 0.434375 0.06875 0.11171875
0 0.8625 0.28828125 0.0671875 0.11328125
0 0.71796875 0.5640625 0.06015625 0.1078125
0 0.95 0.22890625 0.0734375 0.1203125
0 0.671875 0.8046875 0.06875 0.14453125
0 0.05859375 0.24375 0.0640625 0.0875
0 0.178125 0.16875 0.0734375 0.10703125
0 0.2828125 0.103125 0.05625 0.0921875
0 0.74375 0.95 0.0734375 0.09296875
0 0.578125 0.1875 0.04921875 0.075
0 0.6109375 0.640625 0.08203125 0.11953125
0 0.85859375 0.909375 0.06875 0.14765625
0 0.48203125 0.740625 0.07265625 0.1375
0 0.66875 0.409375 0.05546875 0.09765625
0 0.82109375 0.47265625 0.06484375 0.10390625
0 0.91953125 0.40078125 0.06328125 0.1
0 0.8046875 0.7203125 0.06484375 0.13828125
0 0.07265625 0.35390625 0.0703125 0.11015625
0 0.11328125 0.61953125 0.065625 0.1109375
0 0.42109375 0.14140625 0.0546875 0.0890625
0 0.1453125 0.78359375 0.07578125 0.11171875
0 0.88828125 0.64375 0.06328125 0.12890625
0 0.2609375 0.540625 0.071875 0.1
0 0.80546875 0.1625 0.0546875 0.0953125
0 0.975 0.8390625 0.05 0.1640625
0 0.53046875 0.915625 0.0703125 0.128125
0 0.11015625 0.4734375 0.06953125 0.1125