0 0.10078125 0.415625 0.0578125 0.0953125
0 0.328125 0.115625 0.0484375 0.08125
0 0.49140625 0.18046875 0.046875 0.07578125
0 0.2109375 0.18359375 0.06484375 0.0859375
0 0.23984375 0.3359375 0.06640625 0.1015625
0 0.94765625 0.0625 0.05859375 0.0953125
0 0.35859375 0.2515625 0.05390625 0.08984375
0 0.07109375 0.259375 0.06015625 0.0890625
0 0.44453125 0.0546875 0.05625 0.0828125
0 0.88671875 0.46640625 0.04296875 0.08359375
0 0.40703125 0.42421875 0.0671875 0.10078125
0 0.04609375 0.1234375 0.05625 0.0859375
0 0.3734375 0.88671875 0.05390625 0.10390625
0 0.17265625 0.04609375 0.06328125 0.0890625
0 0.65625 0.25546875 0.05703125 0.11171875
0 0.128125 0.58984375 0.05703125 0.103125
0 0.31328125 0.69609375 0.0609375 0.09765625
0 0.9265625 0.946875 0.0875 0.1
0 0.7046875 0.05390625 0.06171875 0.1078125
0 0.75859375 0.17890625 0.0609375 0.109375
0 0.59609375 0.49140625 0.0578125 0.11640625
0 0.6078125 0.12421875 0.05703125 0.09140625
0 0.86171875 0.12265625 0.059375 0.10390625
0 0.53828125 0.334375 0.0625 0.11640625
0 0.1765625 0.78359375 0.05703125 0.12578125
0 0.815625 0.32109375 0.0640625 0.1109375
0 0.70625 0.4 0.0578125 0.103125
0 0.65859375 0.67734375 0.0671875 0.1484375
0 0.453125 0.5890625 0.06171875 0.125
0 0.27890625 0.49921875 0.06015625 0.1109375
0 0.5109375 0.778125 0.0546875 0.11484375
0 0.8546875 0.74375 0.06875 0.14453125
0 0.77265625 0.578125 0.06015625 0.1390625
0 0.91953125 0.25 0.05234375 0.09140625
0 0.7265625 0.884375 0.065625 0.12421875
0 0.971875 0.65234375 0.05625 0.10078125