0 0.93125 0.72734375 0.05859375 0.1109375
0 0.82578125 0.8 0.0859375 0.12734375
0 0.690625 0.9140625 0.07890625 0.13828125
0 0.93828125 0.465625 0.059375 0.09453125
0 0.85703125 0.53203125 0.05859375 0.08984375
0 0.740625 0.6171875 0.065625 0.13203125
0 0.61015625 0.72109375 0.08515625 0.1203125
0 0.45625 0.846875 0.09453125 0.153125
0 0.28984375 0.94453125 0.1109375 0.1109375
0 0.97109375 0.26484375 0.05234375 0.09140625
0 0.87890625 0.31875 0.05546875 0.0796875
0 0.78515625 0.3890625 0.07265625 0.11171875
0 0.68359375 0.4546875 0.059375 0.09765625
0 0.55078125 0.54921875 0.09375 0.11640625
0 0.39453125 0.6453125 0.0765625 0.13125
0 0.23828125 0.7546875 0.0875 0.14140625
0 0.078125 0.86640625 0.1 0.16640625
0 0.98046875 0.0984375 0.0390625 0.08828125
0 0.90390625 0.13828125 0.04609375 0.0875
0 0.828125 0.1890625 0.06875 0.103125
0 0.72734375 0.25625 0.06796875 0.09140625
0 0.6125 0.3203125 0.05234375 0.08671875
0 0.4875 0.38984375 0.0875 0.13046875
0 0.353125 0.48828125 0.075 0.12578125
0 0.20390625 0.57734375 0.08359375 0.11953125
0 0.04609375 0.68671875 0.0921875 0.1734375
0 0.175 0.4328125 0.06953125 0.09609375
0 0.309375 0.33984375 0.084375 0.11328125
0 0.44140625 0.27734375 0.04765625 0.09453125
0 0.5625 0.20859375 0.06484375 0.09453125
0 0.66953125 0.1484375 0.04453125 0.07734375
0 0.77109375 0.11015625 0.053125 0.078125
0 0.8484375 0.05703125 0.06171875 0.0828125
0 0.62421875 0.05234375 0.0765625 0.1046875
0 0.51640625 0.0984375 0.05625 0.11484375
0 0.403125 0.159375 0.0734375 0.1078125
0 0.36015625 0.0703125 0.05390625 0.11015625
0 0.275 0.23671875 0.0671875 0.1421875
0 0.13828125 0.30078125 0.059375 0.1125
0 0.1171875 0.1921875 0.06484375 0.1171875
0 0.0984375 0.09453125 0.06640625 0.10625
0 0.21328125 0.03515625 0.07265625 0.0703125
0 0.24140625 0.1203125 0.06171875 0.0859375