0 0.8078125 0.4453125 0.0859375 0.2234375
0 0.71328125 0.29296875 0.1125 0.19765625
0 0.8640625 0.815625 0.17890625 0.2921875
0 0.67578125 0.5234375 0.12734375 0.24609375
0 0.5703125 0.35703125 0.1046875 0.1515625
0 0.46875 0.20625 0.078125 0.16484375
0 0.49921875 0.62109375 0.15625 0.24765625
0 0.4078125 0.40703125 0.1453125 0.21953125
0 0.32734375 0.2546875 0.109375 0.19765625
0 0.23984375 0.06171875 0.071875 0.1234375
0 0.27578125 0.15234375 0.0859375 0.1265625
0 0.2734375 0.7640625 0.184375 0.24296875
0 0.2109375 0.5203125 0.13828125 0.19609375
0 0.16640625 0.32890625 0.1 0.13984375
0 0.146875 0.2 0.084375 0.16953125
0 0.10390625 0.0875 0.08125 0.1296875