0 0.1375 0.93359375 0.115625 0.1328125
0 0.07734375 0.78046875 0.06796875 0.14921875
0 0.02265625 0.3234375 0.04140625 0.1046875
0 0.06640625 0.4359375 0.0625 0.11484375
0 0.12890625 0.54609375 0.07578125 0.11953125
0 0.028125 0.12578125 0.046875 0.1015625
0 0.1109375 0.09375 0.05546875 0.103125
0 0.0859375 0.19296875 0.05546875 0.090625
0 0.13046875 0.27734375 0.0625 0.0875
0 0.1859375 0.3765625 0.0609375 0.10625
0 0.1671875 0.15546875 0.0484375 0.09921875
0 0.19921875 0.040625 0.046875 0.071875
0 0.27421875 0.03046875 0.0515625 0.0609375
0 0.25 0.115625 0.0515625 0.084375
0 0.31796875 0.08203125 0.06328125 0.084375
0 0.39609375 0.0484375 0.04140625 0.07734375
0 0.4671875 0.02890625 0.0484375 0.05703125
0 0.45234375 0.10703125 0.06328125 0.09453125
0 0.38515625 0.1390625 0.07421875 0.096875
0 0.30859375 0.17578125 0.05859375 0.1109375
0 0.21484375 0.22109375 0.0546875 0.11171875
0 0.27578125 0.321875 0.065625 0.12421875
0 0.240625 0.46953125 0.06953125 0.12890625
0 0.365625 0.24609375 0.0734375 0.12109375
0 0.4515625 0.20078125 0.0484375 0.10390625
0 0.53203125 0.06875 0.0546875 0.0890625
0 0.59765625 0.046875 0.04453125 0.08046875
0 0.7265625 0.05234375 0.0578125 0.07734375
0 0.66796875 0.10078125 0.05546875 0.08203125
0 0.59765625 0.12578125 0.059375 0.08828125
0 0.52265625 0.159375 0.059375 0.09765625
0 0.34921875 0.39609375 0.08046875 0.14140625
0 0.44140625 0.334375 0.06796875 0.1234375
0 0.525 0.28515625 0.0609375 0.12109375
0 0.60859375 0.22890625 0.0640625 0.0921875
0 0.67109375 0.1875 0.0734375 0.115625
0 0.74296875 0.159375 0.0609375 0.09453125
0 0.8109375 0.1125 0.07421875 0.11015625
0 0.8625 0.05390625 0.059375 0.1078125
0 0.9546875 0.1171875 0.05390625 0.1015625
0 0.90546875 0.1640625 0.06796875 0.11640625
0 0.84140625 0.22109375 0.0734375 0.1078125
0 0.77109375 0.27109375 0.06875 0.1140625
0 0.70078125 0.32734375 0.06796875 0.1171875
0 0.6140625 0.37734375 0.0609375 0.11953125
0 0.52421875 0.425 0.0765625 0.13671875
0 0.4234375 0.51484375 0.0734375 0.128125
0 0.32265625 0.59921875 0.07890625 0.14296875
0 0.20546875 0.68515625 0.09296875 0.18515625
0 0.2890625 0.86015625 0.07421875 0.15859375
0 0.40078125 0.7453125 0.09296875 0.14921875
0 0.5296875 0.65625 0.08671875 0.1453125
0 0.625 0.55859375 0.07578125 0.13984375
0 0.7171875 0.48203125 0.071875 0.128125
0 0.7890625 0.428125 0.059375 0.12578125
0 0.85703125 0.3640625 0.07890625 0.12109375
0 0.92265625 0.315625 0.08984375 0.1296875
0 0.96953125 0.4828125 0.05625 0.13359375
0 0.90390625 0.559375 0.071875 0.128125
0 0.83125 0.6078125 0.075 0.12890625
0 0.7453125 0.70390625 0.08828125 0.13671875
0 0.6328125 0.80390625 0.09609375 0.159375
0 0.53046875 0.91953125 0.08203125 0.14140625
0 0.94765625 0.76328125 0.09765625 0.11953125
0 0.875 0.8890625 0.1109375 0.1640625