0 0.021875 0.56875 0.04375 0.12109375
0 0.0796875 0.72734375 0.06484375 0.14375
0 0.03203125 0.9328125 0.05546875 0.1203125
0 0.14921875 0.928125 0.0625 0.1390625
0 0.18671875 0.71953125 0.053125 0.16796875
0 0.11328125 0.553125 0.04140625 0.14375
0 0.146875 0.4078125 0.06171875 0.1234375
0 0.21484375 0.53203125 0.0578125 0.13203125
0 0.30078125 0.69453125 0.05859375 0.14609375
0 0.275 0.88359375 0.078125 0.13203125
0 0.4015625 0.8859375 0.05 0.1421875
0 0.41171875 0.6609375 0.06484375 0.17265625
0 0.5234375 0.66328125 0.0453125 0.140625
0 0.5359375 0.85234375 0.059375 0.14609375
0 0.64765625 0.83984375 0.06796875 0.1484375
0 0.77109375 0.8015625 0.046875 0.1703125
0 0.9109375 0.79140625 0.04296875 0.13671875
0 0.6296875 0.63125 0.0453125 0.10078125
0 0.5109375 0.48203125 0.0328125 0.10546875
0 0.6171875 0.4734375 0.0390625 0.09140625
0 0.71953125 0.45859375 0.0578125 0.13046875
0 0.7421875 0.603125 0.0515625 0.1078125
0 0.8546875 0.6046875 0.06015625 0.13046875
0 0.8140625 0.43125 0.04375 0.121875
0 0.96640625 0.57421875 0.046875 0.11640625
0 0.921875 0.41953125 0.05 0.14140625
0 0.4109375 0.49609375 0.0515625 0.128125
0 0.315625 0.515625 0.05234375 0.12421875
0 0.2375 0.390625 0.04609375 0.13203125
0 0.16328125 0.2921875 0.0546875 0.1328125
0 0.19140625 0.19609375 0.06015625 0.12734375
0 0.2125 0.0984375 0.03984375 0.08046875
0 0.23359375 0.0359375 0.0390625 0.071875
0 0.25546875 0.2765625 0.05546875 0.1046875
0 0.2671875 0.17578125 0.046875 0.1140625
0 0.2859375 0.09609375 0.028125 0.059375
0 0.290625 0.03828125 0.034375 0.0765625
0 0.35859375 0.07265625 0.04296875 0.084375
0 0.3515625 0.15859375 0.04921875 0.10390625
0 0.3421875 0.25234375 0.05546875 0.1140625
0 0.32890625 0.375 0.05390625 0.12109375
0 0.41484375 0.36640625 0.05703125 0.1328125
0 0.41796875 0.24375 0.05546875 0.11875
0 0.42421875 0.13359375 0.04609375 0.090625
0 0.42578125 0.053125 0.03984375 0.090625
0 0.50234375 0.05859375 0.04375 0.0765625
0 0.50234375 0.13515625 0.0421875 0.08125
0 0.50078125 0.228125 0.05 0.11484375
0 0.50546875 0.3484375 0.05625 0.09765625
0 0.59765625 0.3375 0.0546875 0.12578125
0 0.5859375 0.20625 0.053125 0.1078125
0 0.5765625 0.103125 0.0484375 0.096875
0 0.5703125 0.03984375 0.03515625 0.059375
0 0.6421875 0.02734375 0.0171875 0.05390625
0 0.653125 0.1 0.04609375 0.10703125
0 0.6765625 0.190625 0.04375 0.084375
0 0.68671875 0.309375 0.04765625 0.13671875
0 0.7828125 0.2921875 0.04296875 0.10625
0 0.75859375 0.17578125 0.05703125 0.12265625
0 0.73515625 0.0796875 0.04375 0.08984375
0 0.7171875 0.02578125 0.03515625 0.05078125
0 0.815625 0.065625 0.0515625 0.09140625
0 0.84453125 0.15 0.05390625 0.0828125
0 0.875 0.26640625 0.0796875 0.1484375
0 0.97109375 0.25 0.053125 0.13828125
0 0.93125 0.1421875 0.05078125 0.1125
0 0.896875 0.0546875 0.0375 0.09296875
0 0.97421875 0.0515625 0.05 0.096875