0 0.9640625 0.81484375 0.0421875 0.08984375
0 0.95234375 0.91171875 0.03671875 0.07890625
0 0.85546875 0.91796875 0.0484375 0.07421875
0 0.884375 0.82734375 0.0515625 0.08125
0 0.9203125 0.75 0.04296875 0.09296875
0 0.9421875 0.6640625 0.0375 0.08359375
0 0.9109375 0.61875 0.0359375 0.07734375
0 0.875 0.565625 0.0390625 0.0703125
0 0.8375 0.61640625 0.02890625 0.07265625
0 0.875 0.70078125 0.03984375 0.0609375
0 0.8515625 0.74765625 0.0328125 0.07109375
0 0.81328125 0.7140625 0.04140625 0.1078125
0 0.8171875 0.85390625 0.028125 0.08046875
0 0.77265625 0.79140625 0.0359375 0.096875
0 0.73359375 0.7171875 0.04609375 0.09453125
0 0.77734375 0.95703125 0.046875 0.0859375
0 0.73203125 0.88203125 0.04140625 0.11171875
0 0.69375 0.79921875 0.04453125 0.10390625
0 0.6484375 0.7375 0.04296875 0.09765625
0 0.690625 0.9609375 0.04453125 0.07734375
0 0.6453125 0.90390625 0.0515625 0.121875
0 0.6015625 0.8109375 0.04921875 0.103125
0 0.575 0.746875 0.04609375 0.0859375
0 0.5265625 0.69453125 0.04453125 0.08671875
0 0.59921875 0.96953125 0.04453125 0.0609375
0 0.55859375 0.90703125 0.05390625 0.08984375
0 0.49375 0.8078125 0.0734375 0.1171875
0 0.4484375 0.7171875 0.03671875 0.06484375
0 0.41328125 0.63359375 0.0421875 0.0484375
0 0.3609375 0.72421875 0.04609375 0.09140625
0 0.4078125 0.80546875 0.053125 0.1046875
0 0.48515625 0.91171875 0.0609375 0.08671875
0 0.38828125 0.9640625 0.0609375 0.07109375
0 0.3515625 0.8953125 0.05703125 0.09609375
0 0.334375 0.81328125 0.05234375 0.0953125
0 0.29375 0.73359375 0.03515625 0.09453125
0 0.28125 0.9046875 0.0578125 0.1140625
0 0.25 0.82109375 0.05859375 0.11015625
0 0.18671875 0.92890625 0.05390625 0.12890625
0 0.1515625 0.84921875 0.05625 0.1171875
0 0.11796875 0.7984375 0.046875 0.10234375
0 0.0859375 0.7109375 0.05078125 0.12734375
0 0.0328125 0.58828125 0.040625 0.0953125
0 0.05625 0.64765625 0.03671875 0.08359375
0 0.08515625 0.946875 0.065625 0.10625
0 0.053125 0.88125 0.06171875 0.096875
0 0.021875 0.80390625 0.0421875 0.10078125
0 0.01796875 0.49609375 0.0359375 0.07109375
0 0.01484375 0.38828125 0.0296875 0.06015625
0 0.04609375 0.4515625 0.053125 0.07890625
0 0.078125 0.51328125 0.0515625 0.0796875
0 0.10390625 0.565625 0.0421875 0.0609375
0 0.25625 0.68125 0.04765625 0.09765625
0 0.22109375 0.6171875 0.0390625 0.08671875
0 0.15546875 0.490625 0.0390625 0.08203125
0 0.20234375 0.75625 0.04921875 0.08125
0 0.14296875 0.63359375 0.04296875 0.07890625
0 0.18515625 0.56328125 0.03984375 0.0828125
0 0.13203125 0.41171875 0.03515625 0.08125
0 0.0953125 0.37109375 0.0390625 0.0703125
0 0.0734375 0.31640625 0.0359375 0.07734375
0 0.05 0.27890625 0.0296875 0.0671875
0 0.0296875 0.2421875 0.0265625 0.0578125
0 0.0109375 0.19921875 0.02109375 0.05859375
0 0.0125 0.084375 0.02421875 0.06796875
0 0.03046875 0.1234375 0.03984375 0.06640625
0 0.053125 0.1515625 0.02890625 0.0609375
0 0.06953125 0.17421875 0.02890625 0.05625
0 0.08828125 0.203125 0.04609375 0.05625
0 0.1125 0.2515625 0.0359375 0.0625
0 0.1359375 0.2984375 0.03671875 0.06640625
0 0.16484375 0.353125 0.03828125 0.07578125
0 0.19921875 0.40625 0.0421875 0.0765625
0 0.23125 0.48515625 0.04140625 0.059375
0 0.265625 0.5359375 0.0421875 0.06640625
0 0.3015625 0.58828125 0.0515625 0.0640625
0 0.3375 0.64609375 0.0421875 0.065625
0 0.3671875 0.57578125 0.0515625 0.06953125
0 0.33515625 0.51015625 0.04453125 0.06328125
0 0.3015625 0.4390625 0.04609375 0.06171875
0 0.26953125 0.390625 0.0375 0.08671875
0 0.23828125 0.33515625 0.04609375 0.08125
0 0.1875 0.2578125 0.03515625 0.08984375
0 0.1640625 0.190625 0.03828125 0.0640625
0 0.13046875 0.16015625 0.03203125 0.059375
0 0.1109375 0.10078125 0.0359375 0.04765625
0 0.06171875 0.0734375 0.03828125 0.0546875
0 0.23046875 0.16171875 0.04453125 0.06796875
0 0.4875 0.63515625 0.07109375 0.1
0 0.45234375 0.56171875 0.04453125 0.07421875
0 0.41953125 0.50703125 0.04453125 0.0796875
0 0.3859375 0.4453125 0.046875 0.071875
0 0.34921875 0.3703125 0.0296875 0.06640625
0 0.28671875 0.28125 0.040625 0.05703125
0 0.3 0.16640625 0.03046875 0.06953125
0 0.35625 0.16015625 0.04296875 0.059375
0 0.35859375 0.26953125 0.04375 0.06015625
0 0.39609375 0.2140625 0.03828125 0.06171875
0 0.4203125 0.17109375 0.04765625 0.078125
0 0.46015625 0.2125 0.04296875 0.0671875
0 0.38515625 0.33359375 0.04296875 0.06953125
0 0.42265625 0.28359375 0.0390625 0.07265625
0 0.47109375 0.31640625 0.0296875 0.05234375
0 0.4296875 0.3828125 0.03125 0.0765625
0 0.46328125 0.43125 0.0359375 0.06484375
0 0.4984375 0.49609375 0.03359375 0.0703125
0 0.53046875 0.54921875 0.04921875 0.084375
0 0.56953125 0.6125 0.0453125 0.08359375
0 0.61171875 0.646875 0.053125 0.07578125
0 0.6890625 0.6421875 0.05 0.07578125
0 0.64453125 0.58671875 0.04765625 0.0828125
0 0.603125 0.54453125 0.04140625 0.08046875
0 0.56640625 0.49296875 0.0453125 0.075
0 0.528125 0.42421875 0.03359375 0.0625
0 0.496875 0.3765625 0.03515625 0.07109375
0 0.5 0.26484375 0.04140625 0.05703125
0 0.52734375 0.31875 0.03671875 0.0703125
0 0.56015625 0.36484375 0.04140625 0.0609375
0 0.596875 0.421875 0.0421875 0.05078125
0 0.63515625 0.47578125 0.03984375 0.0546875
0 0.68359375 0.50546875 0.0375 0.05390625
0 0.72578125 0.56640625 0.0359375 0.06015625
0 0.67109375 0.41328125 0.0328125 0.05859375
0 0.70078125 0.365625 0.0328125 0.059375
0 0.665625 0.32265625 0.028125 0.053125
0 0.62421875 0.375 0.0328125 0.0546875
0 0.59375 0.32265625 0.03203125 0.065625
0 0.59609375 0.22734375 0.0296875 0.05859375
0 0.56328125 0.2703125 0.034375 0.07265625
0 0.53046875 0.2234375 0.03046875 0.06484375
0 0.4578125 0.125 0.03984375 0.06015625
0 0.521875 0.05234375 0.02578125 0.0421875
0 0.5625 0.17109375 0.02890625 0.04921875
0 0.61015625 0.10546875 0.0265625 0.05
0 0.58671875 0.14375 0.0359375 0.05078125
0 0.6265625 0.19453125 0.03984375 0.0578125
0 0.6375 0.2703125 0.02734375 0.053125
0 0.690625 0.28203125 0.0375 0.04296875
0 0.659375 0.22890625 0.028125 0.05546875
0 0.7296875 0.42734375 0.05078125 0.06171875
0 0.74921875 0.50078125 0.0578125 0.06796875
0 0.7625 0.64765625 0.05546875 0.065625
0 0.49765625 0.1734375 0.0515625 0.05703125
0 0.81796875 0.26953125 0.03671875 0.053125
0 0.79296875 0.19609375 0.025 0.05234375
0 0.76328125 0.17265625 0.02265625 0.0578125
0 0.73984375 0.22109375 0.028125 0.0453125
0 0.715625 0.24765625 0.02578125 0.0578125
0 0.75625 0.28984375 0.02890625 0.065625
0 0.79609375 0.365625 0.034375 0.059375
0 0.72734375 0.3375 0.02421875 0.075
0 0.76171875 0.41796875 0.0328125 0.06640625
0 0.7953125 0.46484375 0.02734375 0.06640625
0 0.79296875 0.55546875 0.0515625 0.06171875
0 0.82734375 0.50859375 0.04609375 0.0671875
0 0.82109375 0.41953125 0.03125 0.0734375
0 0.84921875 0.37109375 0.0375 0.059375
0 0.88359375 0.40703125 0.03828125 0.05390625
0 0.853125 0.453125 0.0359375 0.046875
0 0.9234375 0.4484375 0.034375 0.05703125
0 0.8890625 0.5 0.03671875 0.05625
0 0.9421875 0.56171875 0.0390625 0.040625
0 0.97578125 0.5984375 0.034375 0.04453125
0 0.95859375 0.49765625 0.03203125 0.0671875
0 0.94296875 0.4 0.03515625 0.046875
0 0.909375 0.36171875 0.0296875 0.0578125
0 0.91953125 0.146875 0.028125 0.06171875
0 0.9375 0.21015625 0.0328125 0.0625
0 0.7125 0.159375 0.03046875 0.0578125
0 0.72421875 0.1265625 0.02421875 0.04921875