0 0.90703125 0.734375 0.17265625 0.340625
0 0.709375 0.50546875 0.134375 0.25
0 0.57578125 0.315625 0.12265625 0.20546875
0 0.49296875 0.18359375 0.10546875 0.1890625
0 0.41953125 0.08046875 0.0671875 0.1609375
0 0.55546875 0.6453125 0.1421875 0.27890625
0 0.45390625 0.42578125 0.11796875 0.25234375
0 0.36328125 0.27890625 0.0953125 0.17734375
0 0.3140625 0.146875 0.08984375 0.1859375
0 0.13984375 0.08359375 0.09140625 0.15390625
0 0.178125 0.225 0.1125 0.17578125
0 0.22421875 0.39765625 0.14765625 0.1875
0 0.2875 0.5921875 0.12421875 0.22109375
0 0.36171875 0.82734375 0.17265625 0.29609375
0 0.0515625 0.7734375 0.103125 0.20859375