0 0.125 0.778125 0.0625 0.10234375
0 0.0765625 0.628125 0.0703125 0.12734375
0 0.05859375 0.47890625 0.0609375 0.1125
0 0.05390625 0.3515625 0.071875 0.0890625
0 0.03671875 0.24921875 0.05390625 0.08203125
0 0.025 0.15390625 0.05 0.0828125
0 0.103125 0.0265625 0.0515625 0.05234375
0 0.11171875 0.08203125 0.06015625 0.0921875
0 0.13515625 0.15859375 0.0640625 0.1046875
0 0.16015625 0.275 0.0703125 0.13203125
0 0.18671875 0.40234375 0.0828125 0.0921875
0 0.20078125 0.53359375 0.071875 0.128125
0 0.23984375 0.69765625 0.07109375 0.1203125
0 0.271875 0.88203125 0.07734375 0.1296875
0 0.365625 0.625 0.071875 0.1265625
0 0.31953125 0.46015625 0.06171875 0.1171875
0 0.30390625 0.3234375 0.06484375 0.103125
0 0.26640625 0.221875 0.06953125 0.13671875
0 0.23828125 0.1140625 0.0609375 0.1140625
0 0.2203125 0.03984375 0.065625 0.07890625
0 0.33984375 0.04921875 0.0546875 0.09765625
0 0.36953125 0.16796875 0.06484375 0.10859375
0 0.40859375 0.25546875 0.065625 0.1140625
0 0.44375 0.38359375 0.05859375 0.09609375
0 0.52578125 0.678125 0.06640625 0.11875
0 0.57265625 0.88828125 0.0734375 0.1203125
0 0.43984375 0.02890625 0.0671875 0.0578125
0 0.46328125 0.09609375 0.06171875 0.10546875
0 0.48984375 0.19921875 0.05625 0.11875
0 0.5375 0.309375 0.065625 0.1125
0 0.5875 0.4375 0.0578125 0.10546875
0 0.63359375 0.58671875 0.059375 0.1203125
0 0.675 0.75625 0.05546875 0.090625
0 0.73671875 0.93984375 0.07421875 0.11015625
0 0.8453125 0.83515625 0.05859375 0.12734375
0 0.93828125 0.7390625 0.05234375 0.109375
0 0.7953125 0.659375 0.05390625 0.1296875
0 0.88515625 0.5734375 0.05234375 0.1171875
0 0.75 0.4984375 0.0734375 0.13359375
0 0.7 0.33984375 0.04765625 0.1078125
0 0.64453125 0.23359375 0.05703125 0.10234375
0 0.59921875 0.1390625 0.0515625 0.103125
0 0.553125 0.03984375 0.04921875 0.07890625
0 0.6859375 0.0625 0.05859375 0.090625
0 0.73359375 0.18984375 0.06484375 0.1
0 0.78671875 0.29296875 0.0640625 0.09609375
0 0.83125 0.415625 0.04609375 0.0890625
0 0.9640625 0.47421875 0.07109375 0.13671875
0 0.8734375 0.20390625 0.04375 0.08203125
0 0.81796875 0.11875 0.05078125 0.10078125
0 0.771875 0.0328125 0.05625 0.065625
0 0.88515625 0.06015625 0.0453125 0.08671875
0 0.94375 0.1640625 0.05234375 0.08671875
0 0.9609375 0.0265625 0.05234375 0.05234375