0 0.3640625 0.10390625 0.0625 0.0921875
0 0.109375 0.06015625 0.05 0.0640625
0 0.7484375 0.121875 0.0515625 0.07890625
0 0.60859375 0.08125 0.06328125 0.09140625
0 0.125 0.1296875 0.05625 0.07421875
0 0.8390625 0.07109375 0.04921875 0.08515625
0 0.23046875 0.08203125 0.04921875 0.08671875
0 0.15625 0.30859375 0.08359375 0.121875
0 0.025 0.27265625 0.05 0.09140625
0 0.8984375 0.1609375 0.05234375 0.07890625
0 0.51328125 0.13359375 0.05859375 0.1015625
0 0.459375 0.053125 0.0671875 0.09140625
0 0.20546875 0.02890625 0.053125 0.0578125
0 0.0765625 0.8390625 0.08515625 0.1453125
0 0.590625 0.728125 0.08046875 0.12734375
0 0.703125 0.040625 0.05234375 0.08046875
0 0.340625 0.03203125 0.06640625 0.0640625
0 0.20625 0.5640625 0.07421875 0.1328125
0 0.390625 0.20546875 0.075 0.1234375
0 0.97890625 0.1234375 0.04140625 0.09140625
0 0.16796875 0.43671875 0.07109375 0.10078125
0 0.87265625 0.3109375 0.06171875 0.103125
0 0.7078125 0.28125 0.065625 0.1046875
0 0.134375 0.21796875 0.06484375 0.0828125
0 0.6609375 0.17421875 0.06171875 0.08828125
0 0.8078125 0.2171875 0.06875 0.0984375
0 0.91015625 0.0328125 0.0484375 0.065625
0 0.034375 0.50234375 0.06796875 0.1140625
0 0.25390625 0.159375 0.0625 0.0828125
0 0.71640625 0.628125 0.07578125 0.1375
0 0.93125 0.4421875 0.07421875 0.121875
0 0.578125 0.021875 0.05703125 0.04375
0 0.84453125 0.51875 0.07578125 0.12265625
0 0.96640625 0.2609375 0.06484375 0.1234375
0 0.2828125 0.259375 0.06484375 0.09375
0 0.603125 0.3296875 0.06796875 0.11875
0 0.7890625 0.81484375 0.071875 0.15078125
0 0.31796875 0.371875 0.065625 0.109375
0 0.778125 0.38984375 0.06640625 0.11640625
0 0.48125 0.43125 0.06328125 0.0859375
0 0.43046875 0.30625 0.0703125 0.1125
0 0.01796875 0.38359375 0.0359375 0.08515625
0 0.909375 0.6921875 0.07109375 0.13515625
0 0.346875 0.4953125 0.08046875 0.115625
0 0.45390625 0.834375 0.08828125 0.1734375
0 0.28203125 0.91171875 0.11171875 0.1703125
0 0.6515625 0.91171875 0.08125 0.16796875
0 0.23203125 0.75546875 0.09140625 0.14765625
0 0.5546875 0.2265625 0.05546875 0.096875
0 0.39296875 0.63984375 0.0828125 0.1453125
0 0.5328125 0.57421875 0.0828125 0.16640625
0 0.0421875 0.6546875 0.071875 0.121875
0 0.65625 0.465625 0.06640625 0.10703125