0 0.8875 0.05390625 0.06015625 0.0984375
0 0.14453125 0.14609375 0.0765625 0.07578125
0 0.3546875 0.3265625 0.09921875 0.11015625
0 0.12421875 0.03203125 0.06484375 0.0640625
0 0.65390625 0.084375 0.07265625 0.11171875
0 0.37421875 0.05703125 0.06796875 0.08359375
0 0.5171875 0.07734375 0.071875 0.11328125
0 0.86875 0.165625 0.06328125 0.12109375
0 0.65703125 0.2953125 0.06328125 0.10078125
0 0.80703125 0.10703125 0.06640625 0.12109375
0 0.059375 0.62890625 0.11015625 0.16015625
0 0.59296875 0.2171875 0.07109375 0.1078125
0 0.56015625 0.14140625 0.0625 0.10078125
0 0.3828125 0.4296875 0.0890625 0.12890625
0 0.4421875 0.1828125 0.0703125 0.0953125
0 0.70546875 0.153125 0.05703125 0.12265625
0 0.32109375 0.2453125 0.07890625 0.10078125
0 0.14921875 0.08515625 0.06875 0.0671875
0 0.02265625 0.06796875 0.0453125 0.0578125
0 0.08203125 0.79609375 0.1078125 0.17421875
0 0.76484375 0.23984375 0.06328125 0.11796875
0 0.95546875 0.12890625 0.065625 0.11171875
0 0.203125 0.39609375 0.0921875 0.1140625
0 0.53125 0.36640625 0.07578125 0.10390625
0 0.103125 0.95078125 0.10390625 0.09140625
0 0.5859375 0.47421875 0.08203125 0.11015625
0 0.25 0.04921875 0.06015625 0.071875
0 0.0453125 0.48984375 0.090625 0.14296875
0 0.47578125 0.27421875 0.0765625 0.10546875
0 0.0453125 0.3640625 0.090625 0.1125
0 0.8703125 0.696875 0.05625 0.0984375
0 0.94140625 0.2796875 0.06953125 0.10546875
0 0.16328125 0.2203125 0.08203125 0.0875
0 0.753125 0.04375 0.06953125 0.0875
0 0.2296875 0.52578125 0.09609375 0.1359375
0 0.41640625 0.1171875 0.06953125 0.0890625
0 0.703125 0.39453125 0.05546875 0.0984375
0 0.5640625 0.928125 0.08515625 0.1390625
0 0.03984375 0.19453125 0.075 0.078125
0 0.83125 0.33515625 0.0546875 0.0984375
0 0.65234375 0.62734375 0.084375 0.14453125
0 0.29765625 0.16015625 0.0890625 0.09296875
0 0.03125 0.12734375 0.0625 0.0765625
0 0.26875 0.1046875 0.0625 0.06953125
0 0.46953125 0.03203125 0.0453125 0.0640625
0 0.61484375 0.0390625 0.0609375 0.078125
0 0.91328125 0.45859375 0.06796875 0.11796875
0 0.0375 0.275 0.075 0.0953125
0 0.484375 0.72734375 0.07890625 0.1234375
0 0.1859375 0.303125 0.0796875 0.09453125
0 0.7421875 0.815625 0.06796875 0.1546875
0 0.790625 0.5390625 0.06484375 0.11484375
0 0.02734375 0.02265625 0.05390625 0.04453125
0 0.23046875 0.009375 0.05703125 0.01875
0 0.4359375 0.55859375 0.09453125 0.12109375
0 0.2796875 0.6875 0.0890625 0.12734375
0 0.31875 0.85703125 0.1 0.16015625