0 0.64765625 0.98046875 0.06796875 0.0390625
0 0.5890625 0.9265625 0.05390625 0.11875
0 0.540625 0.84453125 0.0515625 0.12109375
0 0.5046875 0.77109375 0.05703125 0.10546875
0 0.465625 0.7015625 0.04765625 0.09609375
0 0.43515625 0.640625 0.040625 0.10625
0 0.4015625 0.5921875 0.0390625 0.10078125
0 0.38046875 0.5375 0.0390625 0.08984375
0 0.34921875 0.50078125 0.03828125 0.10390625
0 0.3234375 0.4578125 0.03671875 0.08125
0 0.30390625 0.421875 0.02734375 0.07734375
0 0.28515625 0.38984375 0.02890625 0.05625
0 0.26875 0.365625 0.0296875 0.06328125
0 0.25234375 0.33125 0.028125 0.05859375
0 0.2375 0.30859375 0.0265625 0.06171875
0 0.22421875 0.2828125 0.025 0.0625
0 0.20859375 0.259375 0.0234375 0.06875
0 0.19375 0.23671875 0.02109375 0.0609375
0 0.1828125 0.21640625 0.0203125 0.05078125
0 0.175 0.20078125 0.01796875 0.0515625
0 0.165625 0.18203125 0.02421875 0.05
0 0.153125 0.1671875 0.01796875 0.04765625
0 0.1375 0.1421875 0.01796875 0.04765625
0 0.503125 0.9703125 0.05859375 0.059375
0 0.45625 0.91171875 0.04453125 0.12890625
0 0.41875 0.82734375 0.053125 0.103125
0 0.390625 0.75078125 0.05078125 0.09375
0 0.3609375 0.69140625 0.0390625 0.0890625
0 0.33125 0.64140625 0.04140625 0.1046875
0 0.29921875 0.58125 0.0359375 0.08046875
0 0.28359375 0.5234375 0.03984375 0.06953125
0 0.26015625 0.4859375 0.02890625 0.0765625
0 0.2421875 0.45234375 0.03125 0.0640625
0 0.2265625 0.4140625 0.02578125 0.059375
0 0.209375 0.3875 0.0296875 0.0734375
0 0.190625 0.35234375 0.0296875 0.05078125
0 0.17890625 0.325 0.0265625 0.04765625
0 0.14375 0.24921875 0.025 0.05078125
0 0.3734375 0.96171875 0.05625 0.0765625
0 0.32734375 0.8828125 0.04609375 0.109375
0 0.3 0.81015625 0.04609375 0.1
0 0.271875 0.7375 0.05078125 0.0953125
0 0.24765625 0.67578125 0.04375 0.10390625
0 0.22734375 0.621875 0.03984375 0.1
0 0.20546875 0.571875 0.03828125 0.1
0 0.1875 0.51328125 0.03984375 0.0796875
0 0.1703125 0.4734375 0.03515625 0.059375
0 0.15703125 0.43828125 0.03046875 0.06171875
0 0.14140625 0.40625 0.03046875 0.06484375
0 0.13046875 0.36640625 0.03046875 0.04921875
0 0.22421875 0.9578125 0.0578125 0.084375
0 0.1921875 0.88203125 0.04921875 0.10546875
0 0.075 0.959375 0.075 0.08046875
0 0.07109375 0.871875 0.0765625 0.11171875
0 0.17109375 0.796875 0.05703125 0.09296875
0 0.0578125 0.7828125 0.0625 0.08515625
0 0.1515625 0.71953125 0.05078125 0.078125
0 0.03984375 0.709375 0.0546875 0.07421875
0 0.13046875 0.66015625 0.04609375 0.0796875
0 0.03046875 0.65390625 0.04921875 0.06171875
0 0.11875 0.60078125 0.04453125 0.0578125
0 0.10625 0.55390625 0.040625 0.06015625
0 0.02265625 0.5921875 0.040625 0.06015625
0 0.01875 0.54375 0.0375 0.05
0 0.01171875 0.50234375 0.0234375 0.0515625
0 0.0953125 0.50390625 0.03359375 0.04765625
0 0.0796875 0.46171875 0.0375 0.04140625
0 0.72421875 0.9328125 0.06015625 0.1015625
0 0.665625 0.84921875 0.05625 0.1046875
0 0.61875 0.77421875 0.05234375 0.11875
0 0.575 0.70625 0.03984375 0.1
0 0.53515625 0.64296875 0.03671875 0.11484375
0 0.5046875 0.58984375 0.034375 0.07265625
0 0.465625 0.540625 0.03203125 0.075
0 0.43671875 0.5015625 0.03984375 0.08203125
0 0.41328125 0.4671875 0.02734375 0.0703125
0 0.39296875 0.4390625 0.02578125 0.07890625
0 0.3671875 0.396875 0.025 0.0640625
0 0.34609375 0.37109375 0.02421875 0.06640625
0 0.325 0.3375 0.02890625 0.06484375
0 0.309375 0.3125 0.02265625 0.06953125
0 0.29296875 0.28359375 0.02109375 0.06875
0 0.27578125 0.2640625 0.01796875 0.07265625
0 0.24921875 0.228125 0.0265625 0.05859375
0 0.20390625 0.1640625 0.025 0.053125
0 0.18359375 0.1390625 0.01484375 0.040625
0 0.7875 0.8734375 0.05 0.1
0 0.84296875 0.790625 0.0515625 0.11015625
0 0.89765625 0.73828125 0.046875 0.08515625
0 0.7328125 0.7796875 0.05703125 0.1015625
0 0.68515625 0.71640625 0.04453125 0.1015625
0 0.6390625 0.65625 0.0421875 0.08515625
0 0.6 0.60234375 0.03359375 0.096875
0 0.5640625 0.5578125 0.046875 0.0875
0 0.53203125 0.5109375 0.0421875 0.0734375
0 0.5 0.46953125 0.034375 0.08046875
0 0.4734375 0.43359375 0.03125 0.06875
0 0.44765625 0.403125 0.0265625 0.06875
0 0.42265625 0.371875 0.02734375 0.065625
0 0.40078125 0.3421875 0.03125 0.06484375
0 0.38359375 0.3140625 0.0265625 0.05625
0 0.36015625 0.290625 0.025 0.05703125
0 0.34453125 0.26171875 0.02421875 0.053125
0 0.32421875 0.240625 0.02890625 0.05390625
0 0.30546875 0.221875 0.01953125 0.0609375
0 0.2953125 0.2046875 0.025 0.05234375
0 0.27734375 0.184375 0.025 0.04375
0 0.25625 0.15625 0.025 0.0375
0 0.79296875 0.72421875 0.05 0.10390625
0 0.840625 0.67890625 0.04921875 0.07578125
0 0.88515625 0.63125 0.04609375 0.0796875
0 0.83984375 0.58515625 0.04921875 0.084375
0 0.79375 0.62109375 0.0359375 0.0875
0 0.74296875 0.65546875 0.046875 0.07734375
0 0.696875 0.60625 0.04296875 0.08203125
0 0.74296875 0.5734375 0.05 0.0796875
0 0.78984375 0.53515625 0.03515625 0.07734375
0 0.83671875 0.50234375 0.03046875 0.0734375
0 0.8875 0.54375 0.040625 0.07109375
0 0.93359375 0.5796875 0.04140625 0.07109375
0 0.653125 0.5578125 0.0421875 0.0875
0 0.70546875 0.525 0.0453125 0.078125
0 0.746875 0.48359375 0.04140625 0.06484375
0 0.7125 0.446875 0.0296875 0.07578125
0 0.6671875 0.47265625 0.03515625 0.06875
0 0.61796875 0.50703125 0.04140625 0.08359375
0 0.5796875 0.4703125 0.040625 0.07578125
0 0.63046875 0.44296875 0.03984375 0.065625
0 0.67734375 0.415625 0.034375 0.0625
0 0.6421875 0.38203125 0.0296875 0.05625
0 0.6015625 0.4015625 0.0296875 0.06484375
0 0.5546875 0.4265625 0.03828125 0.0671875
0 0.52578125 0.40234375 0.02890625 0.065625
0 0.56640625 0.37890625 0.025 0.06953125
0 0.5875 0.3203125 0.021875 0.05625
0 0.56015625 0.29921875 0.0234375 0.04765625
0 0.54375 0.34765625 0.025 0.04140625
0 0.53828125 0.2796875 0.02421875 0.04765625
0 0.515625 0.31796875 0.02421875 0.06015625
0 0.49921875 0.371875 0.025 0.05390625
0 0.47265625 0.3421875 0.02890625 0.0625
0 0.48984375 0.29296875 0.0234375 0.04296875
0 0.51484375 0.2546875 0.0203125 0.04453125
0 0.4921875 0.234375 0.0234375 0.05078125
0 0.4703125 0.278125 0.0234375 0.05
0 0.44765625 0.31640625 0.021875 0.05859375
0 0.42578125 0.29375 0.01796875 0.06015625
0 0.44765625 0.2515625 0.02734375 0.05625
0 0.4703125 0.21875 0.02109375 0.05
0 0.4546875 0.20390625 0.01796875 0.04921875
0 0.42890625 0.22265625 0.02421875 0.05625
0 0.40390625 0.265625 0.0203125 0.0671875
0 0.38359375 0.24765625 0.0234375 0.05703125
0 0.4078125 0.21171875 0.01953125 0.05390625
0 0.4375 0.18046875 0.02890625 0.04609375
0 0.4171875 0.1578125 0.02734375 0.04375
0 0.38984375 0.1390625 0.021875 0.04296875
0 0.37265625 0.121875 0.0171875 0.0390625
0 0.3578125 0.10859375 0.01328125 0.02734375
0 0.34296875 0.09609375 0.01640625 0.028125
0 0.33359375 0.08515625 0.01953125 0.0359375
0 0.3203125 0.07734375 0.01796875 0.03359375
0 0.39296875 0.19453125 0.02421875 0.04375
0 0.378125 0.17265625 0.0234375 0.04921875
0 0.36953125 0.22578125 0.02265625 0.04375
0 0.35546875 0.21015625 0.01640625 0.04921875
0 0.33671875 0.18828125 0.0265625 0.0375
0 0.3609375 0.15859375 0.01796875 0.03671875
0 0.6171875 0.3421875 0.0296875 0.05078125
0 0.7921875 0.45703125 0.0359375 0.05859375
0 0.75703125 0.41953125 0.028125 0.053125
0 0.7203125 0.38359375 0.03203125 0.0515625
0 0.6875 0.35390625 0.03125 0.0609375
0 0.65625 0.325 0.03125 0.05390625
0 0.62734375 0.2921875 0.028125 0.0421875
0 0.60078125 0.2734375 0.02265625 0.0484375
0 0.57734375 0.25390625 0.0234375 0.046875
0 0.553125 0.23671875 0.021875 0.053125
0 0.53125 0.21875 0.0203125 0.0515625
0 0.51015625 0.203125 0.02578125 0.0484375
0 0.5453125 0.18515625 0.02578125 0.0375
0 0.56796875 0.20390625 0.0203125 0.04375
0 0.5890625 0.2203125 0.02578125 0.04296875
0 0.61171875 0.2390625 0.02890625 0.04453125
0 0.63984375 0.253125 0.0328125 0.0484375
0 0.66484375 0.27734375 0.0328125 0.053125
0 0.69453125 0.29921875 0.03125 0.04921875
0 0.72421875 0.3265625 0.0296875 0.04609375
0 0.75859375 0.35625 0.03046875 0.053125
0 0.7921875 0.3875 0.0375 0.0609375
0 0.8296875 0.4265625 0.0328125 0.05703125
0 0.8734375 0.46171875 0.03984375 0.06953125
0 0.91953125 0.50625 0.03515625 0.07421875
0 0.9703125 0.54296875 0.0390625 0.06640625
0 0.9875 0.5015625 0.025 0.05546875
0 0.984375 0.440625 0.03125 0.06171875
0 0.95234375 0.46953125 0.03515625 0.0609375
0 0.940625 0.41015625 0.034375 0.05546875
0 0.90859375 0.43984375 0.034375 0.07109375
0 0.9015625 0.37421875 0.02890625 0.05390625
0 0.86875 0.39765625 0.0359375 0.0609375
0 0.86484375 0.34296875 0.028125 0.0484375
0 0.83515625 0.36796875 0.0296875 0.0625
0 0.82734375 0.3140625 0.0296875 0.05546875
0 0.7953125 0.33359375 0.03046875 0.0578125
0 0.79453125 0.28515625 0.028125 0.046875
0 0.76328125 0.30625 0.02890625 0.05625
0 0.7625 0.26015625 0.02890625 0.0515625
0 0.73125 0.28046875 0.02890625 0.059375
0 0.73359375 0.23828125 0.02578125 0.03828125
0 0.70859375 0.21796875 0.028125 0.03828125
0 0.70078125 0.2609375 0.02578125 0.0421875
0 0.684375 0.2375 0.02265625 0.04375
0 0.66640625 0.22265625 0.01484375 0.034375
0 0.68046875 0.203125 0.02109375 0.03984375
0 0.65625 0.18671875 0.0265625 0.04140625
0 0.64609375 0.2171875 0.0171875 0.040625
0 0.62734375 0.20859375 0.01875 0.0421875
0 0.60390625 0.1890625 0.01796875 0.03984375
0 0.5796875 0.17265625 0.01796875 0.040625
0 0.61015625 0.159375 0.015625 0.03984375
0 0.63203125 0.16953125 0.01953125 0.04296875
0 0.97265625 0.38046875 0.0296875 0.0484375
0 0.96015625 0.33203125 0.02265625 0.04765625
0 0.990625 0.353125 0.01875 0.04375
0 0.98828125 0.31015625 0.0234375 0.04921875
0 0.99375 0.2625 0.0125 0.05078125
0 0.99140625 0.21796875 0.0171875 0.05
0 0.9828125 0.19140625 0.0171875 0.0359375
0 0.99140625 0.146875 0.0171875 0.04140625
0 0.9703125 0.1578125 0.0125 0.04140625
0 0.9640625 0.134375 0.0203125 0.05234375
0 0.98359375 0.11875 0.01328125 0.03125
0 0.98046875 0.09296875 0.01640625 0.0203125
0 0.96015625 0.09765625 0.0125 0.021875
0 0.94375 0.13125 0.01328125 0.03203125
0 0.9515625 0.165625 0.0171875 0.03203125
0 0.9578125 0.196875 0.0234375 0.02734375
0 0.96640625 0.228125 0.02265625 0.0375
0 0.97578125 0.26875 0.0265625 0.034375
0 0.9484375 0.290625 0.01875 0.040625
0 0.94375 0.2453125 0.02265625 0.04921875
0 0.9328125 0.2109375 0.015625 0.0359375
0 0.92421875 0.18203125 0.0171875 0.0359375
0 0.921875 0.15078125 0.01875 0.03515625
0 0.9140625 0.12421875 0.02265625 0.0375
0 0.91171875 0.09453125 0.01484375 0.02890625
0 0.93125 0.3515625 0.02421875 0.0515625
0 0.92265625 0.30234375 0.025 0.0546875
0 0.91875 0.2546875 0.01875 0.03671875
0 0.9125 0.2234375 0.01796875 0.03359375
0 0.90390625 0.18984375 0.02109375 0.0375
0 0.9015625 0.15859375 0.0234375 0.03515625
0 0.89609375 0.13125 0.0171875 0.034375
0 0.890625 0.109375 0.0203125 0.0265625
0 0.8859375 0.084375 0.0234375 0.021875
0 0.86484375 0.07890625 0.0171875 0.02265625
0 0.86640625 0.09765625 0.0171875 0.0203125
0 0.87109375 0.1171875 0.01796875 0.03046875
0 0.8703125 0.1421875 0.02265625 0.0328125
0 0.878125 0.16953125 0.02265625 0.02890625
0 0.88125 0.20234375 0.021875 0.0390625
0 0.8875 0.2359375 0.02421875 0.03671875
0 0.890625 0.27734375 0.025 0.04375
0 0.89140625 0.325 0.02578125 0.0546875
0 0.86171875 0.29765625 0.028125 0.046875
0 0.85546875 0.2515625 0.0234375 0.04453125
0 0.853125 0.21484375 0.021875 0.034375
0 0.85078125 0.1828125 0.02421875 0.0421875
0 0.8484375 0.1515625 0.02578125 0.0359375
0 0.84765625 0.12734375 0.0234375 0.028125
0 0.8453125 0.109375 0.021875 0.02734375
0 0.8234375 0.11484375 0.01640625 0.03046875
0 0.82578125 0.134375 0.02109375 0.03125
0 0.825 0.1625 0.02734375 0.0390625
0 0.82421875 0.19296875 0.02421875 0.0296875
0 0.8234375 0.2296875 0.0265625 0.04921875
0 0.83125 0.26484375 0.03125 0.03828125
0 0.79375 0.2453125 0.02734375 0.0375
0 0.79765625 0.2078125 0.025 0.03828125
0 0.79765625 0.18125 0.025 0.0375
0 0.79609375 0.1515625 0.02421875 0.03515625
0 0.79765625 0.1265625 0.0234375 0.028125
0 0.7984375 0.1015625 0.01875 0.021875
0 0.77578125 0.109375 0.02109375 0.028125
0 0.77265625 0.13359375 0.02421875 0.03125
0 0.771875 0.16015625 0.0234375 0.0234375
0 0.76953125 0.1890625 0.0203125 0.03515625
0 0.7671875 0.21796875 0.02421875 0.0390625
0 0.7390625 0.20859375 0.02578125 0.0359375
0 0.73984375 0.17421875 0.01875 0.0359375
0 0.746875 0.1546875 0.01953125 0.03828125
0 0.74609375 0.12578125 0.01875 0.0328125
0 0.75 0.10234375 0.01875 0.021875
0 0.7125 0.18359375 0.02265625 0.03046875
0 0.72421875 0.16171875 0.01953125 0.0375
0 0.71953125 0.134375 0.025 0.0328125
0 0.7265625 0.11171875 0.01796875 0.0296875
0 0.6875 0.1734375 0.01953125 0.0359375
0 0.69375 0.1453125 0.0203125 0.040625
0 0.70234375 0.12578125 0.015625 0.028125
0 0.70625 0.109375 0.0171875 0.04296875
0 0.7109375 0.0796875 0.015625 0.03515625
0 0.671875 0.06328125 0.01171875 0.03125
0 0.6859375 0.090625 0.01875 0.034375
0 0.6765625 0.11171875 0.01484375 0.03125
0 0.6734375 0.13515625 0.021875 0.034375
0 0.6640625 0.1578125 0.01796875 0.0296875
0 0.65859375 0.09453125 0.01875 0.02734375
0 0.65 0.1203125 0.01796875 0.0296875
0 0.64296875 0.14140625 0.01796875 0.02890625
0 0.61328125 0.096875 0.0171875 0.028125
0 0.59765625 0.08671875 0.01484375 0.02421875
0 0.63203125 0.109375 0.015625 0.0265625
0 0.64140625 0.0890625 0.01640625 0.03125
0 0.646875 0.07421875 0.01875 0.02421875
0 0.62890625 0.06171875 0.01328125 0.0234375
0 0.62109375 0.07890625 0.0140625 0.021875
0 0.4484375 0.03046875 0.01640625 0.02890625
0 0.4359375 0.040625 0.0203125 0.03125
0 0.4171875 0.0515625 0.0203125 0.02578125
0 0.36953125 0.075 0.01171875 0.02734375
0 0.35625 0.06796875 0.01796875 0.03203125
0 0.34765625 0.14921875 0.01640625 0.0375
0 0.33515625 0.13203125 0.01953125 0.03984375