0 0.94609375 0.86328125 0.10390625 0.16484375
0 0.96640625 0.465625 0.0671875 0.14609375
0 0.903125 0.55625 0.10078125 0.1546875
0 0.7921875 0.67265625 0.12578125 0.18203125
0 0.66796875 0.803125 0.103125 0.1515625
0 0.53984375 0.928125 0.10859375 0.14375
0 0.91796875 0.21875 0.08125 0.12265625
0 0.8296875 0.31953125 0.09296875 0.1546875
0 0.74765625 0.4328125 0.09765625 0.1375
0 0.64296875 0.528125 0.125 0.17265625
0 0.55 0.64140625 0.09921875 0.1625
0 0.41875 0.7359375 0.10234375 0.1546875
0 0.275 0.86484375 0.11484375 0.19296875
0 0.8859375 0.0546875 0.090625 0.109375
0 0.81171875 0.1125 0.08984375 0.1296875
0 0.72578125 0.2140625 0.0953125 0.13515625
0 0.63359375 0.30859375 0.09140625 0.1484375
0 0.5390625 0.40703125 0.10625 0.1546875
0 0.4265625 0.50703125 0.09765625 0.16015625
0 0.303125 0.575 0.1078125 0.1546875
0 0.18203125 0.68515625 0.1140625 0.19453125
0 0.6171875 0.0953125 0.07109375 0.1125
0 0.5265625 0.20625 0.07890625 0.1234375
0 0.4328125 0.2890625 0.0828125 0.13671875
0 0.32109375 0.39609375 0.06484375 0.1078125
0 0.20703125 0.46328125 0.09140625 0.171875
0 0.10078125 0.56796875 0.0828125 0.165625
0 0.4421875 0.09765625 0.0625 0.10390625
0 0.34375 0.1984375 0.06484375 0.11796875
0 0.246875 0.27890625 0.08671875 0.13203125
0 0.13515625 0.334375 0.08203125 0.140625
0 0.03203125 0.425 0.0640625 0.14609375
0 0.28125 0.1203125 0.06640625 0.115625
0 0.20234375 0.05546875 0.05625 0.08046875
0 0.184375 0.19921875 0.07421875 0.13046875
0 0.1234375 0.1125 0.071875 0.10859375
0 0.06875 0.05078125 0.06328125 0.1015625
0 0.07265625 0.2671875 0.08125 0.13515625
0 0.02578125 0.18125 0.0515625 0.121875
0 0.70546875 0.03515625 0.07734375 0.0703125
0 0.97890625 0.1359375 0.0421875 0.103125