0 0.07421875 0.85234375 0.09375 0.12578125
0 0.16015625 0.915625 0.07890625 0.11328125
0 0.26015625 0.90859375 0.0609375 0.11328125
0 0.19375 0.79921875 0.06875 0.08984375
0 0.09921875 0.71328125 0.08125 0.10546875
0 0.0203125 0.68984375 0.040625 0.1203125
0 0.03203125 0.5703125 0.0546875 0.109375
0 0.12421875 0.6125 0.06171875 0.13125
0 0.0453125 0.46015625 0.075 0.11171875
0 0.07734375 0.384375 0.07734375 0.103125
0 0.09453125 0.30234375 0.07109375 0.06796875
0 0.025 0.2828125 0.05 0.0921875
0 0.03125 0.20234375 0.0609375 0.05625
0 0.1015625 0.2265625 0.0515625 0.07265625
0 0.18125 0.27578125 0.05546875 0.0921875
0 0.16640625 0.33125 0.05 0.09140625
0 0.159375 0.425 0.0609375 0.10390625
0 0.1453125 0.51875 0.05859375 0.11875
0 0.1921875 0.19375 0.0625 0.0890625
0 0.1171875 0.165625 0.0609375 0.08515625
0 0.0484375 0.15 0.06015625 0.0796875
0 0.0625 0.08828125 0.0625 0.0609375
0 0.08671875 0.028125 0.04140625 0.05625
0 0.1453125 0.071875 0.05625 0.1
0 0.2203125 0.02734375 0.05625 0.0546875
0 0.21953125 0.09765625 0.06875 0.08203125
0 0.29375 0.05078125 0.0453125 0.0578125
0 0.3671875 0.0265625 0.0453125 0.053125
0 0.3640625 0.08515625 0.05078125 0.06484375
0 0.28828125 0.11484375 0.05625 0.05859375
0 0.36328125 0.13984375 0.05625 0.05078125
0 0.42890625 0.021875 0.053125 0.04296875
0 0.4375 0.06796875 0.05546875 0.0484375
0 0.44375 0.11640625 0.046875 0.04140625
0 0.4359375 0.1734375 0.071875 0.06484375
0 0.5046875 0.03828125 0.05234375 0.0484375
0 0.5140625 0.090625 0.04296875 0.05
0 0.5203125 0.1515625 0.05390625 0.0671875
0 0.521875 0.20625 0.07421875 0.06171875
0 0.5171875 0.2578125 0.05859375 0.07109375
0 0.26796875 0.2046875 0.04765625 0.078125
0 0.33671875 0.19140625 0.0671875 0.08125
0 0.42734375 0.23046875 0.05859375 0.05625
0 0.4265625 0.28984375 0.046875 0.0671875
0 0.3484375 0.25 0.06015625 0.04453125
0 0.2671875 0.2796875 0.046875 0.078125
0 0.2453125 0.3734375 0.08515625 0.08828125
0 0.24296875 0.46015625 0.07421875 0.0921875
0 0.2375 0.5546875 0.075 0.09296875
0 0.21953125 0.671875 0.06640625 0.10625
0 0.346875 0.3234375 0.0609375 0.08671875
0 0.35625 0.409375 0.0875 0.0828125
0 0.33359375 0.50546875 0.06953125 0.12734375
0 0.43046875 0.375 0.053125 0.08984375
0 0.5234375 0.3265625 0.06875 0.07109375
0 0.5140625 0.396875 0.0859375 0.1078125
0 0.571875 0.028125 0.04609375 0.0546875
0 0.5796875 0.08515625 0.05625 0.0640625
0 0.58515625 0.1328125 0.053125 0.06015625
0 0.58984375 0.18125 0.0609375 0.07578125
0 0.5109375 0.7203125 0.06875 0.10703125
0 0.415625 0.7734375 0.06484375 0.10859375
0 0.30546875 0.746875 0.05078125 0.1234375
0 0.52578125 0.52421875 0.06796875 0.0875
0 0.59453125 0.24375 0.05859375 0.06328125
0 0.5984375 0.3015625 0.0671875 0.0828125
0 0.609375 0.3703125 0.0703125 0.07578125
0 0.61484375 0.471875 0.08359375 0.10546875
0 0.61484375 0.56015625 0.05703125 0.09609375
0 0.61171875 0.65078125 0.08046875 0.10234375
0 0.740625 0.70859375 0.0984375 0.10625
0 0.7453125 0.61015625 0.10546875 0.096875
0 0.73203125 0.521875 0.08515625 0.1234375
0 0.7046875 0.43046875 0.06640625 0.0859375
0 0.68984375 0.3609375 0.078125 0.090625
0 0.68671875 0.29453125 0.059375 0.06875
0 0.675 0.246875 0.06015625 0.06796875
0 0.66953125 0.18046875 0.06484375 0.0703125
0 0.653125 0.12109375 0.05390625 0.0734375
0 0.63984375 0.0625 0.05 0.059375
0 0.690625 0.05859375 0.053125 0.05625
0 0.7078125 0.10703125 0.06015625 0.0515625
0 0.72265625 0.1625 0.05625 0.06796875
0 0.74375 0.2125 0.06484375 0.075
0 0.76171875 0.26796875 0.0671875 0.05703125
0 0.7734375 0.31796875 0.0828125 0.08046875
0 0.79765625 0.39140625 0.07109375 0.09140625
0 0.80390625 0.4765625 0.0765625 0.06953125
0 0.82421875 0.5640625 0.0625 0.0875
0 0.84609375 0.68671875 0.0890625 0.13828125
0 0.928125 0.65546875 0.07265625 0.1265625
0 0.91328125 0.53515625 0.06796875 0.09609375
0 0.9828125 0.49375 0.034375 0.103125
0 0.90625 0.87265625 0.07109375 0.10703125
0 0.9828125 0.85859375 0.034375 0.10546875
0 0.7390625 0.90625 0.06484375 0.11171875
0 0.821875 0.89140625 0.053125 0.090625
0 0.48125 0.9609375 0.0578125 0.07734375
0 0.52734375 0.85 0.06640625 0.06875
0 0.89609375 0.446875 0.0796875 0.103125
0 0.88671875 0.37578125 0.065625 0.0703125
0 0.97265625 0.41015625 0.05234375 0.065625
0 0.9609375 0.35 0.06953125 0.07734375
0 0.8609375 0.31875 0.0734375 0.075
0 0.79765625 0.19375 0.0546875 0.08359375
0 0.76328125 0.13984375 0.0515625 0.06484375
0 0.7609375 0.07734375 0.04609375 0.05078125
0 0.74921875 0.025 0.04296875 0.05
0 0.815625 0.02578125 0.04921875 0.0515625
0 0.8171875 0.0609375 0.05859375 0.0515625
0 0.83046875 0.1109375 0.0625 0.05546875
0 0.86328125 0.1671875 0.05078125 0.0546875
0 0.84140625 0.24609375 0.05390625 0.0484375
0 0.88671875 0.21484375 0.03984375 0.04296875
0 0.91484375 0.2765625 0.05703125 0.0796875
0 0.96328125 0.2578125 0.06015625 0.0796875
0 0.9390625 0.19296875 0.05078125 0.06640625
0 0.9203125 0.13984375 0.04921875 0.04921875
0 0.89453125 0.09296875 0.05234375 0.0625
0 0.87578125 0.03203125 0.04375 0.0640625