0 0.75390625 0.7640625 0.17890625 0.28515625
0 0.85234375 0.50234375 0.13828125 0.22109375
0 0.90078125 0.29375 0.11484375 0.19609375
0 0.93515625 0.1484375 0.07421875 0.14453125
0 0.79453125 0.08359375 0.08125 0.13828125
0 0.71796875 0.203125 0.1046875 0.1734375
0 0.634375 0.353125 0.103125 0.1671875
0 0.5125 0.58359375 0.1203125 0.2078125
0 0.6453125 0.05625 0.06796875 0.103125
0 0.559375 0.13203125 0.10078125 0.1234375
0 0.453125 0.27265625 0.1109375 0.153125
0 0.3109375 0.42734375 0.13203125 0.19453125
0 0.0625 0.69296875 0.125 0.27109375
0 0.425 0.08203125 0.07734375 0.11875
0 0.309375 0.1828125 0.09296875 0.140625
0 0.32734375 0.04453125 0.08671875 0.08828125
0 0.1953125 0.10390625 0.08359375 0.11953125
0 0.12265625 0.2984375 0.11171875 0.18046875
0 0.0953125 0.0625 0.0953125 0.125
0 0.02890625 0.209375 0.0578125 0.18984375