0 0.22890625 0.05234375 0.05546875 0.0953125
0 0.5875 0.11328125 0.0609375 0.0921875
0 0.87265625 0.0921875 0.0578125 0.109375
0 0.94140625 0.1734375 0.06484375 0.10234375
0 0.65859375 0.07265625 0.06015625 0.10234375
0 0.36484375 0.09453125 0.05078125 0.090625
0 0.79609375 0.1296875 0.06015625 0.10234375
0 0.4578125 0.05 0.06015625 0.1
0 0.5390625 0.03828125 0.05234375 0.07578125
0 0.51328125 0.13828125 0.06171875 0.10546875
0 0.64765625 0.1859375 0.06015625 0.10625
0 0.715625 0.153125 0.06171875 0.1109375
0 0.02265625 0.1296875 0.04453125 0.09296875
0 0.940625 0.0640625 0.05234375 0.08984375
0 0.125 0.10078125 0.04140625 0.07109375
0 0.09765625 0.3578125 0.07109375 0.121875
0 0.41875 0.1765625 0.05859375 0.0984375
0 0.1625 0.19375 0.0546875 0.090625
0 0.31875 0.234375 0.06640625 0.1078125
0 0.71171875 0.290625 0.0625 0.1234375
0 0.3171875 0.02734375 0.05859375 0.0546875
0 0.4640625 0.28125 0.0671875 0.13125
0 0.07265625 0.9546875 0.08359375 0.08359375
0 0.8078125 0.028125 0.059375 0.05625
0 0.21328125 0.29296875 0.06796875 0.11484375
0 0.25078125 0.409375 0.07421875 0.11953125
0 0.7359375 0.0484375 0.053125 0.0890625
0 0.8703125 0.22890625 0.0671875 0.10390625
0 0.55859375 0.2265625 0.065625 0.121875
0 0.53671875 0.390625 0.075 0.12578125
0 0.27109375 0.12265625 0.05078125 0.09375
0 0.4421875 0.92890625 0.0890625 0.14140625
0 0.6234375 0.3375 0.065625 0.11171875
0 0.7875 0.2546875 0.0609375 0.1125
0 0.1265625 0.50078125 0.0734375 0.1421875
0 0.7890625 0.634375 0.0671875 0.128125
0 0.59921875 0.54453125 0.0640625 0.125
0 0.78984375 0.4078125 0.06796875 0.11875
0 0.88203125 0.58828125 0.06484375 0.1359375
0 0.9515625 0.32265625 0.0734375 0.10546875
0 0.49140625 0.62734375 0.0625 0.121875
0 0.68671875 0.73359375 0.0796875 0.1359375
0 0.575 0.82578125 0.065625 0.140625
0 0.8796875 0.36328125 0.06953125 0.11015625
0 0.03359375 0.7828125 0.06640625 0.15234375
0 0.03828125 0.24296875 0.071875 0.1
0 0.9578125 0.49609375 0.0734375 0.13671875
0 0.696875 0.46875 0.065625 0.10625
0 0.23046875 0.859375 0.08359375 0.14140625
0 0.7796875 0.9328125 0.06953125 0.128125
0 0.175 0.659375 0.075 0.1203125
0 0.3109375 0.5671875 0.07734375 0.11484375
0 0.971875 0.73515625 0.05546875 0.16015625
0 0.38125 0.35390625 0.103125 0.11328125
0 0.434375 0.4671875 0.07265625 0.12265625
0 0.3625 0.73515625 0.071875 0.1171875