0 0.9578125 0.6328125 0.084375 0.15703125
0 0.8859375 0.75 0.11015625 0.134375
0 0.7484375 0.86171875 0.090625 0.171875
0 0.96171875 0.403125 0.075 0.1390625
0 0.96171875 0.2234375 0.06015625 0.1125
0 0.9359375 0.04921875 0.06640625 0.0984375
0 0.853125 0.13515625 0.08203125 0.103125
0 0.78203125 0.05625 0.0703125 0.103125
0 0.7734375 0.20234375 0.07578125 0.11484375
0 0.8671875 0.31171875 0.08515625 0.115625
0 0.86171875 0.47890625 0.11328125 0.15625
0 0.7640625 0.3953125 0.0875 0.11953125
0 0.67890625 0.275 0.0640625 0.1203125
0 0.6875 0.125 0.0640625 0.1109375
0 0.62109375 0.05625 0.059375 0.103125
0 0.5953125 0.17578125 0.071875 0.1046875
0 0.54453125 0.11796875 0.0609375 0.10390625
0 0.7453125 0.58359375 0.09609375 0.175
0 0.66015625 0.44140625 0.0796875 0.12734375
0 0.58125 0.33046875 0.08125 0.1328125
0 0.51328125 0.23671875 0.07890625 0.1234375
0 0.4515625 0.15703125 0.059375 0.10703125
0 0.396875 0.08671875 0.065625 0.096875
0 0.3515625 0.03828125 0.05546875 0.07578125
0 0.64375 0.6734375 0.10078125 0.16171875
0 0.546875 0.53671875 0.09375 0.14296875
0 0.4765625 0.41484375 0.0890625 0.1546875
0 0.41171875 0.3078125 0.08515625 0.1265625
0 0.3421875 0.2140625 0.06015625 0.1140625
0 0.30078125 0.13984375 0.05546875 0.09140625
0 0.2515625 0.06640625 0.0578125 0.0890625
0 0.490625 0.77578125 0.1171875 0.19453125
0 0.4171875 0.6421875 0.0859375 0.1765625
0 0.35 0.48984375 0.09921875 0.1609375
0 0.290625 0.37734375 0.0796875 0.11484375
0 0.1234375 0.04453125 0.0671875 0.08828125
0 0.353125 0.909375 0.1078125 0.18046875
0 0.26953125 0.7234375 0.07890625 0.1375
0 0.215625 0.58203125 0.09375 0.146875
0 0.165625 0.44765625 0.08515625 0.12109375
0 0.121875 0.3625 0.06640625 0.109375
0 0.0796875 0.25546875 0.0734375 0.1171875
0 0.0390625 0.17265625 0.06875 0.1109375
0 0.11484375 0.85859375 0.128125 0.20859375
0 0.06796875 0.66875 0.1125 0.20625