0 0.13515625 0.8625 0.15703125 0.275
0 0.2984375 0.8703125 0.15625 0.23046875
0 0.44375 0.6765625 0.134375 0.1625
0 0.58515625 0.65625 0.14921875 0.1515625
0 0.63046875 0.83125 0.128125 0.19765625
0 0.45859375 0.846875 0.15 0.184375
0 0.7390625 0.68046875 0.1265625 0.1515625
0 0.865625 0.646875 0.11953125 0.15546875
0 0.97109375 0.65234375 0.05703125 0.13671875
0 0.9234375 0.81640625 0.1203125 0.17890625
0 0.784375 0.8203125 0.1359375 0.1640625
0 0.83046875 0.9703125 0.14140625 0.05546875
0 0.9640625 0.96015625 0.059375 0.0796875
0 0.65078125 0.971875 0.1140625 0.05546875
0 0.0890625 0.57578125 0.12265625 0.146875
0 0.10625 0.43515625 0.10234375 0.128125
0 0.2328125 0.43984375 0.09453125 0.1234375
0 0.23984375 0.56015625 0.1 0.146875
0 0.3515625 0.54765625 0.10859375 0.13515625
0 0.46875 0.509375 0.09375 0.140625
0 0.5921875 0.4875 0.10546875 0.15625
0 0.7015625 0.47421875 0.121875 0.15703125
0 0.7984375 0.42734375 0.08046875 0.12578125
0 0.8953125 0.50234375 0.1109375 0.11171875
0 0.89453125 0.4 0.0875 0.11015625
0 0.82890625 0.296875 0.07265625 0.08359375
0 0.740625 0.325 0.0828125 0.10625
0 0.6515625 0.346875 0.0734375 0.10234375
0 0.56015625 0.359375 0.08359375 0.12734375
0 0.45625 0.38828125 0.09375 0.13046875
0 0.346875 0.4109375 0.08671875 0.11484375
0 0.1203125 0.3 0.0921875 0.0921875
0 0.33125 0.2890625 0.09609375 0.1140625
0 0.22890625 0.2953125 0.0765625 0.11171875
0 0.14453125 0.19765625 0.08359375 0.1015625
0 0.03125 0.2140625 0.06171875 0.103125
0 0.025 0.33203125 0.05 0.1140625
0 0.01484375 0.4625 0.02890625 0.11171875
0 0.04453125 0.11171875 0.08359375 0.08984375
0 0.05234375 0.04296875 0.07578125 0.0859375
0 0.15234375 0.03828125 0.0671875 0.0765625
0 0.14921875 0.1109375 0.0828125 0.11640625
0 0.25078125 0.196875 0.08203125 0.109375
0 0.23828125 0.10234375 0.0828125 0.09296875
0 0.2453125 0.034375 0.0734375 0.06875
0 0.3265625 0.04140625 0.07578125 0.08203125
0 0.3265625 0.09921875 0.0734375 0.0734375
0 0.34140625 0.17890625 0.07421875 0.10625
0 0.41015625 0.03125 0.06484375 0.0625
0 0.41484375 0.0953125 0.078125 0.07890625
0 0.42734375 0.17109375 0.0671875 0.08515625
0 0.43828125 0.2640625 0.08203125 0.09921875
0 0.53046875 0.26640625 0.0734375 0.07890625
0 0.51640625 0.17890625 0.07578125 0.10859375
0 0.496875 0.0828125 0.0671875 0.09375
0 0.48515625 0.03125 0.0828125 0.0625
0 0.553125 0.03203125 0.06484375 0.0640625
0 0.58046875 0.08984375 0.06796875 0.0890625
0 0.59765625 0.1609375 0.08359375 0.08984375
0 0.62578125 0.25234375 0.084375 0.109375
0 0.70703125 0.24375 0.0671875 0.11640625
0 0.68984375 0.1703125 0.07421875 0.12109375
0 0.65546875 0.090625 0.0640625 0.09765625
0 0.63125 0.0296875 0.06796875 0.059375
0 0.72109375 0.0828125 0.0609375 0.10078125
0 0.7375 0.1671875 0.05546875 0.053125
0 0.78046875 0.23125 0.0796875 0.090625