0 0.0265625 0.08203125 0.053125 0.1125
0 0.565625 0.0421875 0.065625 0.084375
0 0.84609375 0.0453125 0.0578125 0.090625
0 0.4859375 0.071875 0.059375 0.10625
0 0.76953125 0.0671875 0.05546875 0.08828125
0 0.70390625 0.0921875 0.05390625 0.1078125
0 0.62734375 0.12421875 0.059375 0.09609375
0 0.54765625 0.16796875 0.0640625 0.10859375
0 0.35703125 0.04375 0.06171875 0.08515625
0 0.303125 0.4921875 0.078125 0.12265625
0 0.12109375 0.04140625 0.06171875 0.08203125
0 0.77265625 0.19453125 0.06015625 0.096875
0 0.16953125 0.1234375 0.06875 0.10546875
0 0.76015625 0.834375 0.09375 0.1578125
0 0.9484375 0.921875 0.0875 0.15625
0 0.26640625 0.07265625 0.0640625 0.096875
0 0.20703125 0.23359375 0.06796875 0.10703125
0 0.3625 0.646875 0.0796875 0.15390625
0 0.053125 0.190625 0.07421875 0.12265625
0 0.91015625 0.02578125 0.06328125 0.0515625
0 0.31171875 0.17109375 0.06484375 0.10390625
0 0.9203125 0.26328125 0.0578125 0.11171875
0 0.09140625 0.30859375 0.0671875 0.0921875
0 0.84296875 0.15859375 0.059375 0.09375
0 0.46015625 0.22109375 0.0625 0.1046875
0 0.85 0.32734375 0.07109375 0.1078125
0 0.40390625 0.12578125 0.06328125 0.10078125
0 0.6640625 0.64375 0.0734375 0.12421875
0 0.23515625 0.7515625 0.07109375 0.16875
0 0.4125 0.41328125 0.05703125 0.10234375
0 0.13125 0.434375 0.0765625 0.1296875
0 0.91328125 0.121875 0.0546875 0.09765625
0 0.36015625 0.2796875 0.06953125 0.0984375
0 0.97890625 0.09609375 0.0421875 0.1046875
0 0.690625 0.228125 0.06171875 0.10390625
0 0.1703125 0.58515625 0.07109375 0.11796875
0 0.6078125 0.2859375 0.0609375 0.1203125
0 0.5875 0.484375 0.0671875 0.1125
0 0.68203125 0.415625 0.07890625 0.1234375
0 0.25390625 0.34609375 0.07109375 0.11796875
0 0.64921875 0.934375 0.09375 0.1265625
0 0.51953125 0.34296875 0.05703125 0.1046875
0 0.9265625 0.44296875 0.05390625 0.103125
0 0.303125 0.9359375 0.084375 0.125
0 0.64765625 0.025 0.05546875 0.04921875
0 0.771875 0.34609375 0.06796875 0.13203125
0 0.47734375 0.5546875 0.08125 0.121875
0 0.43828125 0.83828125 0.08671875 0.17734375
0 0.98203125 0.22734375 0.0359375 0.1015625
0 0.03828125 0.69375 0.06953125 0.15390625
0 0.84921875 0.51171875 0.053125 0.11015625
0 0.934375 0.659375 0.05078125 0.11171875
0 0.759375 0.56796875 0.05859375 0.08984375