0 0.840625 0.07890625 0.05390625 0.08828125
0 0.76171875 0.1234375 0.0609375 0.11875
0 0.6078125 0.071875 0.0671875 0.10078125
0 0.809375 0.2171875 0.0625 0.1171875
0 0.36015625 0.0703125 0.0625 0.09765625
0 0.91953125 0.0390625 0.05546875 0.078125
0 0.12109375 0.18203125 0.06328125 0.09765625
0 0.6640625 0.15703125 0.0734375 0.12421875
0 0.71328125 0.259375 0.0734375 0.1265625
0 0.89609375 0.1640625 0.06015625 0.10703125
0 0.70546875 0.03828125 0.06171875 0.07578125
0 0.25 0.115625 0.06796875 0.08515625
0 0.59375 0.678125 0.08515625 0.13828125
0 0.2203125 0.0375 0.059375 0.07109375
0 0.45703125 0.03359375 0.06328125 0.0671875
0 0.94375 0.44609375 0.07578125 0.15
0 0.2875 0.89921875 0.07265625 0.16328125
0 0.51484375 0.1171875 0.0671875 0.10625
0 0.17421875 0.39453125 0.0875 0.11484375
0 0.50859375 0.9546875 0.1109375 0.08359375
0 0.878125 0.3234375 0.05703125 0.121875
0 0.11015625 0.08828125 0.05078125 0.075
0 0.44296875 0.2578125 0.0671875 0.11640625
0 0.96640625 0.28203125 0.0671875 0.1140625
0 0.72109375 0.5734375 0.065625 0.13046875
0 0.840625 0.51015625 0.06796875 0.11328125
0 0.7765625 0.3765625 0.06796875 0.121875
0 0.4875 0.3734375 0.08203125 0.14375
0 0.4015625 0.60234375 0.075 0.15546875
0 0.903125 0.6515625 0.07265625 0.134375
0 0.03984375 0.475 0.0796875 0.1296875
0 0.078125 0.0375 0.053125 0.075
0 0.603125 0.3203125 0.0625 0.11640625
0 0.55234375 0.21796875 0.065625 0.11328125
0 0.14453125 0.27578125 0.07265625 0.1015625
0 0.4515625 0.78828125 0.07890625 0.14921875
0 0.30546875 0.33203125 0.08984375 0.1125
0 0.24375 0.6953125 0.07890625 0.1546875
0 0.02109375 0.34375 0.0421875 0.125
0 0.26953125 0.21796875 0.06640625 0.1015625
0 0.665625 0.43671875 0.0625 0.13046875
0 0.359375 0.453125 0.08125 0.13984375
0 0.871875 0.9453125 0.090625 0.109375
0 0.9765625 0.134375 0.04609375 0.12734375
0 0.5421875 0.509375 0.0703125 0.115625
0 0.39375 0.18203125 0.07421875 0.1171875
0 0.6640625 0.8375 0.08671875 0.12890625
0 0.05390625 0.63828125 0.08515625 0.146875
0 0.075 0.784375 0.10078125 0.14765625
0 0.77890625 0.7546875 0.05859375 0.13671875
0 0.2046875 0.54453125 0.08359375 0.109375