0 0.0578125 0.81640625 0.09453125 0.19921875
0 0.04765625 0.434375 0.0796875 0.15390625
0 0.1234375 0.55625 0.09296875 0.1734375
0 0.04765625 0.20234375 0.06328125 0.1375
0 0.08515625 0.08203125 0.05625 0.10546875
0 0.165625 0.0484375 0.05703125 0.09609375
0 0.1359375 0.1375 0.05625 0.1125
0 0.10234375 0.27265625 0.0578125 0.1203125
0 0.1984375 0.209375 0.06171875 0.14140625
0 0.22578125 0.096875 0.075 0.1140625
0 0.3046875 0.0578125 0.05546875 0.1109375
0 0.39296875 0.0328125 0.06484375 0.06484375
0 0.37421875 0.13125 0.05 0.08125
0 0.29296875 0.17734375 0.05703125 0.1
0 0.46171875 0.08828125 0.0625 0.10078125
0 0.5359375 0.04453125 0.0609375 0.0890625
0 0.628125 0.1203125 0.06328125 0.10625
0 0.54296875 0.1609375 0.05703125 0.09765625
0 0.4578125 0.20703125 0.0796875 0.11484375
0 0.3609375 0.25234375 0.078125 0.1578125
0 0.26953125 0.3125 0.07734375 0.134375
0 0.1625 0.36484375 0.06015625 0.128125
0 0.68359375 0.06640625 0.05546875 0.0796875
0 0.7546875 0.03671875 0.0671875 0.0734375
0 0.85703125 0.090625 0.06484375 0.1015625
0 0.7796875 0.13125 0.0625 0.0953125
0 0.7140625 0.19375 0.0546875 0.0890625
0 0.63515625 0.25625 0.06796875 0.13125
0 0.55078125 0.2921875 0.0875 0.14765625
0 0.44921875 0.35546875 0.06796875 0.15390625
0 0.36640625 0.4109375 0.08515625 0.12421875
0 0.24453125 0.48828125 0.09453125 0.1609375
0 0.95859375 0.16484375 0.0734375 0.12265625
0 0.88828125 0.2234375 0.06875 0.12734375
0 0.74375 0.35390625 0.078125 0.1328125
0 0.6578125 0.40546875 0.08359375 0.15234375
0 0.55546875 0.4578125 0.0734375 0.13828125
0 0.45703125 0.54140625 0.09140625 0.17890625
0 0.34296875 0.61953125 0.07421875 0.1375
0 0.21484375 0.7 0.10078125 0.20078125
0 0.31796875 0.8828125 0.10390625 0.17421875
0 0.44609375 0.77890625 0.1234375 0.15078125
0 0.56953125 0.6875 0.0859375 0.14765625
0 0.7046875 0.88125 0.11015625 0.1984375
0 0.81328125 0.79375 0.109375 0.18828125
0 0.89921875 0.6984375 0.09765625 0.18984375
0 0.96875 0.58828125 0.06171875 0.1640625
0 0.85625 0.48671875 0.08125 0.14375
0 0.771875 0.54609375 0.08984375 0.171875
0 0.6734375 0.6171875 0.096875 0.190625