0 0.975 0.63203125 0.05 0.1015625
0 0.9265625 0.7109375 0.040625 0.0921875
0 0.8640625 0.78359375 0.071875 0.078125
0 0.78203125 0.8859375 0.06171875 0.11640625
0 0.940625 0.43828125 0.04140625 0.09140625
0 0.88671875 0.49453125 0.05 0.08828125
0 0.83359375 0.55546875 0.059375 0.1015625
0 0.77109375 0.6078125 0.0421875 0.06875
0 0.596875 0.76875 0.0515625 0.12109375
0 0.51171875 0.8578125 0.06328125 0.1109375
0 0.94765625 0.234375 0.0515625 0.090625
0 0.81015625 0.34765625 0.0546875 0.0984375
0 0.74765625 0.38515625 0.04453125 0.07421875
0 0.6796875 0.44296875 0.04453125 0.07890625
0 0.60625 0.52421875 0.0359375 0.07421875
0 0.5140625 0.5859375 0.0578125 0.11171875
0 0.41875 0.65625 0.065625 0.11171875
0 0.334375 0.7359375 0.03984375 0.0765625
0 0.1984375 0.825 0.08125 0.14453125
0 0.078125 0.9171875 0.06484375 0.11875
0 0.834375 0.1671875 0.04375 0.0671875
0 0.771875 0.19453125 0.04375 0.07109375
0 0.72421875 0.22734375 0.046875 0.08828125
0 0.66953125 0.2609375 0.04375 0.07890625
0 0.58828125 0.309375 0.040625 0.0859375
0 0.509375 0.33984375 0.05078125 0.1
0 0.425 0.409375 0.06484375 0.1109375
0 0.33515625 0.46328125 0.0578125 0.0859375
0 0.25625 0.53671875 0.05625 0.090625
0 0.15703125 0.596875 0.0671875 0.1171875
0 0.02890625 0.70703125 0.0578125 0.13515625
0 0.75859375 0.065625 0.03125 0.075
0 0.70703125 0.08515625 0.0453125 0.0703125
0 0.6375 0.11171875 0.040625 0.0859375
0 0.5890625 0.13828125 0.05 0.0875
0 0.515625 0.1703125 0.0625 0.078125
0 0.4390625 0.22109375 0.05625 0.0859375
0 0.353125 0.26640625 0.05234375 0.0859375
0 0.259375 0.32421875 0.06015625 0.08203125
0 0.178125 0.378125 0.05078125 0.09140625
0 0.084375 0.44765625 0.06875 0.11015625
0 0.51328125 0.04453125 0.04296875 0.071875
0 0.43984375 0.06015625 0.06015625 0.0890625
0 0.3671875 0.09609375 0.04765625 0.07578125
0 0.2875 0.14453125 0.0578125 0.103125
0 0.1984375 0.18828125 0.05625 0.0765625
0 0.11640625 0.253125 0.05078125 0.08125
0 0.22421875 0.0421875 0.05390625 0.084375
0 0.146875 0.0859375 0.06640625 0.09296875
0 0.05546875 0.13828125 0.065625 0.10859375