0 0.22890625 0.7375 0.1265625 0.28984375
0 0.2046875 0.51328125 0.10703125 0.2953125
0 0.1640625 0.32265625 0.0890625 0.18828125
0 0.13515625 0.17890625 0.103125 0.15859375
0 0.115625 0.08359375 0.09453125 0.1671875
0 0.271875 0.15078125 0.06953125 0.13984375
0 0.32890625 0.25 0.06796875 0.17890625
0 0.39453125 0.42109375 0.09609375 0.2109375
0 0.484375 0.6265625 0.1125 0.28359375
0 0.58671875 0.896875 0.19609375 0.20625
0 0.8203125 0.7828125 0.121875 0.2234375
0 0.6640625 0.5234375 0.128125 0.28125
0 0.5625 0.3515625 0.08671875 0.2328125
0 0.47578125 0.20625 0.084375 0.1875
0 0.40859375 0.1109375 0.06328125 0.13984375
0 0.534375 0.0828125 0.0671875 0.1640625
0 0.6015625 0.16171875 0.05625 0.1359375
0 0.63828125 0.05390625 0.0640625 0.0953125
0 0.7234375 0.11796875 0.0609375 0.1125
0 0.8171875 0.0859375 0.0640625 0.13515625
0 0.71171875 0.25703125 0.109375 0.17890625
0 0.81875 0.2078125 0.08125 0.15703125
0 0.91953125 0.06171875 0.07578125 0.12265625
0 0.93125 0.17421875 0.06640625 0.12578125
0 0.81484375 0.43828125 0.1109375 0.2171875
0 0.94609375 0.36015625 0.0984375 0.20078125
0 0.9734375 0.6125 0.053125 0.25625
0 0.97734375 0.0703125 0.0453125 0.140625
0 0.73828125 0.0453125 0.0578125 0.08984375
0 0.36875 0.0515625 0.0640625 0.10234375
0 0.4734375 0.0578125 0.07421875 0.115625