0 0.86484375 0.77578125 0.11328125 0.18515625
0 0.91640625 0.54140625 0.09375 0.1453125
0 0.953125 0.33125 0.06953125 0.121875
0 0.96640625 0.18046875 0.0671875 0.11484375
0 0.91875 0.1078125 0.0625 0.0953125
0 0.8890625 0.23828125 0.071875 0.11953125
0 0.8234375 0.1546875 0.06953125 0.11484375
0 0.76953125 0.08828125 0.04921875 0.10859375
0 0.72890625 0.03828125 0.06015625 0.07578125
0 0.85234375 0.41171875 0.1046875 0.16015625
0 0.78359375 0.309375 0.0890625 0.1375
0 0.71796875 0.2125 0.0640625 0.1109375
0 0.67421875 0.1359375 0.05 0.09609375
0 0.62890625 0.06171875 0.05234375 0.09140625
0 0.7921875 0.63359375 0.08125 0.1515625
0 0.721875 0.49375 0.10234375 0.18125
0 0.66171875 0.3859375 0.07421875 0.10078125
0 0.49921875 0.04140625 0.06171875 0.08203125
0 0.73125 0.91640625 0.115625 0.1671875
0 0.6421875 0.7203125 0.07890625 0.15
0 0.49765625 0.83828125 0.12734375 0.159375
0 0.5875 0.57890625 0.08984375 0.15
0 0.53671875 0.446875 0.08671875 0.13125
0 0.4890625 0.3734375 0.0609375 0.11953125
0 0.45078125 0.25859375 0.0609375 0.1359375
0 0.4140625 0.16953125 0.0515625 0.09921875
0 0.38828125 0.09453125 0.04140625 0.08046875
0 0.353125 0.03125 0.05625 0.0625
0 0.4390625 0.66875 0.11796875 0.1703125
0 0.25703125 0.80859375 0.10390625 0.15234375
0 0.10234375 0.884375 0.11171875 0.13671875
0 0.384375 0.546875 0.096875 0.14765625
0 0.23828125 0.6390625 0.09453125 0.12578125
0 0.065625 0.70859375 0.096875 0.13828125
0 0.3515625 0.4203125 0.08125 0.15703125
0 0.20546875 0.49765625 0.10234375 0.134375
0 0.05859375 0.5390625 0.07578125 0.10546875
0 0.321875 0.3078125 0.08203125 0.13125
0 0.2984375 0.21171875 0.078125 0.11328125
0 0.265625 0.125 0.0609375 0.1109375
0 0.25 0.059375 0.05 0.078125
0 0.1859375 0.34765625 0.06015625 0.0984375
0 0.1671875 0.265625 0.0734375 0.1171875
0 0.1515625 0.190625 0.06875 0.103125
0 0.13671875 0.1109375 0.06484375 0.09140625
0 0.12578125 0.03984375 0.05 0.07890625
0 0.03671875 0.4265625 0.0734375 0.1046875
0 0.0390625 0.3140625 0.078125 0.1078125
0 0.03046875 0.21796875 0.06015625 0.09765625
0 0.028125 0.140625 0.05625 0.1