0 0.79375 0.746875 0.16171875 0.25234375
0 0.825 0.50625 0.1109375 0.1921875
0 0.88515625 0.3296875 0.12421875 0.2296875
0 0.88671875 0.1953125 0.0734375 0.1140625
0 0.9046875 0.1140625 0.10546875 0.146875
0 0.44765625 0.73359375 0.1734375 0.2890625
0 0.565625 0.5328125 0.1421875 0.2109375
0 0.64765625 0.378125 0.15078125 0.225
0 0.70546875 0.22578125 0.13359375 0.17890625
0 0.7375 0.12578125 0.109375 0.1578125
0 0.61875 0.07421875 0.096875 0.1484375
0 0.55625 0.14375 0.1328125 0.19765625
0 0.48203125 0.2578125 0.11015625 0.15859375
0 0.39921875 0.40078125 0.12421875 0.20390625
0 0.27265625 0.553125 0.121875 0.2484375
0 0.08984375 0.79140625 0.16015625 0.29140625
0 0.44453125 0.071875 0.08125 0.14375
0 0.37734375 0.18125 0.10390625 0.1703125
0 0.27421875 0.27890625 0.090625 0.16171875
0 0.146875 0.4140625 0.11953125 0.165625
0 0.2671875 0.0984375 0.07578125 0.1453125
0 0.1890625 0.06015625 0.08359375 0.1203125
0 0.08984375 0.11640625 0.07734375 0.14296875
0 0.18046875 0.2015625 0.10546875 0.16015625
0 0.05234375 0.28984375 0.10390625 0.15