0 0.87421875 0.65390625 0.125 0.16484375
0 0.71171875 0.74140625 0.16015625 0.1953125
0 0.5375 0.82265625 0.1625 0.234375
0 0.89609375 0.38984375 0.1203125 0.1484375
0 0.76875 0.459375 0.09921875 0.13515625
0 0.634375 0.540625 0.11328125 0.140625
0 0.471875 0.625 0.09453125 0.14765625
0 0.296875 0.71328125 0.12578125 0.16875
0 0.071875 0.78671875 0.14375 0.29375
0 0.9703125 0.1984375 0.059375 0.115625
0 0.88515625 0.234375 0.09375 0.11328125
0 0.7828125 0.26796875 0.10078125 0.13125
0 0.67890625 0.3109375 0.09296875 0.12578125
0 0.553125 0.36171875 0.103125 0.1453125
0 0.4125 0.43203125 0.0703125 0.1375
0 0.26015625 0.4984375 0.115625 0.1703125
0 0.05546875 0.55390625 0.1109375 0.1859375
0 0.9671875 0.11796875 0.0609375 0.07890625
0 0.96171875 0.03984375 0.05859375 0.0796875
0 0.89296875 0.04609375 0.0734375 0.090625
0 0.9015625 0.12890625 0.06640625 0.1
0 0.80625 0.15 0.078125 0.084375
0 0.82421875 0.05859375 0.071875 0.09921875
0 0.73984375 0.084375 0.0625 0.11875
0 0.72109375 0.18046875 0.07578125 0.121875
0 0.65390625 0.1 0.0640625 0.10078125
0 0.6859375 0.03828125 0.0515625 0.06328125
0 0.6015625 0.05390625 0.05 0.07421875
0 0.61796875 0.2140625 0.0796875 0.1140625
0 0.55546875 0.11875 0.05234375 0.10390625
0 0.52109375 0.06015625 0.06171875 0.0859375
0 0.496875 0.23984375 0.08515625 0.13203125
0 0.46484375 0.14453125 0.0734375 0.09453125
0 0.42578125 0.08203125 0.06015625 0.09765625
0 0.40234375 0.0296875 0.0546875 0.05859375
0 0.36875 0.29296875 0.08515625 0.13125
0 0.35390625 0.19453125 0.06484375 0.1078125
0 0.31640625 0.096875 0.07109375 0.1109375
0 0.23515625 0.33515625 0.08671875 0.1421875
0 0.22109375 0.21640625 0.0703125 0.10625
0 0.2203125 0.13046875 0.0640625 0.1
0 0.20859375 0.05625 0.05703125 0.0796875
0 0.06875 0.41640625 0.0875 0.13515625
0 0.0828125 0.2609375 0.05703125 0.11640625
0 0.084375 0.171875 0.05703125 0.09609375
0 0.08828125 0.08203125 0.0546875 0.09375