0 0.43671875 0.0484375 0.065625 0.09609375
0 0.57734375 0.1046875 0.05703125 0.103125
0 0.0890625 0.08828125 0.07578125 0.10546875
0 0.3453125 0.08671875 0.0609375 0.109375
0 0.4890625 0.13203125 0.0640625 0.10546875
0 0.20078125 0.04296875 0.06171875 0.0859375
0 0.64609375 0.19140625 0.071875 0.12421875
0 0.39921875 0.1890625 0.0625 0.115625
0 0.78984375 0.12890625 0.05625 0.09609375
0 0.25 0.12265625 0.07578125 0.12109375
0 0.7140625 0.159375 0.05859375 0.103125
0 0.1890625 0.28515625 0.0703125 0.13203125
0 0.65625 0.071875 0.06171875 0.08984375
0 0.85 0.090625 0.05546875 0.1046875
0 0.92890625 0.1921875 0.05703125 0.11015625
0 0.54921875 0.23359375 0.0671875 0.10625
0 0.784375 0.25234375 0.05703125 0.0984375
0 0.71953125 0.03671875 0.06328125 0.0734375
0 0.14140625 0.18125 0.0734375 0.11484375
0 0.7046875 0.2921875 0.05625 0.109375
0 0.86328125 0.2234375 0.05390625 0.096875
0 0.05703125 0.35859375 0.075 0.1359375
0 0.1046875 0.50546875 0.0765625 0.1296875
0 0.51796875 0.034375 0.06328125 0.06875
0 0.58671875 0.5609375 0.08125 0.13515625
0 0.9609375 0.53203125 0.07109375 0.140625
0 0.60625 0.340625 0.07265625 0.115625
0 0.9703125 0.77109375 0.05859375 0.159375
0 0.77890625 0.659375 0.08046875 0.128125
0 0.29296875 0.0296875 0.06171875 0.05859375
0 0.875 0.5734375 0.08125 0.14296875
0 0.9421875 0.34140625 0.06875 0.1171875
0 0.35234375 0.3484375 0.0765625 0.1109375
0 0.45859375 0.28046875 0.0671875 0.1171875
0 0.54140625 0.84921875 0.07421875 0.1375
0 0.0265625 0.24296875 0.053125 0.10859375
0 0.22734375 0.84375 0.0828125 0.1375
0 0.30234375 0.23203125 0.06328125 0.09765625
0 0.6640625 0.7375 0.0703125 0.15625
0 0.5171875 0.40390625 0.06640625 0.1234375
0 0.9296875 0.053125 0.04765625 0.0734375
0 0.2921875 0.56640625 0.1 0.1359375
0 0.3546875 0.7375 0.084375 0.12734375
0 0.05703125 0.940625 0.09296875 0.1125
0 0.86640625 0.85390625 0.06953125 0.140625
0 0.690625 0.484375 0.04921875 0.11953125
0 0.23671875 0.41015625 0.0703125 0.12578125
0 0.01875 0.75625 0.03671875 0.153125
0 0.7859375 0.428125 0.07734375 0.134375
0 0.4125 0.46796875 0.08203125 0.12734375
0 0.46875 0.64375 0.0640625 0.125
0 0.76640625 0.95 0.0921875 0.1
0 0.43515625 0.93984375 0.05390625 0.115625
0 0.15546875 0.6703125 0.078125 0.14921875
0 0.8703125 0.38046875 0.05 0.10390625