0 0.53515625 0.83515625 0.1703125 0.28984375
0 0.33046875 0.70625 0.10234375 0.309375
0 0.16953125 0.62578125 0.1078125 0.27734375
0 0.040625 0.8859375 0.08125 0.228125
0 0.05703125 0.4921875 0.11328125 0.25703125
0 0.1296875 0.28984375 0.08828125 0.1921875
0 0.03359375 0.234375 0.0671875 0.18359375
0 0.0265625 0.0859375 0.053125 0.1390625
0 0.20390625 0.13359375 0.07421875 0.1328125
0 0.10625 0.09765625 0.06796875 0.1890625
0 0.278125 0.05546875 0.07265625 0.1109375
0 0.365625 0.0890625 0.07265625 0.128125
0 0.30546875 0.19609375 0.06796875 0.153125
0 0.24140625 0.35703125 0.09140625 0.19296875
0 0.41171875 0.4515625 0.12109375 0.2546875
0 0.46953125 0.28203125 0.075 0.14609375
0 0.51796875 0.11484375 0.05703125 0.19921875
0 0.62734375 0.16015625 0.0859375 0.20078125
0 0.60625 0.31796875 0.06484375 0.15625
0 0.57109375 0.49609375 0.11484375 0.23984375
0 0.740625 0.646875 0.0890625 0.25234375
0 0.75078125 0.35625 0.11484375 0.2640625
0 0.76171875 0.05859375 0.05546875 0.1171875
0 0.88203125 0.08828125 0.1 0.1625
0 0.86640625 0.2609375 0.10859375 0.17109375
0 0.91796875 0.4296875 0.11171875 0.26171875
0 0.94140625 0.7125 0.103125 0.29765625