0 0.94921875 0.47578125 0.0609375 0.09375
0 0.9875 0.5484375 0.025 0.0921875
0 0.8953125 0.540625 0.06015625 0.09375
0 0.92421875 0.6046875 0.08359375 0.0984375
0 0.96640625 0.6703125 0.06171875 0.1125
0 0.91640625 0.66484375 0.05546875 0.11171875
0 0.946875 0.88515625 0.09375 0.153125
0 0.88359375 0.77109375 0.08984375 0.13671875
0 0.846875 0.6734375 0.0765625 0.109375
0 0.80625 0.59140625 0.06484375 0.10703125
0 0.796875 0.5375 0.06875 0.078125
0 0.765625 0.49765625 0.0390625 0.0640625
0 0.67421875 0.47421875 0.0546875 0.053125
0 0.69609375 0.5359375 0.0640625 0.0765625
0 0.7125 0.59921875 0.075 0.06875
0 0.72265625 0.67734375 0.0859375 0.1234375
0 0.7609375 0.7546875 0.09609375 0.1359375
0 0.7890625 0.86015625 0.0921875 0.125
0 0.82421875 0.96171875 0.12265625 0.07578125
0 0.63203125 0.959375 0.08671875 0.08046875
0 0.61875 0.8546875 0.09296875 0.1578125
0 0.6 0.73984375 0.09609375 0.13984375
0 0.5875 0.64765625 0.08203125 0.1234375
0 0.57109375 0.54375 0.0734375 0.109375
0 0.446875 0.46171875 0.0625 0.09609375
0 0.47890625 0.5578125 0.06875 0.0921875
0 0.44375 0.62578125 0.08046875 0.09765625
0 0.45390625 0.7234375 0.10390625 0.12734375
0 0.4515625 0.8359375 0.09453125 0.12890625
0 0.43203125 0.94765625 0.1296875 0.10234375
0 0.25234375 0.946875 0.121875 0.09453125
0 0.2796875 0.83515625 0.0890625 0.1453125
0 0.31015625 0.72421875 0.096875 0.1265625
0 0.33359375 0.64765625 0.07109375 0.1046875
0 0.36015625 0.578125 0.06875 0.10078125
0 0.3671875 0.51328125 0.07890625 0.0703125
0 0.30234375 0.42734375 0.046875 0.0609375
0 0.271875 0.44453125 0.03984375 0.05390625
0 0.2703125 0.49296875 0.0578125 0.04765625
0 0.27578125 0.56328125 0.0421875 0.07421875
0 0.21953125 0.559375 0.06875 0.078125
0 0.2 0.62734375 0.0546875 0.08984375
0 0.1734375 0.72109375 0.08828125 0.11484375
0 0.1359375 0.8140625 0.0765625 0.1390625
0 0.0875 0.93359375 0.1140625 0.13046875
0 0.03359375 0.7078125 0.0671875 0.1453125
0 0.08515625 0.61875 0.0765625 0.09921875
0 0.1390625 0.62265625 0.0453125 0.0671875
0 0.13359375 0.54765625 0.06640625 0.07890625
0 0.16171875 0.50078125 0.059375 0.08046875
0 0.1921875 0.45546875 0.0453125 0.08984375
0 0.2234375 0.4140625 0.04765625 0.07265625
0 0.14296875 0.4109375 0.03515625 0.06640625
0 0.1 0.4390625 0.05703125 0.08828125
0 0.06171875 0.49453125 0.06484375 0.08203125
0 0.02109375 0.540625 0.0421875 0.0921875