0 0.14609375 0.4296875 0.03984375 0.08125
0 0.0625 0.46015625 0.0671875 0.071875
0 0.05078125 0.52734375 0.0734375 0.078125
0 0.03125 0.60390625 0.06015625 0.1078125
0 0.025 0.68125 0.05 0.13515625
0 0.01015625 0.82578125 0.01796875 0.109375
0 0.17265625 0.775 0.09609375 0.146875
0 0.171875 0.91015625 0.109375 0.15078125
0 0.1671875 0.665625 0.08828125 0.1015625
0 0.15703125 0.571875 0.06328125 0.06015625
0 0.19140625 0.5140625 0.07421875 0.128125
0 0.2984375 0.49140625 0.07734375 0.103125
0 0.3078125 0.5734375 0.075 0.09453125
0 0.32265625 0.653125 0.06796875 0.11015625
0 0.35 0.7765625 0.0859375 0.1296875
0 0.37421875 0.89921875 0.08671875 0.1453125
0 0.56484375 0.88125 0.12734375 0.1453125
0 0.51015625 0.7625 0.08359375 0.121875
0 0.4859375 0.66171875 0.08359375 0.096875
0 0.44296875 0.5734375 0.08046875 0.10859375
0 0.421875 0.503125 0.0640625 0.08984375
0 0.3796875 0.4296875 0.03515625 0.040625
0 0.471875 0.434375 0.03046875 0.03515625
0 0.49765625 0.45546875 0.06640625 0.071875
0 0.51875 0.52109375 0.04375 0.071875
0 0.5609375 0.57265625 0.07578125 0.0859375
0 0.61953125 0.5734375 0.053125 0.08828125
0 0.59609375 0.659375 0.08359375 0.0921875
0 0.6515625 0.75546875 0.08828125 0.14765625
0 0.72265625 0.89375 0.0890625 0.09765625
0 0.87734375 0.86171875 0.11015625 0.16953125
0 0.9796875 0.94765625 0.03984375 0.1046875
0 0.9390625 0.71796875 0.09140625 0.11953125
0 0.79453125 0.74296875 0.08046875 0.13828125
0 0.7296875 0.640625 0.06875 0.11015625
0 0.67890625 0.57578125 0.0671875 0.1109375
0 0.63125 0.5046875 0.059375 0.07265625
0 0.5984375 0.45546875 0.05390625 0.08203125
0 0.6453125 0.40234375 0.04453125 0.08125
0 0.69453125 0.44765625 0.04765625 0.09765625
0 0.7359375 0.40234375 0.04375 0.07734375
0 0.73125 0.4890625 0.06328125 0.0875
0 0.78515625 0.55078125 0.0484375 0.10859375
0 0.8328125 0.48828125 0.0515625 0.07734375
0 0.79296875 0.44609375 0.046875 0.0859375
0 0.8265625 0.39140625 0.0625 0.07421875
0 0.875 0.4390625 0.03046875 0.0859375
0 0.89921875 0.4015625 0.05390625 0.078125
0 0.9390625 0.43515625 0.0578125 0.09140625
0 0.9765625 0.4015625 0.04140625 0.04921875
0 0.98359375 0.4609375 0.0328125 0.059375
0 0.92109375 0.48046875 0.0546875 0.08046875
0 0.89765625 0.55390625 0.06875 0.0875
0 0.84765625 0.6125 0.07734375 0.1265625
0 0.965625 0.61171875 0.06875 0.109375