0 0.14453125 0.3765625 0.04296875 0.06953125
0 0.10703125 0.39765625 0.0515625 0.0890625
0 0.0640625 0.44375 0.06953125 0.07890625
0 0.025 0.490625 0.04921875 0.090625
0 0.225 0.371875 0.0421875 0.078125
0 0.196875 0.4203125 0.0453125 0.09140625
0 0.16328125 0.45703125 0.04921875 0.0625
0 0.1375 0.49609375 0.07265625 0.08359375
0 0.0890625 0.5609375 0.0578125 0.10390625
0 0.046875 0.6375 0.06328125 0.103125
0 0.009375 0.68515625 0.01875 0.16796875
0 0.14609375 0.565625 0.03984375 0.08828125
0 0.31328125 0.38515625 0.04375 0.07109375
0 0.28125 0.41171875 0.0421875 0.08984375
0 0.2640625 0.44453125 0.05234375 0.0734375
0 0.23359375 0.49296875 0.04765625 0.078125
0 0.28203125 0.52109375 0.03828125 0.08515625
0 0.20625 0.57265625 0.06171875 0.08515625
0 0.18203125 0.64921875 0.09453125 0.125
0 0.13203125 0.74765625 0.08515625 0.12421875
0 0.07578125 0.87265625 0.1 0.21796875
0 0.2515625 0.8875 0.0875 0.1765625
0 0.278125 0.76484375 0.0890625 0.13203125
0 0.31875 0.65859375 0.07890625 0.109375
0 0.33125 0.571875 0.06953125 0.10390625
0 0.35859375 0.50546875 0.05859375 0.07421875
0 0.37265625 0.45 0.07734375 0.09609375
0 0.44296875 0.42109375 0.04609375 0.0921875
0 0.48203125 0.5078125 0.0703125 0.115625
0 0.45078125 0.56796875 0.05625 0.08828125
0 0.45703125 0.6546875 0.08359375 0.1078125
0 0.45859375 0.76171875 0.1125 0.11796875
0 0.446875 0.89296875 0.11328125 0.1953125
0 0.6421875 0.91796875 0.103125 0.1515625
0 0.62265625 0.7859375 0.08671875 0.146875
0 0.61328125 0.671875 0.07421875 0.103125
0 0.5984375 0.58359375 0.0609375 0.10859375
0 0.5890625 0.50859375 0.0703125 0.0828125
0 0.6703125 0.43046875 0.03671875 0.06953125
0 0.77109375 0.4484375 0.02421875 0.05078125
0 0.69296875 0.48671875 0.05546875 0.0484375
0 0.71953125 0.53125 0.05859375 0.04921875
0 0.73046875 0.596875 0.0890625 0.090625
0 0.76328125 0.68828125 0.11015625 0.09453125
0 0.79296875 0.7859375 0.08515625 0.13671875
0 0.846875 0.9125 0.12421875 0.16484375
0 0.95234375 0.815625 0.08984375 0.15234375
0 0.890625 0.69140625 0.08046875 0.1203125
0 0.85546875 0.60390625 0.0640625 0.075
0 0.81796875 0.5390625 0.046875 0.0703125
0 0.80390625 0.4796875 0.065625 0.06875
0 0.90234375 0.48984375 0.0671875 0.08359375
0 0.93671875 0.5421875 0.0625 0.08125
0 0.91953125 0.60625 0.059375 0.08671875
0 0.971875 0.60703125 0.0546875 0.1375
0 0.95703125 0.43046875 0.0546875 0.08125