0 0.14140625 0.38671875 0.0484375 0.0703125
0 0.10859375 0.4109375 0.0578125 0.06953125
0 0.0765625 0.4609375 0.05546875 0.0765625
0 0.02578125 0.50390625 0.0515625 0.096875
0 0.04296875 0.64296875 0.0796875 0.09296875
0 0.01328125 0.72265625 0.0234375 0.09453125
0 0.090625 0.58515625 0.0578125 0.09296875
0 0.153125 0.5921875 0.0390625 0.06875
0 0.13984375 0.51328125 0.0734375 0.084375
0 0.16640625 0.46796875 0.05546875 0.06484375
0 0.19609375 0.4109375 0.0609375 0.0890625
0 0.23359375 0.38984375 0.06015625 0.08515625
0 0.31328125 0.3984375 0.05078125 0.06875
0 0.2859375 0.4265625 0.05234375 0.08671875
0 0.26796875 0.4671875 0.04765625 0.0640625
0 0.22890625 0.51796875 0.06640625 0.08203125
0 0.28203125 0.528125 0.04140625 0.0828125
0 0.203125 0.5859375 0.059375 0.08515625
0 0.18046875 0.66953125 0.10078125 0.10546875
0 0.13515625 0.77109375 0.0671875 0.134375
0 0.0859375 0.88984375 0.10859375 0.15
0 0.25703125 0.9046875 0.1109375 0.15625
0 0.284375 0.7828125 0.1078125 0.12890625
0 0.31953125 0.67265625 0.08828125 0.12578125
0 0.334375 0.58984375 0.08046875 0.1125
0 0.3578125 0.53359375 0.0640625 0.084375
0 0.37109375 0.46953125 0.06640625 0.10078125
0 0.45234375 0.4390625 0.0515625 0.0796875
0 0.484375 0.51328125 0.0640625 0.14765625
0 0.453125 0.5875 0.06875 0.07578125
0 0.45859375 0.67734375 0.0875 0.0953125
0 0.459375 0.7828125 0.08671875 0.125
0 0.45859375 0.915625 0.09453125 0.14453125
0 0.64453125 0.9265625 0.09140625 0.12265625
0 0.62734375 0.8015625 0.08125 0.12734375
0 0.60546875 0.684375 0.07578125 0.1171875
0 0.59765625 0.5875 0.0671875 0.07421875
0 0.5859375 0.51796875 0.0765625 0.08671875
0 0.6734375 0.44609375 0.0328125 0.0640625
0 0.696875 0.50625 0.04375 0.08125
0 0.72265625 0.5453125 0.05703125 0.0640625
0 0.734375 0.60234375 0.075 0.1109375
0 0.7734375 0.7125 0.0890625 0.1078125
0 0.79765625 0.8171875 0.07890625 0.12109375
0 0.846875 0.92578125 0.1171875 0.14609375
0 0.95546875 0.82734375 0.0890625 0.15625
0 0.89453125 0.71640625 0.0859375 0.128125
0 0.85859375 0.61796875 0.0765625 0.09140625
0 0.92109375 0.62265625 0.053125 0.084375
0 0.81484375 0.540625 0.04921875 0.078125
0 0.80078125 0.4921875 0.05390625 0.0765625
0 0.76953125 0.45234375 0.0328125 0.05234375
0 0.903125 0.50078125 0.0671875 0.08515625
0 0.93984375 0.5578125 0.05546875 0.08828125
0 0.97578125 0.62578125 0.0484375 0.0984375
0 0.9625 0.44765625 0.0546875 0.08828125