0 0.0984375 0.909375 0.0875 0.18125
0 0.02265625 0.7828125 0.0453125 0.1734375
0 0.09921875 0.75390625 0.08515625 0.1296875
0 0.1 0.61484375 0.0828125 0.15078125
0 0.01953125 0.66796875 0.0390625 0.1265625
0 0.02578125 0.56171875 0.0515625 0.11875
0 0.10546875 0.49609375 0.0796875 0.1
0 0.0296875 0.46640625 0.059375 0.1234375
0 0.10859375 0.41484375 0.059375 0.11015625
0 0.03515625 0.3453125 0.0703125 0.1109375
0 0.1078125 0.32578125 0.06015625 0.090625
0 0.03671875 0.25546875 0.0734375 0.10390625
0 0.11015625 0.25078125 0.0578125 0.09453125
0 0.21875 0.965625 0.075 0.06796875
0 0.20546875 0.8359375 0.07890625 0.16328125
0 0.2875 0.7921875 0.0890625 0.15859375
0 0.3140625 0.934375 0.0953125 0.1171875
0 0.39765625 0.8765625 0.0875 0.190625
0 0.37890625 0.71953125 0.06875 0.16953125
0 0.27734375 0.634375 0.07265625 0.15703125
0 0.19375 0.69453125 0.08359375 0.1671875
0 0.1859375 0.58671875 0.08671875 0.1734375
0 0.25859375 0.53515625 0.065625 0.128125
0 0.1828125 0.46015625 0.06796875 0.14296875
0 0.16953125 0.37109375 0.0734375 0.115625
0 0.16640625 0.3015625 0.05078125 0.10234375
0 0.16875 0.215625 0.0625 0.0921875
0 0.0375 0.19375 0.075 0.0671875
0 0.10390625 0.18515625 0.06015625 0.07734375
0 0.16640625 0.16015625 0.0609375 0.0734375
0 0.04609375 0.14609375 0.0546875 0.0703125
0 0.05 0.10234375 0.0578125 0.0625
0 0.06015625 0.059375 0.0453125 0.05546875
0 0.06796875 0.021875 0.04609375 0.04296875
0 0.0171875 0.0390625 0.034375 0.078125
0 0.10859375 0.12734375 0.0421875 0.0578125
0 0.1125 0.03203125 0.04140625 0.0640625
0 0.16015625 0.0234375 0.04296875 0.046875
0 0.1625 0.06328125 0.0453125 0.0484375
0 0.1640625 0.09765625 0.05546875 0.05234375
0 0.21640625 0.0328125 0.0578125 0.0578125
0 0.2234375 0.0828125 0.0546875 0.0578125
0 0.221875 0.13046875 0.0546875 0.05703125
0 0.2328125 0.19296875 0.06171875 0.084375
0 0.2375 0.26640625 0.05546875 0.08046875
0 0.240625 0.3328125 0.0703125 0.07890625
0 0.2515625 0.421875 0.07109375 0.09453125
0 0.26328125 0.01953125 0.05234375 0.0390625
0 0.27109375 0.06328125 0.0453125 0.03984375
0 0.2796875 0.10625 0.05 0.0453125
0 0.2859375 0.16015625 0.0640625 0.0734375
0 0.29921875 0.234375 0.06171875 0.0703125
0 0.3109375 0.30234375 0.06171875 0.0875
0 0.325 0.37265625 0.07109375 0.08359375
0 0.33515625 0.475 0.0671875 0.11015625
0 0.353125 0.5734375 0.07578125 0.1203125
0 0.521875 0.9375 0.078125 0.125
0 0.609375 0.90078125 0.09140625 0.184375
0 0.4828125 0.80234375 0.07890625 0.128125
0 0.5578125 0.740625 0.0671875 0.14296875
0 0.4578125 0.6625 0.08359375 0.13984375
0 0.52734375 0.6046875 0.06640625 0.134375
0 0.43125 0.53671875 0.06484375 0.121875
0 0.49453125 0.48984375 0.065625 0.1328125
0 0.40546875 0.425 0.06796875 0.12734375
0 0.46875 0.396875 0.05390625 0.10234375
0 0.53046875 0.36328125 0.059375 0.1125
0 0.5609375 0.459375 0.04921875 0.1109375
0 0.59453125 0.54375 0.059375 0.1390625
0 0.63828125 0.67890625 0.05859375 0.1515625
0 0.6875 0.8125 0.084375 0.15625
0 0.746875 0.95390625 0.06015625 0.0921875
0 0.82109375 0.92421875 0.078125 0.15078125
0 0.7609375 0.76015625 0.0578125 0.1484375
0 0.82890625 0.7078125 0.06015625 0.14296875
0 0.7109375 0.63359375 0.06484375 0.14375
0 0.76875 0.584375 0.0609375 0.134375
0 0.89296875 0.846875 0.0609375 0.16328125
0 0.9609375 0.79296875 0.059375 0.19140625
0 0.88828125 0.6296875 0.0765625 0.14921875
0 0.83046875 0.540625 0.06328125 0.1421875
0 0.946875 0.58125 0.05234375 0.134375
0 0.88203125 0.48359375 0.0578125 0.11171875
0 0.93828125 0.440625 0.0625 0.1546875
0 0.98515625 0.5390625 0.0296875 0.1328125
0 0.9796875 0.40703125 0.03828125 0.1
0 0.66171875 0.52265625 0.065625 0.13046875
0 0.725 0.4765625 0.05703125 0.11796875
0 0.775 0.42265625 0.04609375 0.12734375
0 0.83046875 0.39921875 0.05703125 0.1296875
0 0.8765625 0.353125 0.0546875 0.11953125
0 0.93125 0.31953125 0.0484375 0.125
0 0.975 0.2859375 0.05 0.11875
0 0.62109375 0.41953125 0.065625 0.12578125
0 0.68125 0.3765625 0.06015625 0.1296875
0 0.73671875 0.34609375 0.053125 0.12109375
0 0.7859375 0.30703125 0.04921875 0.115625
0 0.8328125 0.2734375 0.05390625 0.11171875
0 0.87734375 0.2453125 0.04765625 0.0984375
0 0.9234375 0.20703125 0.04296875 0.10546875
0 0.96484375 0.18203125 0.040625 0.08828125
0 0.590625 0.33671875 0.0484375 0.09921875
0 0.6421875 0.3046875 0.06015625 0.11171875
0 0.6953125 0.265625 0.0484375 0.1
0 0.74453125 0.2390625 0.04296875 0.08984375
0 0.790625 0.20546875 0.05078125 0.109375
0 0.83203125 0.17890625 0.046875 0.0828125
0 0.87734375 0.15078125 0.04296875 0.09296875
0 0.9203125 0.12265625 0.03515625 0.06640625
0 0.95625 0.10625 0.03828125 0.0796875
0 0.98671875 0.0875 0.0265625 0.084375
0 0.98125 0.03046875 0.0375 0.06015625
0 0.95 0.03359375 0.040625 0.0671875
0 0.915625 0.0421875 0.034375 0.06328125
0 0.8765625 0.06171875 0.03984375 0.05234375
0 0.83828125 0.0890625 0.040625 0.07890625
0 0.79609375 0.10546875 0.04140625 0.07890625
0 0.7546875 0.14375 0.03671875 0.0875
0 0.71015625 0.16328125 0.04140625 0.0859375
0 0.66015625 0.20546875 0.04609375 0.090625
0 0.61171875 0.2296875 0.05234375 0.08984375
0 0.5578125 0.2625 0.05703125 0.09296875
0 0.509375 0.28984375 0.05859375 0.0953125
0 0.44921875 0.31796875 0.05859375 0.08984375
0 0.390625 0.3421875 0.05859375 0.0859375
0 0.36796875 0.278125 0.0546875 0.0859375
0 0.35234375 0.203125 0.053125 0.08828125
0 0.34296875 0.134375 0.04921875 0.07734375
0 0.33203125 0.0828125 0.03671875 0.0484375
0 0.32109375 0.046875 0.04453125 0.08046875
0 0.36953125 0.02265625 0.046875 0.04453125
0 0.3796875 0.059375 0.0453125 0.0453125
0 0.396875 0.1203125 0.03828125 0.08515625
0 0.41328125 0.1796875 0.0484375 0.065625
0 0.43046875 0.24375 0.0484375 0.07734375
0 0.48203125 0.2140625 0.05 0.08125
0 0.4640625 0.15 0.0453125 0.0703125
0 0.44375 0.09921875 0.053125 0.07421875
0 0.42890625 0.04765625 0.03671875 0.05859375
0 0.415625 0.02421875 0.040625 0.04765625
0 0.5328125 0.1859375 0.05390625 0.08828125
0 0.5140625 0.13359375 0.0484375 0.0671875
0 0.4921875 0.08203125 0.05078125 0.07421875
0 0.4671875 0.02578125 0.0375 0.05078125
0 0.51796875 0.01953125 0.0296875 0.03828125
0 0.540625 0.04609375 0.03984375 0.07890625
0 0.5625 0.11640625 0.03828125 0.08359375
0 0.5859375 0.16640625 0.03515625 0.0703125
0 0.63203125 0.1421875 0.0375 0.0890625
0 0.60390625 0.0875 0.0375 0.090625
0 0.58203125 0.03984375 0.03671875 0.0796875
0 0.62734375 0.03203125 0.028125 0.0640625
0 0.646875 0.0640625 0.03046875 0.06328125
0 0.68046875 0.115625 0.0421875 0.06640625
0 0.66328125 0.01640625 0.03125 0.0328125
0 0.69140625 0.04140625 0.03125 0.0625
0 0.72109375 0.08125 0.040625 0.08046875
0 0.72734375 0.02734375 0.03203125 0.05390625
0 0.759375 0.06796875 0.03984375 0.078125
0 0.76015625 0.01953125 0.0265625 0.0390625
0 0.8015625 0.0375 0.046875 0.0671875
0 0.84765625 0.02578125 0.0421875 0.0515625
0 0.88671875 0.0203125 0.0359375 0.040625