0 0.9015625 0.66484375 0.12578125 0.1828125
0 0.76171875 0.50625 0.08828125 0.165625
0 0.815625 0.34453125 0.10234375 0.1390625
0 0.8390625 0.1859375 0.06953125 0.1015625
0 0.87890625 0.1140625 0.04453125 0.08828125
0 0.9328125 0.065625 0.07109375 0.10625
0 0.7546875 0.084375 0.071875 0.11484375
0 0.68359375 0.16015625 0.084375 0.13515625
0 0.571875 0.31640625 0.1234375 0.16171875
0 0.5890625 0.10859375 0.084375 0.1421875
0 0.42578125 0.02734375 0.0609375 0.0546875
0 0.41484375 0.12734375 0.059375 0.11484375
0 0.3703125 0.05703125 0.046875 0.06875
0 0.3203125 0.11640625 0.0609375 0.08828125
0 0.3109375 0.03515625 0.0578125 0.06953125
0 0.365625 0.1921875 0.05625 0.096875
0 0.56171875 0.91328125 0.175 0.1734375
0 0.32578125 0.85703125 0.128125 0.18046875
0 0.1640625 0.66640625 0.13515625 0.1859375
0 0.2171875 0.09765625 0.06171875 0.10703125
0 0.16640625 0.05703125 0.0640625 0.1140625
0 0.084375 0.0375 0.0515625 0.07265625
0 0.0859375 0.1078125 0.06796875 0.07109375
0 0.16484375 0.19921875 0.06015625 0.09609375
0 0.08671875 0.20703125 0.06796875 0.1234375
0 0.03125 0.21796875 0.05390625 0.121875