0 0.96640625 0.0875 0.03984375 0.0828125
0 0.92578125 0.08515625 0.03828125 0.08125
0 0.88359375 0.08671875 0.040625 0.090625
0 0.84140625 0.08515625 0.040625 0.08828125
0 0.8 0.0796875 0.040625 0.0921875
0 0.76015625 0.07890625 0.0390625 0.096875
0 0.7125 0.06484375 0.03359375 0.09296875
0 0.67421875 0.06640625 0.04296875 0.109375
0 0.6296875 0.06640625 0.0453125 0.09453125
0 0.58515625 0.0578125 0.0390625 0.08828125
0 0.54140625 0.05390625 0.0375 0.08359375
0 0.503125 0.0484375 0.028125 0.0828125
0 0.4609375 0.04765625 0.04296875 0.08203125
0 0.4203125 0.0421875 0.040625 0.084375
0 0.375 0.040625 0.0390625 0.08125
0 0.3296875 0.04140625 0.034375 0.0828125
0 0.2890625 0.04453125 0.0421875 0.08828125
0 0.246875 0.03828125 0.05078125 0.0765625
0 0.2046875 0.04296875 0.0328125 0.08515625
0 0.16015625 0.0375 0.03203125 0.075
0 0.11796875 0.04140625 0.040625 0.0828125
0 0.01875 0.13984375 0.03671875 0.09296875
0 0.1796875 0.1453125 0.040625 0.084375
0 0.22109375 0.14609375 0.0328125 0.08671875
0 0.26328125 0.1515625 0.0453125 0.090625
0 0.30546875 0.15390625 0.04375 0.08125
0 0.34609375 0.153125 0.04140625 0.0703125
0 0.39140625 0.153125 0.0375 0.0875
0 0.43125 0.16796875 0.05234375 0.1
0 0.47734375 0.16953125 0.034375 0.08046875
0 0.515625 0.16875 0.04453125 0.09765625
0 0.56328125 0.17109375 0.04609375 0.09765625
0 0.60859375 0.1703125 0.040625 0.090625
0 0.65 0.175 0.04140625 0.08671875
0 0.6890625 0.17578125 0.0390625 0.07734375
0 0.73515625 0.18515625 0.04140625 0.084375
0 0.77109375 0.18515625 0.03984375 0.08125
0 0.8125 0.19375 0.03984375 0.0953125
0 0.8546875 0.19765625 0.04609375 0.09765625
0 0.9 0.19609375 0.0421875 0.0953125
0 0.946875 0.19296875 0.046875 0.0953125
0 0.98671875 0.2 0.0265625 0.084375
0 0.96953125 0.30390625 0.0453125 0.09609375
0 0.92890625 0.3109375 0.040625 0.09453125
0 0.88671875 0.303125 0.0453125 0.1078125
0 0.84140625 0.3046875 0.03828125 0.1078125
0 0.79921875 0.29921875 0.040625 0.09921875
0 0.75390625 0.29140625 0.0453125 0.0890625
0 0.71171875 0.29140625 0.03671875 0.10234375
0 0.66875 0.28359375 0.0375 0.103125
0 0.62578125 0.278125 0.04375 0.09609375
0 0.58046875 0.278125 0.04453125 0.1
0 0.5375 0.275 0.0421875 0.09765625
0 0.49453125 0.271875 0.03984375 0.10078125
0 0.45234375 0.2703125 0.04609375 0.09921875
0 0.40703125 0.2671875 0.05234375 0.09453125
0 0.3625 0.265625 0.04609375 0.10078125
0 0.32265625 0.26171875 0.040625 0.0953125
0 0.27734375 0.2578125 0.03828125 0.075
0 0.23359375 0.2484375 0.0484375 0.08671875
0 0.19453125 0.2484375 0.0390625 0.09140625
0 0.15390625 0.25234375 0.0453125 0.08203125
0 0.1109375 0.25 0.040625 0.08515625
0 0.06796875 0.24453125 0.040625 0.071875
0 0.0234375 0.24140625 0.046875 0.07578125
0 0.0375 0.3578125 0.03671875 0.075
0 0.0828125 0.35859375 0.04765625 0.09140625
0 0.1265625 0.36484375 0.03828125 0.0953125
0 0.20625 0.36484375 0.0453125 0.0859375
0 0.25234375 0.371875 0.04453125 0.09296875
0 0.296875 0.37890625 0.0484375 0.09609375
0 0.34375 0.38203125 0.04609375 0.084375
0 0.384375 0.38046875 0.04765625 0.0953125
0 0.42734375 0.37890625 0.05078125 0.10078125
0 0.46796875 0.38046875 0.0421875 0.0859375
0 0.51328125 0.384375 0.0546875 0.1015625
0 0.5609375 0.3828125 0.04375 0.09296875
0 0.6046875 0.38984375 0.040625 0.09765625
0 0.646875 0.3953125 0.040625 0.10078125
0 0.69140625 0.39609375 0.046875 0.10703125
0 0.734375 0.39453125 0.040625 0.09609375
0 0.77578125 0.40234375 0.04140625 0.09453125
0 0.81796875 0.403125 0.0359375 0.096875
0 0.859375 0.40546875 0.046875 0.10078125
0 0.90546875 0.40859375 0.046875 0.10234375
0 0.95 0.39921875 0.0390625 0.09140625
0 0.9859375 0.4171875 0.0265625 0.08359375
0 0.97265625 0.53046875 0.0359375 0.103125
0 0.928125 0.5328125 0.0484375 0.096875
0 0.88046875 0.52734375 0.046875 0.10703125
0 0.840625 0.528125 0.04140625 0.103125
0 0.79765625 0.5296875 0.04609375 0.11796875
0 0.7546875 0.51953125 0.04375 0.10859375
0 0.7078125 0.51875 0.04921875 0.09765625
0 0.6625 0.5109375 0.0390625 0.0953125
0 0.6234375 0.509375 0.04453125 0.0828125
0 0.571875 0.5015625 0.04921875 0.08984375
0 0.5296875 0.5125 0.03828125 0.09140625
0 0.4921875 0.50703125 0.04375 0.096875
0 0.44609375 0.50546875 0.03828125 0.0875
0 0.40234375 0.4921875 0.04140625 0.128125
0 0.35859375 0.49453125 0.046875 0.084375
0 0.31796875 0.490625 0.0484375 0.09765625
0 0.271875 0.4890625 0.05390625 0.090625
0 0.22265625 0.48828125 0.05390625 0.0984375
0 0.17734375 0.47890625 0.0421875 0.08984375
0 0.1359375 0.4796875 0.0515625 0.07734375
0 0.03984375 0.46796875 0.06484375 0.1046875
0 0.06640625 0.5828125 0.0359375 0.09140625
0 0.1078125 0.5828125 0.06015625 0.0859375
0 0.19296875 0.5953125 0.05 0.0890625
0 0.23671875 0.58671875 0.040625 0.09296875
0 0.28125 0.5921875 0.04375 0.09765625
0 0.325 0.596875 0.05078125 0.0921875
0 0.36953125 0.60703125 0.0515625 0.0890625
0 0.4140625 0.6125 0.04296875 0.0765625
0 0.459375 0.6140625 0.04375 0.06640625
0 0.50625 0.61796875 0.05078125 0.078125
0 0.5953125 0.62734375 0.04140625 0.08515625
0 0.6375 0.63125 0.03203125 0.084375
0 0.67890625 0.634375 0.03984375 0.084375
0 0.72421875 0.63828125 0.0546875 0.07734375
0 0.77109375 0.634375 0.03125 0.0734375
0 0.815625 0.6453125 0.04296875 0.08671875
0 0.86015625 0.64765625 0.04921875 0.0859375
0 0.9046875 0.64375 0.0453125 0.08515625
0 0.9484375 0.64453125 0.0515625 0.090625
0 0.971875 0.771875 0.04140625 0.0984375
0 0.9265625 0.76796875 0.0421875 0.09140625
0 0.88359375 0.76640625 0.04453125 0.09140625
0 0.83984375 0.76484375 0.05390625 0.0984375
0 0.79453125 0.75703125 0.0484375 0.0953125
0 0.7484375 0.75859375 0.04375 0.1046875
0 0.7078125 0.74921875 0.04296875 0.12109375
0 0.66484375 0.74296875 0.0484375 0.0984375
0 0.61484375 0.74453125 0.05234375 0.10703125
0 0.52890625 0.73828125 0.0390625 0.11015625
0 0.57265625 0.76171875 0.04140625 0.1125
0 0.55390625 0.62421875 0.03984375 0.1109375
0 0.48359375 0.74609375 0.03203125 0.10546875
0 0.4421875 0.734375 0.0421875 0.11328125
0 0.39296875 0.71796875 0.05078125 0.12109375
0 0.3484375 0.725 0.04140625 0.0921875
0 0.30703125 0.71953125 0.04609375 0.090625
0 0.26328125 0.71875 0.04375 0.08359375
0 0.21953125 0.7171875 0.05078125 0.0921875
0 0.171875 0.71171875 0.03671875 0.07578125
0 0.1265625 0.7078125 0.05078125 0.07578125
0 0.0828125 0.70859375 0.04453125 0.06484375
0 0.0390625 0.70546875 0.0453125 0.0765625
0 0.05 0.82734375 0.053125 0.065625
0 0.0984375 0.81875 0.0453125 0.06171875
0 0.15 0.83046875 0.040625 0.07578125
0 0.18515625 0.834375 0.03671875 0.0796875
0 0.225 0.83203125 0.04609375 0.0953125
0 0.27578125 0.83359375 0.0421875 0.0828125
0 0.9578125 0.8921875 0.0484375 0.09609375
0 0.90859375 0.8859375 0.05 0.08671875
0 0.8703125 0.88671875 0.05 0.09609375
0 0.82109375 0.8890625 0.046875 0.0859375
0 0.778125 0.88125 0.0421875 0.08671875
0 0.7296875 0.878125 0.05390625 0.0875