0 0.35859375 0.65703125 0.1875 0.2859375
0 0.1953125 0.5078125 0.09609375 0.19765625
0 0.08203125 0.4640625 0.1328125 0.15390625
0 0.21640625 0.2390625 0.12421875 0.14296875
0 0.2 0.0859375 0.11171875 0.17109375
0 0.42890625 0.0484375 0.09765625 0.09609375
0 0.57890625 0.21015625 0.15234375 0.21484375
0 0.42265625 0.36796875 0.1 0.15
0 0.57109375 0.44609375 0.11015625 0.20390625
0 0.80390625 0.51015625 0.08515625 0.165625
0 0.73984375 0.4234375 0.12734375 0.1890625
0 0.77578125 0.23359375 0.08671875 0.1578125
0 0.86796875 0.134375 0.0859375 0.134375
0 0.978125 0.06171875 0.04375 0.10078125
0 0.96875 0.2109375 0.0625 0.175