0 0.6421875 0.1359375 0.0765625 0.12265625
0 0.565625 0.190625 0.075 0.14296875
0 0.25 0.06484375 0.05546875 0.10078125
0 0.48515625 0.26328125 0.0703125 0.1046875
0 0.234375 0.9453125 0.08046875 0.10390625
0 0.71796875 0.0796875 0.059375 0.1015625
0 0.8734375 0.1390625 0.0578125 0.09140625
0 0.05703125 0.178125 0.06328125 0.10703125
0 0.778125 0.0390625 0.06796875 0.07734375
0 0.8921875 0.315625 0.06484375 0.10703125
0 0.56640625 0.925 0.08203125 0.15
0 0.76640625 0.7109375 0.08671875 0.1375
0 0.91875 0.0859375 0.06171875 0.0984375
0 0.79765625 0.1921875 0.065625 0.103125
0 0.16015625 0.12421875 0.0578125 0.1
0 0.8453125 0.60625 0.07578125 0.1296875
0 0.7265625 0.2484375 0.07578125 0.11328125
0 0.9515625 0.77734375 0.08984375 0.17421875
0 0.47421875 0.4703125 0.0671875 0.115625
0 0.021875 0.05078125 0.04375 0.1015625
0 0.66484375 0.5328125 0.07578125 0.14765625
0 0.39296875 0.1203125 0.0625 0.1109375
0 0.33828125 0.03515625 0.0703125 0.0703125
0 0.921875 0.53828125 0.07734375 0.13125
0 0.48671875 0.0734375 0.0671875 0.1
0 0.821875 0.38828125 0.06640625 0.1328125
0 0.959375 0.25390625 0.06953125 0.13125
0 0.375 0.54921875 0.0640625 0.1421875
0 0.56484375 0.0375 0.06015625 0.075
0 0.7515625 0.45078125 0.07265625 0.1265625
0 0.890625 0.9015625 0.1125 0.153125
0 0.190625 0.4671875 0.0421875 0.0828125
0 0.5734375 0.6296875 0.08828125 0.14453125
0 0.12421875 0.3234375 0.06953125 0.10859375
0 0.39375 0.32578125 0.06953125 0.11875
0 0.65078125 0.309375 0.07578125 0.10546875
0 0.6734375 0.82421875 0.06875 0.12421875
0 0.31875 0.18359375 0.05625 0.09375
0 0.5640625 0.37734375 0.065625 0.12265625
0 0.26953125 0.65 0.06484375 0.13828125
0 0.4640625 0.73203125 0.06875 0.140625
0 0.01953125 0.40234375 0.0390625 0.1140625
0 0.153125 0.74765625 0.0671875 0.14296875
0 0.29765625 0.39140625 0.05625 0.10234375
0 0.3609375 0.81875 0.05390625 0.11640625
0 0.08125 0.57734375 0.06328125 0.115625
0 0.0296875 0.89296875 0.05859375 0.1578125