0 0.48125 0.22578125 0.078125 0.14609375
0 0.13125 0.06875 0.05625 0.08671875
0 0.3828125 0.26015625 0.06953125 0.125
0 0.78828125 0.03125 0.0640625 0.06171875
0 0.93125 0.31953125 0.09140625 0.1359375
0 0.8875 0.11796875 0.0625 0.10703125
0 0.3890625 0.1078125 0.0640625 0.11796875
0 0.25703125 0.5578125 0.071875 0.15
0 0.22421875 0.0453125 0.0671875 0.090625
0 0.66015625 0.11953125 0.06484375 0.1046875
0 0.5640625 0.18046875 0.0703125 0.1375
0 0.728125 0.06015625 0.05625 0.0921875
0 0.11953125 0.621875 0.0828125 0.140625
0 0.74765625 0.240625 0.06953125 0.11484375
0 0.565625 0.03125 0.0703125 0.06171875
0 0.034375 0.440625 0.06484375 0.12890625
0 0.2984375 0.146875 0.06796875 0.1046875
0 0.853125 0.37421875 0.078125 0.13125
0 0.48046875 0.06640625 0.06328125 0.0953125
0 0.28359375 0.30859375 0.065625 0.13359375
0 0.66640625 0.31328125 0.0859375 0.13828125
0 0.8890625 0.60625 0.075 0.1328125
0 0.9421875 0.06953125 0.05703125 0.1109375
0 0.95 0.90859375 0.09921875 0.16953125
0 0.96640625 0.54140625 0.06640625 0.165625
0 0.0203125 0.11328125 0.03984375 0.08359375
0 0.48828125 0.96328125 0.08984375 0.0734375
0 0.821875 0.18515625 0.065625 0.11328125
0 0.09609375 0.240625 0.06875 0.115625
0 0.47734375 0.67265625 0.05859375 0.10703125
0 0.80859375 0.7046875 0.0734375 0.121875
0 0.98203125 0.2359375 0.0359375 0.128125
0 0.1609375 0.3609375 0.08046875 0.1265625
0 0.6875 0.52890625 0.071875 0.11328125
0 0.5875 0.36640625 0.06875 0.1109375
0 0.59296875 0.59921875 0.0703125 0.11796875
0 0.22109375 0.83984375 0.071875 0.16484375
0 0.71640625 0.79609375 0.09765625 0.1515625
0 0.61015625 0.88984375 0.06953125 0.1296875
0 0.77734375 0.46484375 0.06796875 0.09921875
0 0.47265625 0.415625 0.053125 0.0765625
0 0.38125 0.46953125 0.0515625 0.1