0 0.01875 0.0203125 0.03515625 0.040625
0 0.02421875 0.06328125 0.0484375 0.053125
0 0.025 0.1046875 0.04921875 0.05625
0 0.07890625 0.01875 0.04921875 0.03671875
0 0.09140625 0.0375 0.05 0.04921875
0 0.09765625 0.07578125 0.0640625 0.04609375
0 0.11171875 0.121875 0.0640625 0.075
0 0.03671875 0.15625 0.07265625 0.06953125
0 0.12265625 0.1859375 0.07578125 0.0671875
0 0.04453125 0.22265625 0.0734375 0.0703125
0 0.15703125 0.021875 0.059375 0.04375
0 0.18359375 0.08984375 0.0734375 0.1109375
0 0.20078125 0.15703125 0.06171875 0.071875
0 0.2234375 0.215625 0.0765625 0.08046875
0 0.140625 0.25625 0.07265625 0.07890625
0 0.0546875 0.2828125 0.08203125 0.09453125
0 0.06875 0.3625 0.10078125 0.08515625
0 0.16484375 0.315625 0.08828125 0.0859375
0 0.2515625 0.26796875 0.06875 0.08046875
0 0.23984375 0.0265625 0.04921875 0.053125
0 0.2578125 0.07734375 0.059375 0.0703125
0 0.296875 0.1625 0.07578125 0.1296875
0 0.30625 0.01953125 0.05859375 0.0390625
0 0.32265625 0.05859375 0.06875 0.065625
0 0.35234375 0.11171875 0.053125 0.06953125
0 0.371875 0.15859375 0.05546875 0.08359375
0 0.3359375 0.240625 0.06796875 0.090625
0 0.409375 0.21015625 0.06875 0.10078125
0 0.3578125 0.315625 0.08046875 0.11015625
0 0.275 0.3390625 0.08515625 0.10625
0 0.4390625 0.2796875 0.071875 0.09765625
0 0.18515625 0.40859375 0.09140625 0.11796875
0 0.07734375 0.45234375 0.09296875 0.1234375
0 0.096875 0.54375 0.09140625 0.11953125
0 0.20234375 0.49921875 0.10625 0.12421875
0 0.30703125 0.43671875 0.09453125 0.11328125
0 0.39921875 0.390625 0.09921875 0.140625
0 0.48203125 0.346875 0.06328125 0.13359375
0 0.53046875 0.44296875 0.08203125 0.1328125
0 0.44296875 0.49140625 0.0859375 0.1296875
0 0.35390625 0.5390625 0.11171875 0.153125
0 0.2375 0.609375 0.0984375 0.13984375
0 0.1125 0.6765625 0.1140625 0.16171875
0 0.1515625 0.82734375 0.12109375 0.178125
0 0.03515625 0.896875 0.06953125 0.15
0 0.17890625 0.9453125 0.12109375 0.10859375
0 0.26796875 0.7390625 0.0921875 0.17265625
0 0.3171875 0.890625 0.11640625 0.175
0 0.3890625 0.67421875 0.0953125 0.1515625
0 0.48828125 0.603125 0.1 0.13984375
0 0.58203125 0.55078125 0.078125 0.13125
0 0.4390625 0.82421875 0.109375 0.18828125
0 0.5046875 0.9484375 0.12109375 0.10234375
0 0.61875 0.91171875 0.125 0.1765625
0 0.553125 0.72265625 0.11171875 0.1890625
0 0.6578125 0.6640625 0.1046875 0.18984375
0 0.72578125 0.8140625 0.10625 0.2046875
0 0.81171875 0.93359375 0.1359375 0.1328125
0 0.91328125 0.8859375 0.0953125 0.209375
0 0.82421875 0.7578125 0.10390625 0.20234375
0 0.74296875 0.60390625 0.0828125 0.15390625
0 0.909375 0.66640625 0.0859375 0.1671875
0 0.9734375 0.5921875 0.05234375 0.14921875
0 0.825 0.5296875 0.08828125 0.14140625
0 0.9015625 0.48046875 0.0890625 0.1671875
0 0.96796875 0.4359375 0.0609375 0.1375
0 0.67421875 0.49609375 0.08984375 0.14609375
0 0.74609375 0.44609375 0.06484375 0.1421875
0 0.81953125 0.396875 0.0765625 0.14375
0 0.88125 0.34609375 0.06171875 0.11171875
0 0.95234375 0.31171875 0.0765625 0.1328125
0 0.61328125 0.4015625 0.0734375 0.12890625
0 0.69140625 0.3625 0.08125 0.11328125
0 0.76171875 0.303125 0.06484375 0.09453125
0 0.82578125 0.2703125 0.08203125 0.11640625
0 0.88125 0.2328125 0.06328125 0.084375
0 0.94140625 0.20078125 0.0546875 0.084375
0 0.984375 0.175 0.03125 0.09453125
0 0.56015625 0.32421875 0.075 0.12421875
0 0.521875 0.25390625 0.0546875 0.1234375
0 0.47734375 0.1953125 0.0546875 0.12734375
0 0.44765625 0.134375 0.053125 0.1140625
0 0.415625 0.08828125 0.0609375 0.0984375
0 0.3859375 0.0421875 0.06328125 0.084375
0 0.44765625 0.0359375 0.0578125 0.071875
0 0.48125 0.06015625 0.04375 0.0546875
0 0.50390625 0.10546875 0.04921875 0.071875
0 0.546875 0.14609375 0.059375 0.08515625
0 0.5890625 0.21015625 0.06015625 0.0796875
0 0.6390625 0.2796875 0.075 0.10546875
0 0.70625 0.25703125 0.071875 0.09921875
0 0.6546875 0.18671875 0.06328125 0.09609375
0 0.61171875 0.13125 0.06171875 0.09765625
0 0.57265625 0.0796875 0.05703125 0.075
0 0.540625 0.0390625 0.046875 0.07734375
0 0.5890625 0.02421875 0.046875 0.0484375
0 0.628125 0.0515625 0.0546875 0.05703125
0 0.6859375 0.0328125 0.05234375 0.065625
0 0.6734375 0.0890625 0.04921875 0.065625
0 0.71015625 0.1484375 0.06484375 0.0984375
0 0.765625 0.1953125 0.0515625 0.09296875
0 0.88203125 0.146875 0.0546875 0.1
0 0.82734375 0.1703125 0.065625 0.0921875
0 0.77265625 0.11875 0.05078125 0.08125
0 0.72578125 0.06640625 0.0484375 0.07265625
0 0.778125 0.0421875 0.0453125 0.06953125
0 0.73984375 0.02421875 0.0546875 0.0484375
0 0.825 0.034375 0.04765625 0.06796875
0 0.821875 0.0984375 0.04375 0.07265625
0 0.87421875 0.06640625 0.059375 0.075
0 0.93203125 0.1171875 0.06015625 0.0875
0 0.9796875 0.09140625 0.040625 0.0859375
0 0.925 0.0375 0.0484375 0.071875
0 0.96953125 0.0265625 0.0546875 0.053125