0 0.78984375 0.85234375 0.171875 0.2953125
0 0.92109375 0.39609375 0.13359375 0.184375
0 0.86328125 0.1890625 0.10859375 0.14765625
0 0.9265625 0.04609375 0.08203125 0.09140625
0 0.85546875 0.059375 0.08671875 0.109375
0 0.96875 0.1609375 0.0625 0.13046875
0 0.77421875 0.48984375 0.140625 0.190625
0 0.75234375 0.24375 0.10703125 0.15546875
0 0.73984375 0.08359375 0.109375 0.16171875
0 0.6296875 0.10859375 0.09921875 0.1671875
0 0.603125 0.3203125 0.1203125 0.16328125
0 0.61171875 0.575 0.17421875 0.23125
0 0.3703125 0.653125 0.16484375 0.27109375
0 0.41953125 0.3640625 0.121875 0.1734375
0 0.50703125 0.1609375 0.12265625 0.171875
0 0.41796875 0.065625 0.08515625 0.13046875
0 0.3296875 0.2140625 0.11484375 0.17578125
0 0.26953125 0.0953125 0.053125 0.125
0 0.24140625 0.43203125 0.12265625 0.19609375
0 0.1671875 0.275 0.06484375 0.15703125
0 0.115625 0.12734375 0.0953125 0.12890625
0 0.06953125 0.7625 0.1390625 0.31171875