0 0.49765625 0.853125 0.30390625 0.29375
0 0.490625 0.58515625 0.2359375 0.34140625
0 0.13125 0.61328125 0.2625 0.33671875
0 0.14921875 0.9296875 0.23671875 0.140625
0 0.14921875 0.2734375 0.24765625 0.3140625
0 0.18984375 0.0671875 0.2015625 0.134375
0 0.4484375 0.0828125 0.20859375 0.165625
0 0.4546875 0.27734375 0.25703125 0.271875
0 0.75859375 0.06640625 0.2171875 0.1328125
0 0.78515625 0.2390625 0.21796875 0.28515625
0 0.82109375 0.53515625 0.2140625 0.296875
0 0.87265625 0.8609375 0.25390625 0.27109375