0 0.8703125 0.90625 0.13125 0.18671875
0 0.928125 0.646875 0.1 0.1484375
0 0.946875 0.39765625 0.0890625 0.13828125
0 0.834375 0.50625 0.09609375 0.1453125
0 0.975 0.2546875 0.05 0.1359375
0 0.91171875 0.16953125 0.075 0.128125
0 0.84765625 0.08125 0.0625 0.10546875
0 0.86875 0.321875 0.06640625 0.115625
0 0.81015625 0.22421875 0.06328125 0.11796875
0 0.7484375 0.13828125 0.0640625 0.10859375
0 0.71015625 0.075 0.05390625 0.09765625
0 0.7640625 0.3734375 0.08046875 0.1328125
0 0.70546875 0.28046875 0.06875 0.109375
0 0.6609375 0.2 0.0703125 0.11171875
0 0.60859375 0.11875 0.06953125 0.103125
0 0.57109375 0.053125 0.05703125 0.10625
0 0.77421875 0.75625 0.10859375 0.18671875
0 0.7125 0.59375 0.1015625 0.17578125
0 0.6453125 0.465625 0.08046875 0.140625
0 0.5984375 0.36171875 0.1046875 0.15625
0 0.5484375 0.25703125 0.090625 0.14453125
0 0.50078125 0.1734375 0.0625 0.10234375
0 0.4703125 0.09375 0.05234375 0.0796875
0 0.43359375 0.03984375 0.05859375 0.07890625
0 0.62890625 0.87421875 0.14375 0.1953125
0 0.56015625 0.68984375 0.125 0.19921875
0 0.5046875 0.55859375 0.08515625 0.146875
0 0.46328125 0.43359375 0.1046875 0.159375
0 0.42265625 0.32734375 0.0796875 0.13515625
0 0.39609375 0.8203125 0.10859375 0.1859375
0 0.3484375 0.640625 0.08359375 0.1609375
0 0.32578125 0.50625 0.08984375 0.15859375
0 0.29296875 0.39375 0.08359375 0.12890625
0 0.26328125 0.315625 0.0640625 0.11640625
0 0.23828125 0.2203125 0.0671875 0.121875
0 0.2203125 0.1421875 0.06875 0.1109375
0 0.21796875 0.92578125 0.09921875 0.1484375
0 0.19453125 0.75078125 0.1140625 0.184375
0 0.171875 0.59453125 0.1140625 0.19375
0 0.146875 0.475 0.08203125 0.13828125
0 0.128125 0.34921875 0.084375 0.1359375
0 0.1125 0.25390625 0.071875 0.1171875
0 0.09921875 0.16640625 0.08515625 0.11796875
0 0.08359375 0.07734375 0.06640625 0.0890625