0 0.91171875 0.08984375 0.075 0.13203125
0 0.975 0.059375 0.04921875 0.11796875
0 0.7421875 0.17890625 0.07578125 0.140625
0 0.53984375 0.275 0.07890625 0.1640625
0 0.66328125 0.0703125 0.07890625 0.1375
0 0.7578125 0.04375 0.07890625 0.0875
0 0.82578125 0.13671875 0.08046875 0.14296875
0 0.3109375 0.0640625 0.06875 0.128125
0 0.91484375 0.253125 0.07734375 0.1421875
0 0.57109375 0.1078125 0.07265625 0.13125
0 0.81796875 0.7953125 0.1015625 0.18828125
0 0.19375 0.11953125 0.075 0.146875
0 0.46953125 0.16015625 0.08046875 0.18203125
0 0.8171875 0.5171875 0.1 0.18828125
0 0.81953125 0.31015625 0.07734375 0.1609375
0 0.24375 0.23046875 0.07734375 0.1375
0 0.37109375 0.18671875 0.07578125 0.1328125
0 0.5859375 0.71015625 0.09921875 0.1828125
0 0.64296875 0.215625 0.07421875 0.134375
0 0.490625 0.4953125 0.08046875 0.15703125
0 0.4328125 0.340625 0.08515625 0.13125
0 0.4109375 0.053125 0.0796875 0.10546875
0 0.440625 0.81640625 0.0921875 0.1625
0 0.8328125 0.028125 0.06484375 0.05625
0 0.05625 0.15078125 0.06875 0.1453125
0 0.9796875 0.2125 0.040625 0.178125
0 0.703125 0.61953125 0.090625 0.17734375
0 0.61328125 0.41484375 0.07421875 0.15234375
0 0.01875 0.034375 0.03671875 0.06796875
0 0.68046875 0.91328125 0.09765625 0.16796875
0 0.046875 0.82734375 0.08359375 0.16875
0 0.51328125 0.02734375 0.0703125 0.0546875
0 0.21796875 0.7046875 0.1015625 0.20703125
0 0.7125 0.35625 0.06953125 0.1421875
0 0.93046875 0.6953125 0.06484375 0.12421875
0 0.29453125 0.409375 0.06015625 0.11484375
0 0.15078125 0.49765625 0.05859375 0.11796875
0 0.1078125 0.29296875 0.0625 0.10546875