0 0.92734375 0.8765625 0.090625 0.1421875
0 0.94921875 0.6890625 0.05703125 0.134375
0 0.86953125 0.7125 0.07890625 0.14453125
0 0.81640625 0.70546875 0.03828125 0.12109375
0 0.8296875 0.89453125 0.07890625 0.15703125
0 0.73203125 0.91953125 0.0765625 0.15703125
0 0.75625 0.78515625 0.0796875 0.1625
0 0.68046875 0.71484375 0.08828125 0.1609375
0 0.64609375 0.8546875 0.08046875 0.203125
0 0.58125 0.95390625 0.1 0.0921875
0 0.52109375 0.86015625 0.08671875 0.171875
0 0.4234375 0.7015625 0.05390625 0.1
0 0.396875 0.92890625 0.115625 0.14140625
0 0.3578125 0.8171875 0.0859375 0.11171875
0 0.2265625 0.678125 0.0625 0.10078125
0 0.2375 0.60078125 0.05390625 0.09296875
0 0.2421875 0.5359375 0.0359375 0.053125
0 0.33125 0.66328125 0.06640625 0.11640625
0 0.39765625 0.62109375 0.03828125 0.075
0 0.3078125 0.57734375 0.03359375 0.05546875
0 0.509375 0.66171875 0.0421875 0.10078125
0 0.58828125 0.7515625 0.04765625 0.12890625
0 0.6203125 0.6640625 0.040625 0.115625
0 0.58203125 0.6453125 0.028125 0.08203125
0 0.7546875 0.646875 0.065625 0.109375
0 0.48125 0.6125 0.05 0.06953125