0 0.103125 0.0890625 0.05859375 0.09453125
0 0.6078125 0.06875 0.0578125 0.1
0 0.96875 0.12109375 0.05390625 0.09609375
0 0.21640625 0.0390625 0.06875 0.078125
0 0.90546875 0.0390625 0.05859375 0.07734375
0 0.51484375 0.11796875 0.06171875 0.10703125
0 0.54375 0.22578125 0.0625 0.1015625
0 0.79921875 0.20390625 0.059375 0.103125
0 0.8875 0.153125 0.0625 0.1125
0 0.33515625 0.50703125 0.06328125 0.10625
0 0.64921875 0.16171875 0.06328125 0.1015625
0 0.35390625 0.071875 0.07265625 0.10859375
0 0.1421875 0.31328125 0.06953125 0.096875
0 0.23984375 0.78203125 0.06796875 0.13515625
0 0.82890625 0.06640625 0.053125 0.11015625
0 0.2390625 0.13046875 0.06171875 0.084375
0 0.459375 0.03671875 0.065625 0.07265625
0 0.26875 0.234375 0.08203125 0.10546875
0 0.0578125 0.68828125 0.06484375 0.0890625
0 0.3875 0.17578125 0.0671875 0.11171875
0 0.64453125 0.484375 0.06953125 0.12578125
0 0.11875 0.20234375 0.06953125 0.10625
0 0.5671875 0.7421875 0.06875 0.1453125
0 0.7015625 0.63828125 0.0765625 0.140625
0 0.8140625 0.5484375 0.07734375 0.121875
0 0.2953125 0.95703125 0.08359375 0.078125
0 0.7 0.03203125 0.0625 0.0640625
0 0.9484375 0.26875 0.0546875 0.10859375
0 0.97421875 0.9265625 0.0515625 0.146875
0 0.071875 0.89375 0.07421875 0.15078125
0 0.4671875 0.4265625 0.06953125 0.1265625
0 0.746875 0.4 0.04921875 0.0890625
0 0.69765625 0.2765625 0.0671875 0.09140625
0 0.3078125 0.3578125 0.06328125 0.10390625
0 0.03125 0.5375 0.0625 0.1015625
0 0.5921875 0.3328125 0.065625 0.115625
0 0.1625 0.4515625 0.06953125 0.10390625
0 0.19921875 0.59140625 0.0515625 0.10078125
0 0.7453125 0.1171875 0.05546875 0.09921875
0 0.02265625 0.38828125 0.0453125 0.11640625
0 0.634375 0.9328125 0.08359375 0.13359375
0 0.51640625 0.57578125 0.06953125 0.11171875
0 0.37421875 0.68984375 0.06328125 0.14375
0 0.859375 0.33125 0.05390625 0.1
0 0.42109375 0.878125 0.06484375 0.13984375
0 0.428125 0.29921875 0.059375 0.09140625
0 0.77578125 0.82890625 0.0796875 0.16875
0 0.93359375 0.47890625 0.05078125 0.08671875