0 0.0828125 0.13125 0.07265625 0.06171875
0 0.09765625 0.04296875 0.0796875 0.071875
0 0.21640625 0.0265625 0.06640625 0.0515625
0 0.21328125 0.07421875 0.0734375 0.03671875
0 0.1984375 0.1171875 0.06328125 0.0609375
0 0.18046875 0.178125 0.07265625 0.059375
0 0.18828125 0.234375 0.07578125 0.05390625
0 0.1671875 0.28828125 0.0765625 0.0765625
0 0.1625 0.35 0.07734375 0.07421875
0 0.14765625 0.4234375 0.09765625 0.09296875
0 0.1296875 0.48984375 0.0875 0.078125
0 0.1140625 0.5546875 0.11796875 0.0796875
0 0.10546875 0.61875 0.09140625 0.06171875
0 0.0984375 0.70859375 0.10625 0.0828125
0 0.078125 0.79140625 0.10234375 0.08125
0 0.0703125 0.871875 0.1078125 0.08984375
0 0.0625 0.9625 0.1078125 0.075
0 0.21171875 0.95078125 0.140625 0.08828125
0 0.23203125 0.85546875 0.134375 0.0875
0 0.21953125 0.76953125 0.11640625 0.07890625
0 0.24375 0.6921875 0.1078125 0.07734375
0 0.24921875 0.61484375 0.12421875 0.10703125
0 0.25546875 0.5375 0.109375 0.07734375
0 0.259375 0.46953125 0.115625 0.08359375
0 0.2703125 0.3984375 0.06875 0.05546875
0 0.28984375 0.3421875 0.090625 0.07578125
0 0.2890625 0.2796875 0.0703125 0.05625
0 0.2984375 0.221875 0.08515625 0.07578125
0 0.30546875 0.1625 0.08359375 0.06640625
0 0.3078125 0.1109375 0.075 0.05625
0 0.31484375 0.06484375 0.07421875 0.0625
0 0.32734375 0.021875 0.075 0.04296875
0 0.440625 0.0484375 0.09765625 0.06015625
0 0.428125 0.10078125 0.0875 0.05859375
0 0.42734375 0.146875 0.06171875 0.0484375
0 0.421875 0.203125 0.08671875 0.06328125
0 0.4171875 0.26328125 0.10078125 0.0890625
0 0.40234375 0.3171875 0.09140625 0.065625
0 0.41015625 0.38046875 0.1109375 0.0921875
0 0.4046875 0.459375 0.11484375 0.06875
0 0.40703125 0.52421875 0.0921875 0.06328125
0 0.3921875 0.59921875 0.1 0.09375
0 0.38984375 0.67109375 0.10625 0.07734375
0 0.38046875 0.75703125 0.103125 0.1
0 0.36875 0.8421875 0.11875 0.075
0 0.3734375 0.934375 0.16015625 0.0890625
0 0.525 0.9125 0.1296875 0.08671875
0 0.51796875 0.82578125 0.12109375 0.08671875
0 0.50859375 0.73125 0.10078125 0.07421875
0 0.5125 0.659375 0.109375 0.09375
0 0.52890625 0.596875 0.10390625 0.0875
0 0.53125 0.5125 0.1 0.08515625
0 0.534375 0.44453125 0.1125 0.06875
0 0.5265625 0.371875 0.0921875 0.059375
0 0.5375 0.3171875 0.08828125 0.0578125
0 0.5328125 0.259375 0.090625 0.05703125
0 0.54296875 0.203125 0.0875 0.05546875
0 0.54765625 0.15234375 0.1203125 0.05078125
0 0.53828125 0.1 0.096875 0.07109375
0 0.5359375 0.04140625 0.0765625 0.0421875
0 0.6625 0.028125 0.096875 0.046875
0 0.66015625 0.08828125 0.08515625 0.06953125
0 0.65546875 0.13984375 0.0671875 0.06171875
0 0.65625 0.19140625 0.0640625 0.04453125
0 0.64921875 0.2453125 0.07578125 0.05625
0 0.66328125 0.30078125 0.07578125 0.05546875
0 0.66015625 0.35546875 0.08046875 0.0671875
0 0.66328125 0.43046875 0.10390625 0.06640625
0 0.66953125 0.496875 0.09140625 0.0671875
0 0.6625 0.5734375 0.10078125 0.07734375
0 0.67265625 0.6484375 0.1125 0.07265625
0 0.6578125 0.721875 0.11484375 0.08203125
0 0.65859375 0.79921875 0.12421875 0.06875
0 0.66796875 0.8890625 0.1 0.09765625
0 0.66484375 0.96875 0.1078125 0.05625
0 0.8015625 0.96015625 0.0953125 0.0796875
0 0.809375 0.87109375 0.1375 0.08828125
0 0.80546875 0.78359375 0.115625 0.06796875
0 0.94453125 0.86171875 0.0875 0.1140625
0 0.9453125 0.76796875 0.1 0.08515625
0 0.79765625 0.7 0.10625 0.08671875
0 0.78828125 0.6234375 0.0953125 0.06953125
0 0.94296875 0.6890625 0.09375 0.10078125
0 0.9421875 0.61640625 0.08359375 0.08046875
0 0.7921875 0.55390625 0.11171875 0.0953125
0 0.9296875 0.53671875 0.1125 0.07578125
0 0.93046875 0.46640625 0.0640625 0.05
0 0.925 0.40390625 0.0796875 0.05859375
0 0.79609375 0.4796875 0.1 0.0671875
0 0.78203125 0.4109375 0.09453125 0.06640625
0 0.77734375 0.3515625 0.08515625 0.06015625
0 0.915625 0.33828125 0.09296875 0.0765625
0 0.9109375 0.27890625 0.09921875 0.05703125
0 0.78359375 0.28984375 0.08125 0.05625
0 0.775 0.2421875 0.08984375 0.0625
0 0.9078125 0.2234375 0.084375 0.0609375
0 0.90625 0.16484375 0.08203125 0.05859375
0 0.778125 0.17578125 0.08671875 0.06171875
0 0.7734375 0.12578125 0.08125 0.06484375
0 0.775 0.0703125 0.08984375 0.06328125
0 0.77734375 0.0203125 0.07109375 0.03984375
0 0.8984375 0.10859375 0.08359375 0.07421875
0 0.88828125 0.053125 0.078125 0.04375
0 0.87890625 0.0203125 0.0953125 0.0390625