0 0.128125 0.7375 0.10703125 0.15859375
0 0.165625 0.5296875 0.0921875 0.14140625
0 0.2171875 0.36015625 0.0828125 0.11953125
0 0.065625 0.2703125 0.0734375 0.11015625
0 0.10703125 0.12890625 0.0765625 0.13203125
0 0.29609375 0.071875 0.0875 0.10703125
0 0.26171875 0.20390625 0.06875 0.09921875
0 0.065625 0.9375 0.1140625 0.125
0 0.3 0.8453125 0.09296875 0.15078125
0 0.3515625 0.5984375 0.1078125 0.16171875
0 0.3875 0.425 0.0921875 0.146875
0 0.41796875 0.27734375 0.08984375 0.13828125
0 0.440625 0.12578125 0.0765625 0.1203125
0 0.5875 0.09609375 0.1015625 0.11953125
0 0.584375 0.22265625 0.078125 0.1265625
0 0.571875 0.35234375 0.0890625 0.12890625
0 0.55234375 0.52578125 0.09296875 0.12890625
0 0.52890625 0.69765625 0.10078125 0.14609375
0 0.5015625 0.9125 0.12265625 0.17421875
0 0.74140625 0.82890625 0.11640625 0.16953125
0 0.7421875 0.61171875 0.109375 0.15
0 0.7328125 0.43515625 0.08046875 0.11328125
0 0.74375 0.29296875 0.0921875 0.14296875
0 0.7390625 0.15703125 0.08671875 0.1296875
0 0.74140625 0.05390625 0.0734375 0.08515625
0 0.87265625 0.0390625 0.0796875 0.078125
0 0.88359375 0.1078125 0.065625 0.09453125
0 0.8984375 0.2390625 0.084375 0.1546875
0 0.90078125 0.36953125 0.10078125 0.12578125
0 0.90625 0.5328125 0.1109375 0.1390625
0 0.91875 0.71484375 0.1 0.1859375
0 0.94609375 0.92734375 0.1078125 0.1421875