0 0.1671875 0.8671875 0.09453125 0.17265625
0 0.0703125 0.7234375 0.0890625 0.15234375
0 0.06328125 0.4171875 0.0734375 0.13984375
0 0.134375 0.53359375 0.07578125 0.1546875
0 0.2171875 0.6671875 0.08828125 0.1453125
0 0.30078125 0.765625 0.0921875 0.1515625
0 0.42421875 0.921875 0.1078125 0.15546875
0 0.55859375 0.8328125 0.084375 0.15859375
0 0.82421875 0.87890625 0.11796875 0.16796875
0 0.959375 0.78359375 0.08125 0.1578125
0 0.69140625 0.71015625 0.09609375 0.1890625
0 0.45078125 0.68046875 0.0953125 0.17265625
0 0.34921875 0.58125 0.08828125 0.15390625
0 0.2484375 0.46953125 0.075 0.1265625
0 0.18046875 0.3921875 0.07265625 0.1296875
0 0.0375 0.196875 0.05859375 0.11640625
0 0.03828125 0.05234375 0.04296875 0.1046875
0 0.09453125 0.09453125 0.05625 0.10859375
0 0.1296875 0.03359375 0.05859375 0.06640625
0 0.1875 0.078125 0.059375 0.08671875
0 0.15078125 0.1640625 0.075 0.10625
0 0.10703125 0.27890625 0.05703125 0.1265625
0 0.2140625 0.2375 0.06796875 0.10859375
0 0.2484375 0.12890625 0.0625 0.1109375
0 0.27578125 0.05078125 0.0484375 0.090625
0 0.34296875 0.0984375 0.0703125 0.11015625
0 0.31484375 0.20234375 0.06953125 0.13515625
0 0.28828125 0.32890625 0.084375 0.1359375
0 0.375 0.41875 0.06875 0.1296875
0 0.384375 0.2875 0.08125 0.11640625
0 0.41015625 0.1734375 0.065625 0.09140625
0 0.42578125 0.06640625 0.059375 0.0875
0 0.50703125 0.0359375 0.0640625 0.071875
0 0.4984375 0.12421875 0.05703125 0.09296875
0 0.48359375 0.23984375 0.06875 0.11171875
0 0.4734375 0.359375 0.08125 0.11875
0 0.4609375 0.4984375 0.08828125 0.14140625
0 0.57109375 0.59375 0.07421875 0.13125
0 0.578125 0.44140625 0.06640625 0.125
0 0.68515625 0.53125 0.10234375 0.15859375
0 0.81171875 0.6453125 0.0734375 0.1515625
0 0.91640625 0.5921875 0.084375 0.1609375
0 0.7890625 0.465625 0.0734375 0.12734375
0 0.678125 0.38984375 0.0796875 0.1375
0 0.57890625 0.30546875 0.08203125 0.1359375
0 0.5796875 0.20234375 0.07265625 0.11796875
0 0.58828125 0.09609375 0.075 0.1046875
0 0.66875 0.053125 0.0640625 0.09609375
0 0.66796875 0.16484375 0.07109375 0.11953125
0 0.66796875 0.25390625 0.0921875 0.1125
0 0.75625 0.115625 0.05625 0.11328125
0 0.7671875 0.2390625 0.065625 0.11953125
0 0.7734375 0.31328125 0.075 0.13046875
0 0.87890625 0.4125 0.08828125 0.1359375
0 0.96640625 0.3828125 0.0671875 0.14375
0 0.871875 0.3078125 0.07890625 0.12421875
0 0.84296875 0.17578125 0.0703125 0.11953125
0 0.83515625 0.05234375 0.05703125 0.1046875
0 0.91015625 0.05 0.07265625 0.09921875
0 0.925 0.13359375 0.07109375 0.11953125
0 0.94453125 0.23828125 0.0625 0.11328125