0 0.27421875 0.61171875 0.12734375 0.24453125
0 0.1546875 0.4484375 0.11796875 0.1953125
0 0.06796875 0.2859375 0.11328125 0.178125
0 0.1828125 0.13984375 0.08984375 0.14921875
0 0.125 0.046875 0.071875 0.09375
0 0.26796875 0.05390625 0.08671875 0.10703125
0 0.35234375 0.1078125 0.07578125 0.13984375
0 0.275 0.234375 0.10546875 0.178125
0 0.384375 0.37109375 0.1234375 0.16953125
0 0.45234375 0.190625 0.084375 0.17265625
0 0.50546875 0.0671875 0.1109375 0.134375
0 0.60703125 0.16171875 0.11171875 0.14609375
0 0.62734375 0.04921875 0.0859375 0.0984375
0 0.396875 0.03125 0.078125 0.0625
0 0.76015625 0.0328125 0.06015625 0.065625
0 0.878125 0.06328125 0.1078125 0.125
0 0.746875 0.12578125 0.11875 0.10703125
0 0.9265625 0.2140625 0.115625 0.16328125
0 0.7734375 0.25078125 0.13359375 0.14921875
0 0.58984375 0.3109375 0.1078125 0.1359375
0 0.53671875 0.528125 0.134375 0.22890625
0 0.759375 0.47421875 0.1359375 0.21015625
0 0.940625 0.38828125 0.11875 0.1765625
0 0.7859375 0.7578125 0.23828125 0.259375