0 0.3046875 0.878125 0.09609375 0.18671875
0 0.2296875 0.73671875 0.09453125 0.2
0 0.0859375 0.84140625 0.121875 0.1796875
0 0.03984375 0.68046875 0.07890625 0.1375
0 0.18359375 0.57265625 0.08203125 0.153125
0 0.1390625 0.46484375 0.0890625 0.171875
0 0.10234375 0.35390625 0.078125 0.1203125
0 0.0609375 0.259375 0.06875 0.134375
0 0.0390625 0.1640625 0.053125 0.109375
0 0.103125 0.04296875 0.06015625 0.08515625
0 0.13046875 0.12109375 0.05703125 0.0796875
0 0.16875 0.1921875 0.0734375 0.11796875
0 0.21484375 0.26953125 0.06484375 0.13046875
0 0.26015625 0.36640625 0.08125 0.10703125
0 0.30859375 0.45234375 0.07421875 0.10234375
0 0.3734375 0.5953125 0.1046875 0.19453125
0 0.44609375 0.74921875 0.09296875 0.16015625
0 0.5359375 0.91640625 0.11484375 0.1546875
0 0.80234375 0.95 0.0984375 0.1
0 0.9328125 0.83359375 0.08125 0.16484375
0 0.6890625 0.8078125 0.078125 0.14921875
0 0.584375 0.64375 0.06796875 0.14296875
0 0.50546875 0.50390625 0.08359375 0.14765625
0 0.425 0.390625 0.0765625 0.11640625
0 0.36484375 0.2953125 0.06171875 0.1203125
0 0.3140625 0.221875 0.07890625 0.11875
0 0.26875 0.140625 0.06640625 0.115625
0 0.21953125 0.07578125 0.0640625 0.1125
0 0.3640625 0.0921875 0.05234375 0.11328125
0 0.44296875 0.0515625 0.0546875 0.078125
0 0.4078125 0.171875 0.06328125 0.12890625
0 0.4984375 0.1109375 0.065625 0.11015625
0 0.4703125 0.2359375 0.06953125 0.125
0 0.55 0.1953125 0.07109375 0.12421875
0 0.53359375 0.3140625 0.06484375 0.125
0 0.615625 0.25703125 0.0578125 0.08671875
0 0.58671875 0.0546875 0.0578125 0.09375
0 0.6578125 0.04296875 0.0734375 0.08515625
0 0.6578125 0.13125 0.0703125 0.1046875
0 0.72734375 0.09140625 0.065625 0.09609375
0 0.8046875 0.0515625 0.0578125 0.09296875
0 0.87890625 0.02734375 0.05625 0.0546875
0 0.72421875 0.225 0.06328125 0.11328125
0 0.80625 0.1546875 0.065625 0.0953125
0 0.8890625 0.11796875 0.059375 0.1265625
0 0.96484375 0.07890625 0.0578125 0.12421875
0 0.97265625 0.1953125 0.0546875 0.115625
0 0.9015625 0.2390625 0.08046875 0.134375
0 0.81640625 0.30546875 0.0734375 0.13046875
0 0.71640625 0.3703125 0.05546875 0.08515625
0 0.6046875 0.421875 0.0828125 0.1703125
0 0.70234375 0.53515625 0.08359375 0.159375
0 0.81875 0.45625 0.09609375 0.125
0 0.90078125 0.3984375 0.08515625 0.12265625
0 0.925 0.5828125 0.09375 0.1703125
0 0.82109375 0.67734375 0.103125 0.1828125