0 0.115625 0.10078125 0.05703125 0.09453125
0 0.04375 0.93203125 0.08671875 0.1359375
0 0.334375 0.1171875 0.053125 0.09453125
0 0.48203125 0.20390625 0.05546875 0.1015625
0 0.48359375 0.05078125 0.05625 0.09296875
0 0.55 0.14609375 0.05546875 0.1
0 0.69375 0.221875 0.06015625 0.09375
0 0.1953125 0.05859375 0.05625 0.09296875
0 0.4078125 0.08359375 0.0546875 0.08671875
0 0.39609375 0.6296875 0.0828125 0.14453125
0 0.03515625 0.47265625 0.0703125 0.14140625
0 0.2765625 0.03203125 0.06015625 0.0640625
0 0.54609375 0.03203125 0.05859375 0.0640625
0 0.73515625 0.0484375 0.05078125 0.0828125
0 0.403125 0.221875 0.0609375 0.1140625
0 0.25234375 0.15859375 0.04921875 0.09921875
0 0.575 0.7203125 0.07890625 0.13125
0 0.17421875 0.8265625 0.09140625 0.1734375
0 0.02734375 0.1546875 0.0546875 0.0859375
0 0.309375 0.48125 0.0625 0.1046875
0 0.28828125 0.7421875 0.078125 0.13828125
0 0.62265625 0.25 0.05625 0.09140625
0 0.73359375 0.55546875 0.084375 0.15390625
0 0.0609375 0.03046875 0.053125 0.0609375
0 0.67578125 0.08203125 0.0515625 0.08515625
0 0.06640625 0.26796875 0.0453125 0.0765625
0 0.475 0.8171875 0.07890625 0.12421875
0 0.753125 0.17109375 0.05078125 0.084375
0 0.55546875 0.3015625 0.06171875 0.096875
0 0.38359375 0.91953125 0.07578125 0.1546875
0 0.61484375 0.11875 0.0484375 0.08203125
0 0.23671875 0.3421875 0.0625 0.10234375
0 0.6515625 0.65078125 0.0734375 0.1296875
0 0.946875 0.896875 0.1 0.1640625
0 0.32421875 0.28515625 0.06953125 0.10078125
0 0.89453125 0.65234375 0.084375 0.1203125
0 0.86640625 0.4453125 0.07578125 0.13046875
0 0.7515625 0.81328125 0.0921875 0.13125
0 0.825 0.72421875 0.078125 0.1484375
0 0.16640625 0.209375 0.0546875 0.09609375
0 0.0984375 0.6328125 0.07734375 0.16171875
0 0.4796875 0.36484375 0.0546875 0.1046875
0 0.13671875 0.39296875 0.0734375 0.1125
0 0.6671875 0.9109375 0.0734375 0.14453125
0 0.56015625 0.496875 0.0515625 0.10078125
0 0.7921875 0.025 0.05390625 0.05
0 0.63984375 0.434375 0.053125 0.09609375
0 0.21328125 0.5453125 0.053125 0.10625
0 0.4859375 0.5734375 0.05703125 0.0984375
0 0.8484375 0.28828125 0.0671875 0.10625
0 0.7015625 0.3671875 0.0609375 0.10078125