0 0.13828125 0.065625 0.06640625 0.06796875
0 0.02890625 0.0609375 0.0578125 0.05
0 0.04765625 0.10234375 0.06640625 0.0453125
0 0.146875 0.121875 0.06484375 0.05859375
0 0.07109375 0.14921875 0.06953125 0.05703125
0 0.1984375 0.1640625 0.078125 0.06171875
0 0.11484375 0.1875 0.06953125 0.046875
0 0.03515625 0.221875 0.0703125 0.075
0 0.2203125 0.21796875 0.08984375 0.06640625
0 0.1515625 0.24765625 0.06875 0.05546875
0 0.0796875 0.2703125 0.06640625 0.059375
0 0.25859375 0.26328125 0.07578125 0.0640625
0 0.18046875 0.2953125 0.06484375 0.0578125
0 0.1015625 0.321875 0.06953125 0.065625
0 0.028125 0.35859375 0.05625 0.04921875
0 0.3109375 0.31328125 0.08359375 0.0609375
0 0.22578125 0.3453125 0.075 0.06328125
0 0.15234375 0.38359375 0.08046875 0.06484375
0 0.06328125 0.42109375 0.07265625 0.06328125
0 0.3703125 0.3703125 0.07421875 0.05859375
0 0.28359375 0.40234375 0.08046875 0.0671875
0 0.19140625 0.4390625 0.05859375 0.05390625
0 0.109375 0.4765625 0.08515625 0.06953125
0 0.02578125 0.52109375 0.0515625 0.06484375
0 0.403125 0.43046875 0.071875 0.0640625
0 0.32265625 0.465625 0.0734375 0.06484375
0 0.23828125 0.50078125 0.08046875 0.071875
0 0.15703125 0.534375 0.08671875 0.0625
0 0.0671875 0.56875 0.07578125 0.071875
0 0.44765625 0.490625 0.1 0.0734375
0 0.3625 0.528125 0.09453125 0.09375
0 0.275 0.57109375 0.07421875 0.06796875
0 0.203125 0.60234375 0.06875 0.06796875
0 0.11484375 0.63046875 0.09453125 0.09296875
0 0.0265625 0.68203125 0.05234375 0.0859375
0 0.5109375 0.55 0.096875 0.06171875
0 0.42265625 0.59140625 0.09375 0.07265625
0 0.340625 0.63125 0.08515625 0.075
0 0.246875 0.66328125 0.10234375 0.08203125
0 0.15078125 0.7078125 0.0953125 0.08203125
0 0.065625 0.75 0.096875 0.07890625
0 0.5578125 0.61953125 0.10703125 0.07578125
0 0.48046875 0.66015625 0.10703125 0.08359375
0 0.36171875 0.71171875 0.121875 0.08671875
0 0.19609375 0.78828125 0.1078125 0.08046875
0 0.10546875 0.83984375 0.06640625 0.08125
0 0.028125 0.87109375 0.05625 0.08515625
0 0.0578125 0.9578125 0.11484375 0.08359375
0 0.15859375 0.91015625 0.11875 0.08515625
0 0.24765625 0.86953125 0.1234375 0.1078125
0 0.340625 0.834375 0.09609375 0.0890625
0 0.44140625 0.784375 0.11328125 0.08984375
0 0.54453125 0.7421875 0.09765625 0.08984375
0 0.6140625 0.7015625 0.0765625 0.08203125
0 0.31875 0.9546875 0.115625 0.08828125
0 0.40390625 0.9046875 0.09765625 0.0765625
0 0.50234375 0.8625 0.09765625 0.08984375
0 0.590625 0.82109375 0.11875 0.09140625
0 0.55078125 0.94453125 0.10859375 0.0953125
0 0.684375 0.78125 0.0953125 0.06953125
0 0.74375 0.84765625 0.10625 0.0921875
0 0.64921875 0.9 0.0921875 0.09140625
0 0.8140625 0.9390625 0.0984375 0.075
0 0.71796875 0.971875 0.1109375 0.05625
0 0.9359375 0.77578125 0.0875 0.090625
0 0.771875 0.72578125 0.10390625 0.0875
0 0.85703125 0.67734375 0.09375 0.07109375
0 0.9359375 0.6421875 0.0703125 0.071875
0 0.7828125 0.6171875 0.10546875 0.0859375
0 0.86484375 0.5796875 0.0984375 0.0640625
0 0.94453125 0.53828125 0.09765625 0.07109375
0 0.7125 0.553125 0.14296875 0.07578125
0 0.79296875 0.51171875 0.096875 0.078125
0 0.87265625 0.46484375 0.1 0.0703125
0 0.64921875 0.48984375 0.11171875 0.09921875
0 0.74140625 0.45234375 0.08515625 0.08515625
0 0.83125 0.4140625 0.08984375 0.075
0 0.9546875 0.3546875 0.090625 0.09375
0 0.7578125 0.3578125 0.115625 0.07265625
0 0.6078125 0.428125 0.0984375 0.09140625
0 0.9046875 0.290625 0.0859375 0.06796875
0 0.96953125 0.26953125 0.05 0.0578125
0 0.8390625 0.32734375 0.06328125 0.05078125
0 0.78125 0.275 0.03984375 0.0390625
0 0.70859375 0.29453125 0.07109375 0.0625
0 0.6421875 0.32890625 0.08828125 0.06953125
0 0.553125 0.36484375 0.09296875 0.0796875
0 0.5046875 0.3125 0.0890625 0.0828125
0 0.58359375 0.275 0.078125 0.0609375
0 0.66328125 0.2546875 0.04296875 0.0484375
0 0.7265625 0.22578125 0.0609375 0.0390625
0 0.84921875 0.23984375 0.08359375 0.0640625
0 0.92265625 0.20859375 0.07421875 0.06171875
0 0.80234375 0.19609375 0.08125 0.0625
0 0.859375 0.16328125 0.0671875 0.06171875
0 0.45625 0.25546875 0.0921875 0.05546875
0 0.53046875 0.22734375 0.09609375 0.05703125
0 0.60859375 0.196875 0.08984375 0.06640625
0 0.55859375 0.1546875 0.0671875 0.06171875
0 0.48046875 0.1796875 0.08046875 0.0640625
0 0.753125 0.14765625 0.11484375 0.06640625
0 0.8109375 0.11015625 0.08359375 0.05546875
0 0.934375 0.065625 0.07421875 0.0640625
0 0.76953125 0.06796875 0.0921875 0.05390625
0 0.88828125 0.02578125 0.07890625 0.04609375
0 0.70078125 0.09453125 0.05546875 0.07109375
0 0.64921875 0.05859375 0.06796875 0.053125
0 0.715625 0.025 0.07109375 0.046875
0 0.6046875 0.0234375 0.05703125 0.04609375
0 0.29609375 0.190625 0.06953125 0.05859375
0 0.35625 0.1671875 0.08671875 0.0625
0 0.4390625 0.13671875 0.0734375 0.07265625
0 0.50859375 0.09921875 0.06484375 0.065625
0 0.46328125 0.06328125 0.06015625 0.0515625
0 0.39765625 0.08671875 0.05859375 0.05859375
0 0.32109375 0.11796875 0.0765625 0.06796875
0 0.2921875 0.06484375 0.075 0.05390625
0 0.36640625 0.0453125 0.07890625 0.05390625
0 0.2515625 0.02421875 0.06328125 0.04609375