0 0.04765625 0.74375 0.05703125 0.11171875
0 0.03515625 0.5859375 0.05078125 0.09609375
0 0.03515625 0.4578125 0.05859375 0.10078125
0 0.03046875 0.35390625 0.05234375 0.0953125
0 0.06484375 0.06875 0.04765625 0.0796875
0 0.07421875 0.12890625 0.046875 0.08203125
0 0.0828125 0.19921875 0.0359375 0.0703125
0 0.1 0.284375 0.0484375 0.0921875
0 0.12421875 0.38671875 0.04453125 0.09609375
0 0.153125 0.07265625 0.0453125 0.07890625
0 0.17734375 0.1359375 0.0546875 0.07421875
0 0.19453125 0.23359375 0.05625 0.103125
0 0.23359375 0.02421875 0.0390625 0.04765625
0 0.265625 0.08125 0.0515625 0.08671875
0 0.28125 0.16328125 0.05390625 0.103125
0 0.309375 0.253125 0.05234375 0.0734375
0 0.34140625 0.0375 0.04765625 0.075
0 0.36953125 0.1140625 0.04453125 0.0796875
0 0.3953125 0.1921875 0.053125 0.1296875
0 0.45703125 0.06171875 0.03984375 0.07890625
0 0.53671875 0.0390625 0.0609375 0.078125
0 0.478125 0.15 0.05625 0.10234375
0 0.56171875 0.10859375 0.0546875 0.09375
0 0.6359375 0.05625 0.0484375 0.0765625
0 0.14140625 0.5203125 0.05703125 0.09140625
0 0.24375 0.42421875 0.053125 0.0875
0 0.15859375 0.659375 0.065625 0.1484375
0 0.184375 0.81484375 0.0734375 0.134375
0 0.2609375 0.58359375 0.075 0.13203125
0 0.365625 0.52265625 0.0546875 0.11796875
0 0.38359375 0.6609375 0.05859375 0.11640625
0 0.29921875 0.71796875 0.06328125 0.13984375
0 0.31953125 0.89765625 0.05859375 0.12578125
0 0.43515625 0.828125 0.0671875 0.11484375
0 0.51875 0.73671875 0.07578125 0.1265625
0 0.4828125 0.575 0.0625 0.121875
0 0.45546875 0.41640625 0.0609375 0.128125
0 0.34921875 0.359375 0.053125 0.0984375
0 0.43046875 0.303125 0.04609375 0.08203125
0 0.51875 0.25625 0.0609375 0.075
0 0.7078125 0.0328125 0.0546875 0.06484375
0 0.7484375 0.09765625 0.0546875 0.084375
0 0.81640625 0.059375 0.04765625 0.06640625
0 0.67265625 0.1453125 0.04765625 0.08046875
0 0.63671875 0.29453125 0.04921875 0.10703125
0 0.7109375 0.24453125 0.04765625 0.1125
0 0.79296875 0.1875 0.03828125 0.0859375
0 0.85234375 0.13984375 0.02890625 0.06015625
0 0.915625 0.10234375 0.03203125 0.0640625
0 0.97421875 0.05546875 0.04140625 0.08203125
0 0.95390625 0.1875 0.04140625 0.08984375
0 0.8875 0.24453125 0.0515625 0.08671875
0 0.8265625 0.28203125 0.05234375 0.08671875
0 0.74609375 0.3484375 0.05078125 0.071875
0 0.675 0.42890625 0.04609375 0.0953125
0 0.58671875 0.465625 0.0546875 0.084375
0 0.61484375 0.628125 0.04765625 0.10234375
0 0.70859375 0.5484375 0.05234375 0.08359375
0 0.7890625 0.46875 0.05625 0.10703125
0 0.86875 0.3984375 0.04921875 0.09765625
0 0.9375 0.346875 0.0578125 0.103125
0 0.98125 0.4640625 0.0375 0.07109375
0 0.91796875 0.53984375 0.05234375 0.10078125
0 0.8375 0.6046875 0.053125 0.09765625
0 0.79140625 0.853125 0.05 0.109375
0 0.88203125 0.77109375 0.053125 0.109375
0 0.96640625 0.68046875 0.05 0.11328125