0 0.94921875 0.665625 0.1015625 0.15546875
0 0.87109375 0.803125 0.1 0.1515625
0 0.75546875 0.91484375 0.103125 0.1609375
0 0.9109375 0.42890625 0.10546875 0.1484375
0 0.8296875 0.53359375 0.109375 0.16953125
0 0.72578125 0.64609375 0.109375 0.184375
0 0.6140625 0.7421875 0.11875 0.1671875
0 0.49765625 0.85390625 0.12109375 0.2015625
0 0.94140625 0.1015625 0.06640625 0.103125
0 0.8703125 0.17890625 0.0828125 0.1203125
0 0.78125 0.3015625 0.075 0.1390625
0 0.69609375 0.39765625 0.09921875 0.1765625
0 0.58671875 0.51015625 0.0796875 0.1328125
0 0.47890625 0.59140625 0.11484375 0.1734375
0 0.3828125 0.7203125 0.08671875 0.1625
0 0.23046875 0.8375 0.12421875 0.18203125
0 0.75703125 0.07734375 0.08125 0.1234375
0 0.6828125 0.190625 0.08359375 0.1234375
0 0.5796875 0.29375 0.084375 0.13671875
0 0.48203125 0.378125 0.0984375 0.14296875
0 0.38046875 0.45703125 0.1109375 0.175
0 0.26640625 0.56640625 0.10859375 0.17578125
0 0.16328125 0.6296875 0.0921875 0.14453125
0 0.5765625 0.10078125 0.059375 0.09765625
0 0.5 0.20546875 0.071875 0.12734375
0 0.4015625 0.29375 0.06953125 0.13671875
0 0.29375 0.36484375 0.09375 0.15
0 0.1859375 0.428125 0.084375 0.15
0 0.071875 0.52109375 0.090625 0.15625
0 0.48125 0.04453125 0.059375 0.0890625
0 0.3984375 0.12578125 0.07734375 0.109375
0 0.31640625 0.19609375 0.08515625 0.1125
0 0.21796875 0.2625 0.0703125 0.1171875
0 0.121875 0.325 0.075 0.121875
0 0.03359375 0.39375 0.0671875 0.140625
0 0.3359375 0.04921875 0.07734375 0.09765625
0 0.25 0.1171875 0.06328125 0.109375
0 0.18203125 0.053125 0.053125 0.10625
0 0.1484375 0.16484375 0.06484375 0.11015625
0 0.1078125 0.10546875 0.0578125 0.11171875
0 0.0625 0.21875 0.06328125 0.1359375
0 0.02109375 0.15 0.0421875 0.09765625