0 0.05625 0.80390625 0.0859375 0.18203125
0 0.1578125 0.875 0.08359375 0.1734375
0 0.26484375 0.90625 0.08359375 0.16875
0 0.3703125 0.95078125 0.09609375 0.09765625
0 0.409375 0.85703125 0.07890625 0.17578125
0 0.31640625 0.78515625 0.07265625 0.1796875
0 0.21953125 0.7453125 0.0703125 0.16328125
0 0.12265625 0.68046875 0.0765625 0.17734375
0 0.0375 0.634375 0.07421875 0.19453125
0 0.01640625 0.484375 0.0328125 0.1234375
0 0.0828125 0.5390625 0.07421875 0.1234375
0 0.059375 0.39375 0.0734375 0.13359375
0 0.0265625 0.2765625 0.05 0.1109375
0 0.0140625 0.1546875 0.028125 0.125
0 0.10234375 0.31328125 0.05625 0.13671875
0 0.1328125 0.44609375 0.05859375 0.13671875
0 0.0734375 0.19609375 0.05859375 0.134375
0 0.04921875 0.07421875 0.05859375 0.14140625
0 0.1140625 0.11875 0.059375 0.12421875
0 0.15859375 0.059375 0.05 0.11875
0 0.15390625 0.23359375 0.0640625 0.1359375
0 0.1921875 0.1546875 0.05546875 0.11328125
0 0.23203125 0.08515625 0.06484375 0.121875
0 0.26796875 0.0328125 0.053125 0.065625
0 0.3046875 0.115625 0.05390625 0.14296875
0 0.340625 0.06171875 0.05859375 0.1234375
0 0.27109375 0.17265625 0.06171875 0.140625
0 0.2296875 0.25859375 0.0640625 0.12578125
0 0.18671875 0.35703125 0.06328125 0.13984375
0 0.22109375 0.48203125 0.0765625 0.17421875
0 0.1703125 0.5796875 0.06875 0.15703125
0 0.26640625 0.6453125 0.0734375 0.1890625
0 0.359375 0.703125 0.06015625 0.1484375
0 0.45234375 0.7421875 0.0703125 0.1734375
0 0.55078125 0.79921875 0.08671875 0.14296875
0 0.5125 0.928125 0.08671875 0.14375
0 0.6546875 0.8578125 0.071875 0.1390625
0 0.6171875 0.96484375 0.0609375 0.0703125
0 0.75625 0.93125 0.08125 0.1375
0 0.97265625 0.94375 0.05390625 0.11171875
0 0.978125 0.82890625 0.04375 0.125
0 0.8734375 0.8703125 0.06484375 0.15625
0 0.784375 0.7953125 0.08125 0.165625
0 0.9 0.76640625 0.0828125 0.15546875
0 0.68984375 0.75703125 0.0640625 0.16875
0 0.5953125 0.68984375 0.065625 0.128125
0 0.621875 0.5875 0.06875 0.14765625
0 0.7125 0.634375 0.06328125 0.1640625
0 0.8 0.6828125 0.06640625 0.146875
0 0.82578125 0.590625 0.06953125 0.1546875
0 0.92109375 0.64609375 0.071875 0.14765625
0 0.93359375 0.5234375 0.08203125 0.14609375
0 0.84765625 0.47265625 0.0703125 0.13984375
0 0.74375 0.53359375 0.078125 0.14453125
0 0.76171875 0.43125 0.065625 0.12890625
0 0.7828125 0.3265625 0.06328125 0.109375
0 0.8 0.25390625 0.059375 0.08671875
0 0.8734375 0.3765625 0.0703125 0.10234375
0 0.96015625 0.42734375 0.05078125 0.090625
0 0.96796875 0.3359375 0.0640625 0.103125
0 0.9671875 0.22109375 0.065625 0.121875
0 0.90703125 0.14921875 0.059375 0.06640625
0 0.88828125 0.209375 0.0625 0.1109375
0 0.875 0.30078125 0.06875 0.0796875
0 0.828125 0.15078125 0.0671875 0.10625
0 0.83515625 0.09765625 0.065625 0.07734375
0 0.85234375 0.02890625 0.05703125 0.05703125
0 0.65 0.4734375 0.06640625 0.11328125
0 0.67578125 0.37890625 0.06796875 0.1265625
0 0.696875 0.29453125 0.06953125 0.12109375
0 0.7140625 0.2078125 0.05859375 0.14375
0 0.75234375 0.14140625 0.0546875 0.125
0 0.77578125 0.05234375 0.0546875 0.1046875
0 0.48984375 0.65 0.05546875 0.14375
0 0.53203125 0.5234375 0.0703125 0.13046875
0 0.5671875 0.42109375 0.0609375 0.11015625
0 0.59375 0.33671875 0.075 0.13828125
0 0.403125 0.575 0.0734375 0.1265625
0 0.31171875 0.5296875 0.06328125 0.1359375
0 0.353125 0.43046875 0.0765625 0.1609375
0 0.26484375 0.3921875 0.071875 0.146875
0 0.31015625 0.28984375 0.06484375 0.1453125
0 0.340625 0.21171875 0.0515625 0.1390625
0 0.3796875 0.1265625 0.06484375 0.12578125
0 0.4390625 0.0703125 0.07578125 0.140625
0 0.4 0.33671875 0.06640625 0.1453125
0 0.42578125 0.2421875 0.0671875 0.14375
0 0.45703125 0.15703125 0.06953125 0.1359375
0 0.48671875 0.09375 0.05703125 0.10859375
0 0.59765625 0.05546875 0.0609375 0.1109375
0 0.56953125 0.1140625 0.05 0.15234375
0 0.5390625 0.2 0.06796875 0.12734375
0 0.50546875 0.28359375 0.059375 0.10546875
0 0.484375 0.3796875 0.06953125 0.1375
0 0.44609375 0.48046875 0.07109375 0.11953125
0 0.628125 0.2453125 0.05703125 0.1140625
0 0.6453125 0.16796875 0.06328125 0.12109375
0 0.6828125 0.0703125 0.0625 0.140625