0 0.871875 0.65546875 0.0796875 0.12265625
0 0.72109375 0.74921875 0.0859375 0.1296875
0 0.590625 0.8734375 0.08828125 0.16171875
0 0.95078125 0.328125 0.08828125 0.1328125
0 0.85546875 0.4015625 0.0828125 0.153125
0 0.74765625 0.50078125 0.096875 0.14296875
0 0.62734375 0.5953125 0.09296875 0.1359375
0 0.4890625 0.70546875 0.1 0.12578125
0 0.3265625 0.81875 0.090625 0.1515625
0 0.14140625 0.9453125 0.11015625 0.109375
0 0.94296875 0.13125 0.084375 0.11171875
0 0.84296875 0.21796875 0.078125 0.12890625
0 0.75390625 0.2859375 0.08046875 0.11953125
0 0.64375 0.36640625 0.08828125 0.13125
0 0.5171875 0.45546875 0.0765625 0.1203125
0 0.390625 0.54765625 0.09140625 0.134375
0 0.25390625 0.62890625 0.10703125 0.1640625
0 0.08125 0.75703125 0.11640625 0.16875
0 0.84375 0.03984375 0.06796875 0.0796875
0 0.74609375 0.10859375 0.07578125 0.11484375
0 0.671875 0.0390625 0.0734375 0.078125
0 0.66328125 0.1953125 0.075 0.11484375
0 0.58125 0.10703125 0.0625 0.09921875
0 0.51953125 0.03671875 0.05859375 0.0734375
0 0.5515625 0.25546875 0.08671875 0.13984375
0 0.45 0.34140625 0.06484375 0.14375
0 0.31953125 0.40859375 0.07421875 0.1359375
0 0.18203125 0.509375 0.08515625 0.1609375
0 0.034375 0.60625 0.06875 0.15
0 0.48515625 0.17109375 0.075 0.12578125
0 0.38046875 0.253125 0.08515625 0.14375
0 0.2640625 0.31484375 0.07578125 0.140625
0 0.1328125 0.39375 0.0953125 0.15859375
0 0.421875 0.0984375 0.0578125 0.12578125
0 0.31015625 0.17109375 0.046875 0.10078125
0 0.2046875 0.228125 0.07734375 0.13359375
0 0.09296875 0.29609375 0.0765625 0.11171875
0 0.36328125 0.040625 0.0484375 0.08125
0 0.2734375 0.08828125 0.07109375 0.1125
0 0.22578125 0.0453125 0.04765625 0.090625
0 0.1578125 0.14453125 0.071875 0.12265625
0 0.0453125 0.21171875 0.06875 0.13203125
0 0.11640625 0.0828125 0.05234375 0.10625
0 0.02734375 0.11953125 0.0546875 0.0953125