0 0.4484375 0.04453125 0.06953125 0.0890625
0 0.090625 0.22421875 0.06484375 0.121875
0 0.76171875 0.3734375 0.07890625 0.15
0 0.2703125 0.27421875 0.08203125 0.1546875
0 0.396875 0.64609375 0.084375 0.17109375
0 0.78359375 0.04453125 0.0671875 0.0890625
0 0.9453125 0.0828125 0.065625 0.12109375
0 0.77265625 0.18984375 0.0765625 0.1578125
0 0.73984375 0.6375 0.075 0.1421875
0 0.46875 0.87734375 0.0890625 0.1578125
0 0.575 0.31328125 0.08203125 0.1421875
0 0.84921875 0.54765625 0.08671875 0.1578125
0 0.68046875 0.2421875 0.07265625 0.13359375
0 0.83515625 0.86796875 0.07109375 0.15859375
0 0.6140625 0.7609375 0.08828125 0.16015625
0 0.94765625 0.7421875 0.0921875 0.16953125
0 0.60390625 0.11484375 0.059375 0.13359375
0 0.53125 0.55 0.07109375 0.1328125
0 0.49921875 0.15546875 0.06875 0.13359375
0 0.68984375 0.06640625 0.065625 0.12109375
0 0.39453125 0.2140625 0.0625 0.1234375
0 0.25703125 0.77890625 0.0703125 0.1875
0 0.0375 0.6796875 0.0734375 0.1390625
0 0.653125 0.46328125 0.0765625 0.1359375
0 0.4609375 0.36640625 0.0515625 0.11015625
0 0.3328125 0.4703125 0.0703125 0.11875
0 0.08984375 0.90546875 0.06640625 0.1390625
0 0.21484375 0.140625 0.06328125 0.09921875
0 0.33671875 0.09765625 0.0578125 0.1125
0 0.85625 0.3015625 0.05078125 0.10390625
0 0.94140625 0.27109375 0.0484375 0.0890625