0 0.309375 0.14375 0.0734375 0.13125
0 0.3703125 0.24453125 0.0859375 0.15234375
0 0.45078125 0.3390625 0.13359375 0.1828125
0 0.553125 0.465625 0.1265625 0.2109375
0 0.71875 0.64140625 0.1625 0.23125
0 0.9125 0.85703125 0.175 0.284375
0 0.59375 0.88515625 0.190625 0.2296875
0 0.43359375 0.628125 0.12734375 0.27265625
0 0.33828125 0.4484375 0.103125 0.22890625
0 0.25703125 0.3296875 0.08046875 0.16328125
0 0.21171875 0.21796875 0.075 0.146875
0 0.0421875 0.1796875 0.084375 0.15078125
0 0.0828125 0.3109375 0.09453125 0.165625
0 0.11953125 0.4578125 0.10859375 0.18828125
0 0.1953125 0.628125 0.1109375 0.2015625
0 0.27265625 0.82734375 0.175 0.28046875