0 0.5703125 0.92734375 0.165625 0.1453125
0 0.24609375 0.70625 0.13984375 0.23828125
0 0.11171875 0.7515625 0.115625 0.18046875
0 0.965625 0.478125 0.06875 0.153125
0 0.96328125 0.2015625 0.0734375 0.146875
0 0.90078125 0.059375 0.05078125 0.08046875
0 0.77734375 0.09140625 0.06171875 0.0828125
0 0.77734375 0.19453125 0.08046875 0.096875
0 0.721875 0.14375 0.053125 0.09140625
0 0.67421875 0.20625 0.065625 0.09609375
0 0.653125 0.10859375 0.05625 0.075
0 0.57421875 0.1015625 0.05390625 0.0859375
0 0.540625 0.0390625 0.05625 0.078125
0 0.49296875 0.121875 0.0734375 0.121875
0 0.38671875 0.11171875 0.05703125 0.0984375
0 0.41015625 0.19921875 0.09140625 0.10703125
0 0.28125 0.08671875 0.09765625 0.11484375
0 0.4171875 0.33203125 0.07578125 0.1515625
0 0.34921875 0.3390625 0.06953125 0.13671875
0 0.290625 0.3875 0.06796875 0.14609375
0 0.071875 0.478125 0.10078125 0.16484375
0 0.13046875 0.16953125 0.10234375 0.1296875
0 0.10234375 0.33125 0.0796875 0.10546875
0 0.04609375 0.14609375 0.0625 0.13359375