0 0.4734375 0.109375 0.0578125 0.096875
0 0.13203125 0.02421875 0.0578125 0.0484375
0 0.66953125 0.121875 0.0578125 0.090625
0 0.59921875 0.034375 0.0546875 0.06875
0 0.79140625 0.040625 0.053125 0.075
0 0.39921875 0.12265625 0.0578125 0.10546875
0 0.46328125 0.6359375 0.06484375 0.11171875
0 0.0890625 0.15859375 0.0453125 0.07265625
0 0.3875 0.48203125 0.071875 0.13046875
0 0.56015625 0.55703125 0.06640625 0.11328125
0 0.334375 0.0328125 0.053125 0.065625
0 0.29765625 0.5578125 0.0765625 0.125
0 0.1203125 0.46640625 0.065625 0.1390625
0 0.265625 0.79609375 0.071875 0.10859375
0 0.73203125 0.078125 0.05078125 0.08203125
0 0.60703125 0.15234375 0.06015625 0.0921875
0 0.54375 0.19375 0.05625 0.08359375
0 0.02109375 0.55078125 0.04140625 0.11328125
0 0.53828125 0.05546875 0.0484375 0.08671875
0 0.62734375 0.50234375 0.06875 0.10078125
0 0.328125 0.171875 0.06171875 0.10234375
0 0.19296875 0.625 0.08125 0.1546875
0 0.05546875 0.32578125 0.06640625 0.13984375
0 0.04453125 0.06171875 0.0625 0.0796875
0 0.26171875 0.06171875 0.05 0.08984375
0 0.8625 0.50390625 0.071875 0.103125
0 0.9015625 0.7203125 0.084375 0.13671875
0 0.75546875 0.90546875 0.0640625 0.12109375
0 0.06328125 0.73515625 0.08671875 0.15546875
0 0.68359375 0.2515625 0.059375 0.09765625
0 0.31171875 0.34921875 0.05703125 0.09609375
0 0.646875 0.72109375 0.06328125 0.115625
0 0.1390625 0.92265625 0.07421875 0.140625
0 0.1828125 0.10546875 0.05078125 0.0875
0 0.83125 0.321875 0.07109375 0.11328125
0 0.46796875 0.9078125 0.065625 0.11796875
0 0.71484375 0.6375 0.0703125 0.11484375
0 0.70703125 0.42421875 0.0734375 0.125
0 0.37265625 0.71328125 0.07734375 0.14609375
0 0.47578125 0.42890625 0.05 0.09609375
0 0.6125 0.30703125 0.0515625 0.08984375
0 0.56171875 0.81171875 0.046875 0.09453125
0 0.14921875 0.26796875 0.06484375 0.103125
0 0.83359375 0.80703125 0.0734375 0.1015625
0 0.475 0.246875 0.0484375 0.0921875
0 0.79296875 0.57578125 0.0734375 0.128125
0 0.22578125 0.39375 0.0421875 0.09609375
0 0.8078125 0.1796875 0.05234375 0.08359375
0 0.74609375 0.2125 0.0453125 0.08671875
0 0.2421875 0.215625 0.05625 0.09296875