0 0.3390625 0.0125 0.028125 0.01328125
0 0.31484375 0.00546875 0.02890625 0.0109375
0 0.2734375 0.00625 0.02265625 0.01171875
0 0.2953125 0.0140625 0.034375 0.0140625
0 0.35703125 0.00625 0.0328125 0.0125
0 0.39609375 0.00390625 0.0203125 0.0078125
0 0.3828125 0.01015625 0.02578125 0.01328125
0 0.3703125 0.02109375 0.03828125 0.0125
0 0.32265625 0.02578125 0.03515625 0.01796875
0 0.35234375 0.03671875 0.0359375 0.0203125
0 0.29921875 0.040625 0.03515625 0.01953125
0 0.26796875 0.0296875 0.03671875 0.021875
0 0.2453125 0.01640625 0.03671875 0.01640625
0 0.225 0.00859375 0.028125 0.015625
0 0.17109375 0.00859375 0.0328125 0.0171875
0 0.190625 0.01953125 0.03984375 0.01796875
0 0.21484375 0.03046875 0.04140625 0.01875
0 0.24140625 0.04375 0.053125 0.02265625
0 0.2671875 0.059375 0.040625 0.02109375
0 0.20390625 0.0625 0.04765625 0.02109375
0 0.025 0.07734375 0.03671875 0.025
0 0.0328125 0.1046875 0.02265625 0.02265625
0 0.18046875 0.121875 0.04140625 0.01875
0 0.23046875 0.08515625 0.0453125 0.02578125
0 0.30078125 0.08125 0.03671875 0.02421875
0 0.32421875 0.05390625 0.040625 0.0234375
0 0.38828125 0.05078125 0.0328125 0.0234375
0 0.39765625 0.0359375 0.040625 0.01796875
0 0.41171875 0.0203125 0.0375 0.01640625
0 0.42265625 0.009375 0.02421875 0.01640625
0 0.46015625 0.00625 0.0265625 0.009375
0 0.4546875 0.01796875 0.03828125 0.0140625
0 0.44765625 0.0328125 0.03671875 0.01484375
0 0.4421875 0.0484375 0.03515625 0.01796875
0 0.4234375 0.06796875 0.040625 0.0234375
0 0.3734375 0.07109375 0.05234375 0.02578125
0 0.34453125 0.09921875 0.04921875 0.03203125
0 0.40703125 0.0921875 0.0484375 0.025
0 0.38984375 0.12890625 0.05 0.0265625
0 0.303125 0.13828125 0.0546875 0.03671875
0 0.25546875 0.11171875 0.05234375 0.03515625
0 0.0609375 0.13359375 0.05625 0.0234375
0 0.0796875 0.165625 0.08125 0.0375
0 0.20234375 0.15234375 0.06640625 0.03359375
0 0.2453125 0.1921875 0.08203125 0.03984375
0 0.0875 0.21953125 0.090625 0.05
0 0.25859375 0.24140625 0.08125 0.05078125
0 0.1640625 0.28203125 0.1 0.0515625
0 0.3546875 0.178125 0.07421875 0.04375
0 0.42734375 0.2265625 0.06484375 0.0453125
0 0.3828125 0.328125 0.11171875 0.0640625
0 0.21328125 0.375 0.12734375 0.07578125
0 0.30078125 0.52734375 0.1734375 0.09609375
0 0.63515625 0.65078125 0.18359375 0.13125
0 0.525 0.4421875 0.15234375 0.08984375
0 0.5265625 0.2875 0.12734375 0.07265625
0 0.39765625 0.821875 0.25859375 0.14921875
0 0.8359375 0.52265625 0.13515625 0.11640625
0 0.9171875 0.4375 0.12734375 0.07265625
0 0.6640625 0.378125 0.11484375 0.07421875
0 0.7796875 0.3296875 0.09765625 0.0578125
0 0.8484375 0.3 0.09140625 0.05
0 0.93046875 0.25390625 0.09375 0.05078125
0 0.97109375 0.221875 0.05703125 0.04375
0 0.6953125 0.23203125 0.07734375 0.0421875
0 0.77109375 0.2109375 0.06015625 0.04609375
0 0.8234375 0.18828125 0.05625 0.0375
0 0.5265625 0.2046875 0.0671875 0.03984375
0 0.60390625 0.18671875 0.075 0.03515625
0 0.6703125 0.16953125 0.06796875 0.03203125
0 0.728125 0.15859375 0.0625 0.0359375
0 0.7859375 0.14453125 0.04765625 0.03203125
0 0.82890625 0.1328125 0.03984375 0.0234375
0 0.87890625 0.1703125 0.05703125 0.0390625
0 0.92421875 0.159375 0.04375 0.03671875
0 0.96015625 0.14609375 0.03359375 0.03671875
0 0.9859375 0.1375 0.0265625 0.040625
0 0.87109375 0.12265625 0.03125 0.02265625
0 0.90546875 0.11328125 0.025 0.02109375
0 0.9390625 0.10625 0.025 0.01796875
0 0.96484375 0.1 0.02265625 0.01875
0 0.9875 0.0953125 0.025 0.02578125
0 0.45546875 0.165625 0.040625 0.025
0 0.46015625 0.1203125 0.06015625 0.0265625
0 0.525 0.15078125 0.06796875 0.03125
0 0.59296875 0.1390625 0.0515625 0.0296875
0 0.64765625 0.128125 0.0421875 0.03046875
0 0.5265625 0.1109375 0.04609375 0.02734375
0 0.5890625 0.10234375 0.0421875 0.0265625
0 0.63671875 0.0953125 0.04609375 0.025
0 0.68359375 0.08828125 0.03828125 0.02578125
0 0.47109375 0.0875 0.0484375 0.025
0 0.52578125 0.08125 0.046875 0.025
0 0.57734375 0.07578125 0.034375 0.0234375
0 0.61953125 0.0703125 0.034375 0.02265625
0 0.48046875 0.06328125 0.03828125 0.01953125
0 0.4859375 0.0453125 0.04765625 0.0234375
0 0.48828125 0.0296875 0.03203125 0.0171875
0 0.49296875 0.01171875 0.0359375 0.0234375
0 0.52890625 0.06015625 0.0390625 0.01796875
0 0.5296875 0.04375 0.03046875 0.02109375
0 0.528125 0.02890625 0.02890625 0.015625
0 0.52734375 0.01328125 0.02421875 0.01484375
0 0.57265625 0.05546875 0.0359375 0.01796875
0 0.56875 0.040625 0.03359375 0.0203125
0 0.5625 0.02890625 0.0296875 0.01796875
0 0.559375 0.0171875 0.02421875 0.0140625
0 0.5546875 0.00546875 0.021875 0.0109375
0 0.52578125 0.0046875 0.025 0.009375
0 0.58125 0.00546875 0.021875 0.0109375
0 0.590625 0.015625 0.02265625 0.0125
0 0.6015625 0.025 0.02265625 0.01015625
0 0.6046875 0.0359375 0.025 0.0125
0 0.61640625 0.0515625 0.0328125 0.015625
0 0.6609375 0.06640625 0.034375 0.01875
0 0.65078125 0.05 0.03046875 0.01640625
0 0.640625 0.034375 0.02578125 0.0171875
0 0.62890625 0.025 0.0203125 0.015625
0 0.61953125 0.0171875 0.02265625 0.0125
0 0.609375 0.00625 0.021875 0.0125
0 0.6984375 0.06328125 0.02734375 0.01953125
0 0.6796875 0.04609375 0.034375 0.0171875
0 0.66875 0.0328125 0.02734375 0.01484375
0 0.65625 0.02265625 0.0234375 0.0125
0 0.64453125 0.015625 0.01796875 0.01328125
0 0.63671875 0.00546875 0.0234375 0.01015625
0 0.7015625 0.11875 0.04609375 0.02578125
0 0.75 0.1078125 0.0375 0.02421875
0 0.790625 0.10078125 0.0296875 0.02265625
0 0.8265625 0.0953125 0.0359375 0.0234375
0 0.7203125 0.08359375 0.02734375 0.025
0 0.75859375 0.07578125 0.03125 0.02578125
0 0.79296875 0.0734375 0.02734375 0.021875
0 0.82421875 0.06875 0.03046875 0.0234375
0 0.8453125 0.0484375 0.02109375 0.015625
0 0.81875 0.05 0.025 0.02109375
0 0.7921875 0.05234375 0.02265625 0.01484375
0 0.7640625 0.05625 0.0328125 0.0140625
0 0.7296875 0.06015625 0.03046875 0.02109375
0 0.721875 0.04375 0.03359375 0.01328125
0 0.696875 0.0328125 0.021875 0.01796875
0 0.72265625 0.03203125 0.01953125 0.01484375
0 0.68203125 0.021875 0.0203125 0.01171875
0 0.70625 0.021875 0.02109375 0.015625
0 0.73125 0.0203125 0.0203125 0.01015625
0 0.75 0.028125 0.025 0.01015625
0 0.746875 0.04140625 0.015625 0.0140625
0 0.771875 0.03984375 0.025 0.015625
0 0.7921875 0.0375 0.02265625 0.01484375