0 0.071875 0.9203125 0.0671875 0.12265625
0 0.0734375 0.6984375 0.06484375 0.13125
0 0.0640625 0.55 0.04921875 0.09921875
0 0.0296875 0.39375 0.059375 0.10625
0 0.0234375 0.253125 0.0421875 0.11328125
0 0.09609375 0.0875 0.065625 0.08671875
0 0.1296875 0.190625 0.06953125 0.121875
0 0.2328125 0.10703125 0.05234375 0.121875
0 0.3453125 0.06015625 0.05625 0.109375
0 0.2546875 0.2328125 0.06015625 0.1140625
0 0.14296875 0.29453125 0.06328125 0.109375
0 0.1640625 0.4453125 0.05546875 0.1140625
0 0.29296875 0.353125 0.07578125 0.128125
0 0.378125 0.16171875 0.05859375 0.115625
0 0.409375 0.296875 0.07421875 0.13046875
0 0.4890625 0.10078125 0.06640625 0.12734375
0 0.57890625 0.03984375 0.05703125 0.0796875
0 0.62109375 0.1484375 0.0578125 0.125
0 0.5328125 0.209375 0.0609375 0.109375
0 0.725 0.075 0.06640625 0.1125
0 0.81171875 0.03515625 0.06015625 0.0703125
0 0.9515625 0.065625 0.053125 0.10234375
0 0.87265625 0.13515625 0.0703125 0.103125
0 0.784375 0.1796875 0.0546875 0.109375
0 0.678125 0.2703125 0.06484375 0.1390625
0 0.45625 0.44453125 0.0484375 0.09375
0 0.3328125 0.51328125 0.0609375 0.11015625
0 0.22265625 0.58984375 0.06484375 0.10859375
0 0.23046875 0.82421875 0.08828125 0.16015625
0 0.3640625 0.6828125 0.06640625 0.11875
0 0.38359375 0.89609375 0.07421875 0.153125
0 0.6078125 0.4921875 0.07265625 0.13046875
0 0.58046875 0.34453125 0.0359375 0.09765625
0 0.728125 0.40390625 0.06484375 0.1234375
0 0.83203125 0.32265625 0.071875 0.13046875
0 0.91640625 0.25390625 0.04375 0.0828125
0 0.97265625 0.40703125 0.04609375 0.09765625
0 0.87578125 0.475 0.05703125 0.10546875
0 0.765625 0.559375 0.04765625 0.10625
0 0.6640625 0.69375 0.0796875 0.13671875
0 0.52890625 0.76796875 0.06328125 0.09921875
0 0.70234375 0.88046875 0.08125 0.1359375
0 0.821875 0.753125 0.06015625 0.125
0 0.9390625 0.64609375 0.05703125 0.11015625
0 0.88046875 0.95703125 0.05390625 0.08515625