0 0.96875 0.06015625 0.05625 0.07890625
0 0.915625 0.11328125 0.05546875 0.0890625
0 0.82109375 0.04375 0.0546875 0.0859375
0 0.88828125 0.29140625 0.075 0.090625
0 0.775 0.20625 0.059375 0.08984375
0 0.74140625 0.09140625 0.053125 0.084375
0 0.6609375 0.03671875 0.04765625 0.06796875
0 0.94609375 0.4953125 0.07265625 0.11640625
0 0.81171875 0.37109375 0.06875 0.1046875
0 0.69453125 0.28046875 0.06875 0.1015625
0 0.6796875 0.13828125 0.065625 0.08671875
0 0.58515625 0.0796875 0.0578125 0.090625
0 0.84765625 0.58046875 0.08046875 0.125
0 0.72734375 0.45546875 0.08203125 0.1453125
0 0.60546875 0.33671875 0.05390625 0.084375
0 0.5078125 0.25390625 0.05703125 0.1078125
0 0.43046875 0.175 0.0640625 0.09453125
0 0.35234375 0.1 0.05625 0.10625
0 0.90234375 0.87109375 0.090625 0.15546875
0 0.73984375 0.6890625 0.071875 0.12578125
0 0.61953125 0.559375 0.0671875 0.15625
0 0.515625 0.4296875 0.06875 0.1171875
0 0.41171875 0.3296875 0.065625 0.103125
0 0.3296875 0.24140625 0.053125 0.103125
0 0.25859375 0.14765625 0.0484375 0.096875
0 0.2 0.065625 0.053125 0.090625
0 0.6296875 0.81328125 0.07421875 0.1484375
0 0.51328125 0.66875 0.08203125 0.1375
0 0.40703125 0.5359375 0.0734375 0.11328125
0 0.3109375 0.4125 0.0578125 0.11171875
0 0.240625 0.29921875 0.0546875 0.09765625
0 0.171875 0.22265625 0.03671875 0.08203125
0 0.11328125 0.1296875 0.04921875 0.0890625
0 0.05625 0.03984375 0.046875 0.0796875
0 0.39375 0.79765625 0.07734375 0.14140625
0 0.284375 0.61953125 0.06328125 0.1359375
0 0.2109375 0.496875 0.0640625 0.1359375
0 0.1390625 0.3765625 0.04453125 0.0875
0 0.0796875 0.275 0.0546875 0.10625
0 0.028125 0.17578125 0.05546875 0.1015625
0 0.25234375 0.91328125 0.07265625 0.14765625
0 0.1578125 0.69296875 0.0703125 0.13359375
0 0.08359375 0.55859375 0.07421875 0.12265625
0 0.028125 0.4359375 0.05625 0.109375
0 0.0265625 0.8015625 0.053125 0.1
0 0.421875 0.053125 0.05859375 0.09296875
0 0.50234375 0.11875 0.0609375 0.0875
0 0.59609375 0.19453125 0.0796875 0.090625