0 0.478125 0.3890625 0.04296875 0.075
0 0.50703125 0.06640625 0.01796875 0.025
0 0.5421875 0.06875 0.01875 0.021875
0 0.53671875 0.36484375 0.0453125 0.071875
0 0.62890625 0.409375 0.0421875 0.07578125
0 0.6796875 0.1515625 0.01953125 0.02734375
0 0.39296875 0.0203125 0.01953125 0.0234375
0 0.6578125 0.0921875 0.0171875 0.025
0 0.496875 0.30703125 0.04375 0.06875
0 0.415625 0.17578125 0.03515625 0.0453125
0 0.5796875 0.0484375 0.01796875 0.02265625
0 0.2296875 0.3125 0.04609375 0.065625
0 0.55546875 0.125 0.01875 0.03125
0 0.25703125 0.190625 0.0390625 0.0515625
0 0.7140625 0.2671875 0.03046875 0.04296875
0 0.80546875 0.190625 0.025 0.0375
0 0.353125 0.02265625 0.0203125 0.02890625
0 0.5921875 0.12421875 0.01875 0.02890625
0 0.68046875 0.2265625 0.02734375 0.0375
0 0.6078125 0.04921875 0.01953125 0.0265625
0 0.51875 0.04609375 0.0171875 0.02265625
0 0.6796875 0.1859375 0.021875 0.0328125
0 0.815625 0.49140625 0.0421875 0.071875
0 0.5953125 0.09453125 0.01953125 0.02421875
0 0.4640625 0.02109375 0.01640625 0.02578125
0 0.34375 0.13984375 0.0328125 0.04140625
0 0.6296875 0.06796875 0.01875 0.028125
0 0.6484375 0.190625 0.02734375 0.04140625
0 0.521875 0.2484375 0.0359375 0.0453125
0 0.2921875 0.146875 0.03515625 0.0453125
0 0.48515625 0.1328125 0.0296875 0.03828125
0 0.57890625 0.1625 0.0203125 0.03203125
0 0.509375 0.16796875 0.0265625 0.03984375
0 0.68046875 0.11875 0.01796875 0.02265625
0 0.8875 0.44453125 0.03671875 0.05390625
0 0.37734375 0.04765625 0.01953125 0.02578125
0 0.39375 0.06640625 0.021875 0.034375
0 0.76796875 0.1203125 0.01953125 0.028125
0 0.35 0.07578125 0.02578125 0.0359375
0 0.41953125 0.10234375 0.02578125 0.040625
0 0.41796875 0.04609375 0.01953125 0.02421875
0 0.61328125 0.196875 0.0234375 0.03515625
0 0.63828125 0.33828125 0.034375 0.0546875
0 0.571875 0.2015625 0.0234375 0.03515625
0 0.48828125 0.04609375 0.01953125 0.028125
0 0.79140625 0.3546875 0.03125 0.05078125
0 0.61953125 0.16171875 0.02421875 0.03203125
0 0.44296875 0.21953125 0.03671875 0.05
0 0.2765625 0.11171875 0.03203125 0.040625
0 0.6203125 0.12578125 0.02109375 0.03125
0 0.9265625 0.43515625 0.034375 0.053125
0 0.25 0.390625 0.0453125 0.06875
0 0.73984375 0.175 0.021875 0.03125
0 0.5671875 0.2453125 0.02734375 0.0375
0 0.6078125 0.23828125 0.03125 0.03828125
0 0.77578125 0.20078125 0.0234375 0.03359375
0 0.5375 0.2 0.0296875 0.040625
0 0.8359375 0.2203125 0.02265625 0.03671875
0 0.53359375 0.09453125 0.02109375 0.03125
0 0.49375 0.2109375 0.03671875 0.04921875
0 0.32421875 0.10703125 0.0296875 0.040625
0 0.36015625 0.28671875 0.040625 0.06328125
0 0.74375 0.215625 0.0234375 0.03515625
0 0.4328125 0.021875 0.01796875 0.02578125
0 0.1421875 0.28046875 0.034375 0.04609375
0 0.1515625 0.33984375 0.04609375 0.06484375
0 0.4375 0.0640625 0.0234375 0.03125
0 0.57109375 0.06875 0.01640625 0.0203125
0 0.7765625 0.24765625 0.02578125 0.04140625
0 0.3703125 0.1796875 0.03515625 0.0484375
0 0.46640625 0.17109375 0.03046875 0.04296875
0 0.828125 0.34375 0.03359375 0.053125
0 0.8484375 0.27109375 0.025 0.03984375
0 0.228125 0.5796875 0.046875 0.075
0 0.71484375 0.221875 0.02421875 0.034375
0 0.334375 0.2359375 0.0390625 0.05703125
0 0.565625 0.09609375 0.01953125 0.02734375
0 0.80703125 0.41484375 0.03671875 0.05
0 0.51953125 0.1265625 0.021875 0.03203125
0 0.27421875 0.24453125 0.0359375 0.059375
0 0.78515625 0.3046875 0.0296875 0.046875
0 0.67578125 0.38984375 0.0390625 0.06171875
0 0.07578125 0.36015625 0.04921875 0.0703125
0 0.67578125 0.2734375 0.02734375 0.0421875
0 0.665625 0.57578125 0.0484375 0.08046875
0 0.4515625 0.04453125 0.01875 0.0265625
0 0.25703125 0.01796875 0.01953125 0.028125
0 0.46953125 0.065625 0.01875 0.028125
0 0.878125 0.25078125 0.02578125 0.0421875
0 0.64453125 0.27890625 0.0265625 0.04140625
0 0.11953125 0.22890625 0.0390625 0.05625
0 0.67890625 0.3265625 0.03359375 0.05
0 0.0640625 0.29375 0.046875 0.0578125
0 0.3921875 0.1390625 0.02890625 0.04296875
0 0.37265625 0.10625 0.0265625 0.03671875
0 0.0828125 0.0796875 0.0390625 0.04296875
0 0.1296875 0.62421875 0.046875 0.065625
0 0.46953125 0.26484375 0.0359375 0.05234375
0 0.57265625 0.43359375 0.040625 0.0734375
0 0.18828125 0.203125 0.03828125 0.06328125
0 0.62734375 0.0984375 0.01953125 0.02421875
0 0.33125 0.05078125 0.0203125 0.0265625
0 0.98125 0.48671875 0.0375 0.0609375
0 0.38828125 0.34921875 0.04296875 0.0671875
0 0.66015625 0.06015625 0.01640625 0.02578125
0 0.41640625 0.409375 0.03984375 0.07890625
0 0.68359375 0.0859375 0.01796875 0.02578125
0 0.559375 0.02421875 0.01640625 0.0296875
0 0.8390625 0.4 0.02890625 0.0421875
0 0.89296875 0.67421875 0.046875 0.07265625
0 0.459375 0.09921875 0.021875 0.0375
0 0.77109375 0.1640625 0.01953125 0.03125
0 0.29296875 0.3015625 0.03984375 0.0546875
0 0.06796875 0.05078125 0.02890625 0.03046875
0 0.3203125 0.3625 0.0515625 0.07421875
0 0.7578125 0.3625 0.03671875 0.05546875
0 0.9046875 0.3625 0.03125 0.046875
0 0.775 0.51484375 0.0453125 0.075
0 0.4546875 0.484375 0.04765625 0.084375
0 0.95625 0.1671875 0.021875 0.0328125
0 0.875 0.5671875 0.04609375 0.08046875
0 0.309375 0.18515625 0.03359375 0.0546875
0 0.85859375 0.32421875 0.034375 0.05703125
0 0.54609375 0.165625 0.025 0.03671875
0 0.5546875 0.29375 0.03984375 0.0578125
0 0.31484375 0.0296875 0.01953125 0.0265625
0 0.6046875 0.071875 0.015625 0.021875
0 0.72109375 0.55078125 0.05234375 0.09140625
0 0.2921875 0.0109375 0.02265625 0.021875
0 0.61328125 0.50234375 0.05390625 0.08828125
0 0.3859375 0.5 0.05 0.090625
0 0.57265625 0.9515625 0.06640625 0.09140625
0 0.7171875 0.3125 0.0296875 0.04609375
0 0.73671875 0.13671875 0.01796875 0.03125
0 0.1796875 0.40546875 0.0453125 0.06640625
0 0.61328125 0.01484375 0.015625 0.021875
0 0.440625 0.13671875 0.02734375 0.0390625
0 0.1765625 0.15859375 0.0375 0.05390625
0 0.390625 0.225 0.03671875 0.05390625
0 0.6015625 0.28359375 0.03359375 0.05078125
0 0.35 0.43671875 0.05390625 0.090625
0 0.41953125 0.28515625 0.03671875 0.06015625
0 0.9796875 0.15078125 0.02109375 0.03125
0 0.7109375 0.14765625 0.01953125 0.03203125
0 0.45234375 0.32890625 0.0359375 0.06015625
0 0.49765625 0.096875 0.021875 0.034375
0 0.75390625 0.30859375 0.02734375 0.04609375
0 0.76875 0.4328125 0.03515625 0.0546875
0 0.65390625 0.121875 0.01953125 0.02578125
0 0.23203125 0.15078125 0.03359375 0.05234375
0 0.7109375 0.0734375 0.01875 0.02578125
0 0.19375 0.4796875 0.0453125 0.071875
0 0.59375 0.35234375 0.0359375 0.05703125
0 0.96015625 0.409375 0.0390625 0.05234375
0 0.20703125 0.25546875 0.0375 0.059375
0 0.7953125 0.1515625 0.01953125 0.0296875
0 0.1140625 0.5140625 0.04453125 0.065625
0 0.49140625 0.56640625 0.04765625 0.10234375
0 0.97578125 0.19921875 0.0234375 0.03359375
0 0.93671875 0.6328125 0.040625 0.06015625
0 0.72109375 0.37890625 0.03515625 0.05546875
0 0.0921875 0.440625 0.04140625 0.05625
0 0.746875 0.26171875 0.0265625 0.0359375
0 0.85 0.88203125 0.0421875 0.06484375
0 0.65078125 0.15546875 0.02109375 0.03125
0 0.81015625 0.23359375 0.02265625 0.0375
0 0.27578125 0.46640625 0.04296875 0.06953125
0 0.875 0.3875 0.034375 0.0546875
0 0.590625 0.75 0.046875 0.07734375
0 0.73515625 0.09921875 0.01875 0.02890625
0 0.7109375 0.109375 0.01796875 0.02734375
0 0.053125 0.021875 0.0265625 0.03046875
0 0.9765625 0.6078125 0.046875 0.08046875
0 0.85703125 0.471875 0.03359375 0.05234375
0 0.3015625 0.075 0.02421875 0.0375
0 0.9109375 0.53203125 0.03984375 0.06875
0 0.60078125 0.60625 0.04609375 0.08984375
0 0.2703125 0.0328125 0.01796875 0.02421875
0 0.7109375 0.0421875 0.01640625 0.02421875
0 0.8328125 0.17890625 0.01953125 0.0328125
0 0.81875 0.28828125 0.0328125 0.04609375
0 0.890625 0.3046875 0.02421875 0.03671875
0 0.721875 0.45390625 0.0375 0.071875
0 0.965625 0.115625 0.01796875 0.02890625
0 0.2828125 0.8125 0.04140625 0.0734375
0 0.5578125 0.5359375 0.04765625 0.0796875
0 0.53828125 0.6421875 0.05390625 0.096875
0 0.684375 0.053125 0.01640625 0.025
0 0.653125 0.88828125 0.06015625 0.1109375
0 0.8421875 0.71796875 0.0515625 0.0796875
0 0.153125 0.12421875 0.03828125 0.05390625
0 0.1546875 0.7421875 0.053125 0.08125
0 0.9453125 0.50625 0.0375 0.05703125
0 0.49921875 0.02109375 0.01640625 0.025
0 0.2203125 0.115625 0.03046875 0.0390625
0 0.1125 0.17421875 0.046875 0.0609375
0 0.7359375 0.0625 0.01953125 0.025
0 0.446875 0.00859375 0.0171875 0.0171875
0 0.66171875 0.0265625 0.015625 0.0234375
0 0.034375 0.67890625 0.0515625 0.0796875
0 0.76484375 0.0859375 0.01875 0.03125
0 0.48125 0.00703125 0.01640625 0.0140625
0 0.6734375 0.4734375 0.0484375 0.06640625
0 0.23671875 0.0578125 0.025 0.03203125
0 0.346875 0.6265625 0.0484375 0.08203125
0 0.5640625 0.0078125 0.015625 0.015625
0 0.925 0.14375 0.021875 0.03125
0 0.6328125 0.0359375 0.01640625 0.0234375
0 0.0578125 0.24296875 0.03984375 0.05859375
0 0.3828125 0.74453125 0.0421875 0.07421875
0 0.79140625 0.1078125 0.01796875 0.03046875
0 0.25703125 0.07890625 0.02890625 0.03515625
0 0.3140625 0.5515625 0.0546875 0.096875
0 0.98359375 0.1 0.0234375 0.03046875
0 0.33203125 0.9484375 0.06796875 0.09765625
0 0.51953125 0.4546875 0.04375 0.07578125
0 0.7125 0.18046875 0.02109375 0.03125
0 0.64453125 0.23203125 0.0234375 0.02578125
0 0.53984375 0.0109375 0.01796875 0.02109375
0 0.51328125 0.80703125 0.053125 0.096875
0 0.1265625 0.06640625 0.0296875 0.04140625
0 0.9125 0.81953125 0.0453125 0.06875
0 0.7171875 0.67109375 0.05 0.09140625
0 0.50625 0.0078125 0.01796875 0.015625
0 0.0171875 0.5703125 0.02578125 0.05078125
0 0.26015625 0.67421875 0.0421875 0.06484375
0 0.06796875 0.95546875 0.0421875 0.07578125
0 0.43359375 0.875 0.05234375 0.0984375
0 0.95703125 0.76484375 0.0390625 0.05390625
0 0.78359375 0.62109375 0.05390625 0.08359375
0 0.690625 0.01953125 0.0171875 0.02265625
0 0.46796875 0.69453125 0.053125 0.0859375
0 0.94375 0.1265625 0.01953125 0.0296875
0 0.43046875 0.59453125 0.05 0.0890625
0 0.93203125 0.34453125 0.025 0.04296875
0 0.828125 0.58125 0.04453125 0.075
0 0.0125 0.0484375 0.02421875 0.04296875
0 0.0078125 0.3890625 0.01484375 0.06953125
0 0.1109375 0.028125 0.02265625 0.0328125
0 0.3359375 0.009375 0.02265625 0.01875
0 0.4125 0.0078125 0.021875 0.015625
0 0.73515625 0.03125 0.015625 0.01953125
0 0.2078125 0.01875 0.02421875 0.03125
0 0.1875 0.8890625 0.04921875 0.1
0 0.72734375 0.9859375 0.0578125 0.028125
0 0.22421875 0.0359375 0.02109375 0.0296875
0 0.0078125 0.47421875 0.015625 0.0640625
0 0.58125 0.02265625 0.015625 0.0203125
0 0.046875 0.01015625 0.025 0.01953125
0 0.1609375 0.02265625 0.0265625 0.028125
0 0.78125 0.7640625 0.0421875 0.0875
0 0.7234375 0.81953125 0.06015625 0.1015625
0 0.796875 0.94140625 0.0484375 0.0765625
0 0.05 0.81484375 0.04765625 0.08515625
0 0.65546875 0.70546875 0.05078125 0.10390625