0 0.90078125 0.725 0.046875 0.0765625
0 0.83828125 0.79609375 0.05 0.08203125
0 0.76953125 0.89609375 0.06171875 0.103125
0 0.946875 0.40703125 0.0421875 0.06796875
0 0.88828125 0.48359375 0.06328125 0.08828125
0 0.81015625 0.53125 0.04921875 0.06875
0 0.7421875 0.61484375 0.0390625 0.07890625
0 0.66875 0.69453125 0.0359375 0.0796875
0 0.575 0.7765625 0.046875 0.0765625
0 0.4921875 0.9046875 0.05859375 0.103125
0 0.9859375 0.14296875 0.02734375 0.0640625
0 0.95234375 0.1953125 0.03984375 0.05234375
0 0.84921875 0.28125 0.0359375 0.07109375
0 0.7921875 0.32734375 0.05390625 0.0875
0 0.71953125 0.38046875 0.0484375 0.0828125
0 0.64921875 0.4484375 0.0359375 0.07734375
0 0.58125 0.50625 0.0453125 0.0875
0 0.50546875 0.58203125 0.05625 0.10078125
0 0.38203125 0.7234375 0.05 0.09453125
0 0.29296875 0.83515625 0.06640625 0.109375
0 0.16796875 0.93984375 0.0671875 0.11875
0 0.9703125 0.02578125 0.05 0.0515625
0 0.92109375 0.053125 0.04765625 0.06640625
0 0.87265625 0.08515625 0.02890625 0.03671875
0 0.82578125 0.11875 0.05390625 0.07109375
0 0.77265625 0.1703125 0.040625 0.06328125
0 0.64453125 0.23203125 0.0546875 0.0796875
0 0.58125 0.28671875 0.05078125 0.0828125
0 0.5 0.3546875 0.0453125 0.07734375
0 0.4171875 0.41640625 0.03828125 0.06953125
0 0.31171875 0.525 0.05234375 0.090625
0 0.190625 0.61015625 0.05546875 0.11171875
0 0.07109375 0.7078125 0.065625 0.11484375
0 0.63671875 0.0734375 0.05625 0.0734375
0 0.4953125 0.134375 0.0515625 0.08046875
0 0.4140625 0.1953125 0.059375 0.07890625
0 0.346875 0.25703125 0.0484375 0.08203125
0 0.209375 0.34609375 0.05078125 0.09453125
0 0.1109375 0.44375 0.04921875 0.09765625
0 0.01796875 0.53671875 0.0359375 0.096875
0 0.43125 0.03203125 0.04609375 0.0640625
0 0.36171875 0.0671875 0.0546875 0.0828125
0 0.278125 0.109375 0.04453125 0.09375
0 0.1453125 0.209375 0.03515625 0.06796875
0 0.0421875 0.28046875 0.05078125 0.09609375
0 0.15703125 0.03125 0.0421875 0.0625
0 0.06875 0.09140625 0.04296875 0.075