0 0.9734375 0.06953125 0.040625 0.07890625
0 0.82578125 0.0328125 0.04921875 0.065625
0 0.9140625 0.4875 0.04296875 0.08203125
0 0.453125 0.11875 0.05703125 0.084375
0 0.26171875 0.225 0.071875 0.1171875
0 0.403125 0.03828125 0.05625 0.0765625
0 0.14609375 0.2828125 0.08125 0.1203125
0 0.753125 0.06640625 0.04921875 0.075
0 0.11953125 0.625 0.0734375 0.146875
0 0.3234375 0.34375 0.0703125 0.14140625
0 0.2046875 0.39453125 0.090625 0.13828125
0 0.67578125 0.1109375 0.05234375 0.09296875
0 0.21640625 0.128125 0.06640625 0.10546875
0 0.5453125 0.07109375 0.053125 0.09296875
0 0.0328125 0.34453125 0.065625 0.1203125
0 0.17578125 0.0453125 0.05859375 0.090625
0 0.5328125 0.771875 0.090625 0.184375
0 0.3625 0.1875 0.065625 0.125
0 0.37421875 0.4640625 0.06953125 0.12734375
0 0.825 0.33984375 0.04140625 0.08046875
0 0.51875 0.22578125 0.0640625 0.10703125
0 0.25703125 0.54296875 0.0828125 0.1421875
0 0.9125 0.27890625 0.0375 0.0765625
0 0.9125 0.725 0.08046875 0.16015625
0 0.06640625 0.48359375 0.08203125 0.1484375
0 0.42421875 0.284375 0.06015625 0.096875
0 0.1078125 0.1765625 0.06484375 0.11015625
0 0.06875 0.08203125 0.0671875 0.08359375
0 0.32265625 0.690625 0.0765625 0.14140625
0 0.5765625 0.34140625 0.06171875 0.121875
0 0.6203125 0.028125 0.0609375 0.05625
0 0.31171875 0.08828125 0.053125 0.078125
0 0.74453125 0.2171875 0.0484375 0.065625
0 0.63984375 0.71015625 0.0765625 0.13515625
0 0.60078125 0.94921875 0.08671875 0.09453125
0 0.26328125 0.02578125 0.0625 0.0515625
0 0.45 0.60859375 0.06875 0.1421875
0 0.9828125 0.21953125 0.034375 0.06796875
0 0.90546875 0.1203125 0.05078125 0.08515625
0 0.815625 0.55859375 0.0640625 0.121875
0 0.7125 0.89296875 0.07421875 0.146875
0 0.7421875 0.40546875 0.05390625 0.09296875
0 0.18515625 0.80078125 0.06875 0.13515625
0 0.60390625 0.15625 0.0625 0.0953125
0 0.553125 0.55 0.06953125 0.11015625
0 0.8328125 0.159375 0.04140625 0.08359375
0 0.81953125 0.7953125 0.06875 0.1328125
0 0.3859375 0.88125 0.08125 0.13515625
0 0.48046875 0.3890625 0.06171875 0.125
0 0.74453125 0.63125 0.07734375 0.13515625
0 0.946875 0.25 0.02890625 0.06328125
0 0.665625 0.27265625 0.053125 0.08828125
0 0.6546875 0.465625 0.075 0.12109375
0 0.0359375 0.90703125 0.06953125 0.153125
0 0.2421875 0.95390625 0.06640625 0.0859375
0 0.9875 0.40625 0.025 0.0875