0 0.92890625 0.725 0.07890625 0.13671875
0 0.84609375 0.821875 0.0890625 0.14921875
0 0.73828125 0.9203125 0.08125 0.15078125
0 0.96015625 0.359375 0.06953125 0.09765625
0 0.8859375 0.4625 0.06796875 0.09921875
0 0.8046875 0.54921875 0.06875 0.11484375
0 0.71484375 0.63046875 0.08046875 0.13515625
0 0.596875 0.7234375 0.07109375 0.11796875
0 0.4921875 0.8 0.0734375 0.11328125
0 0.35703125 0.92578125 0.08125 0.1484375
0 0.92421875 0.15625 0.05703125 0.0921875
0 0.8578125 0.21953125 0.0625 0.1078125
0 0.775 0.2859375 0.07578125 0.1265625
0 0.68515625 0.37421875 0.07578125 0.12578125
0 0.59296875 0.4484375 0.0703125 0.11796875
0 0.48359375 0.52109375 0.075 0.11796875
0 0.36875 0.6 0.06640625 0.1140625
0 0.07890625 0.81171875 0.0765625 0.14296875
0 0.81953125 0.04765625 0.0609375 0.0953125
0 0.74296875 0.10625 0.05546875 0.0859375
0 0.665625 0.17109375 0.0625 0.09375
0 0.5796875 0.2421875 0.0625 0.09765625
0 0.48671875 0.2984375 0.0671875 0.11640625
0 0.3734375 0.37109375 0.07265625 0.11953125
0 0.2671875 0.434375 0.0578125 0.12109375
0 0.14296875 0.50078125 0.05859375 0.1171875
0 0.57265625 0.04609375 0.0609375 0.08359375
0 0.48671875 0.11328125 0.0671875 0.1
0 0.39375 0.17265625 0.0609375 0.109375
0 0.3 0.2296875 0.06953125 0.1125
0 0.18828125 0.29375 0.06484375 0.10703125
0 0.06015625 0.3734375 0.0625 0.09296875
0 0.3109375 0.078125 0.06171875 0.11640625
0 0.21640625 0.11796875 0.078125 0.12890625
0 0.1 0.19609375 0.0734375 0.11328125
0 0.1484375 0.05703125 0.071875 0.1140625
0 0.04765625 0.10234375 0.07265625 0.13359375