0 0.653125 0.94375 0.096875 0.10703125
0 0.8484375 0.94921875 0.08984375 0.0921875
0 0.75390625 0.8546875 0.0921875 0.13515625
0 0.56015625 0.85625 0.09296875 0.15546875
0 0.434375 0.940625 0.09375 0.11875
0 0.34921875 0.83671875 0.078125 0.14765625
0 0.2265625 0.9328125 0.0984375 0.134375
0 0.16171875 0.81171875 0.07734375 0.134375
0 0.03125 0.9296875 0.0625 0.140625
0 0.103125 0.71875 0.0796875 0.1109375
0 0.04375 0.6328125 0.0734375 0.11328125
0 0.02109375 0.53671875 0.0421875 0.0984375
0 0.03046875 0.37890625 0.06015625 0.09296875
0 0.0703125 0.4328125 0.0625 0.09765625
0 0.1125 0.4875 0.0625 0.1203125
0 0.16015625 0.559375 0.05859375 0.125
0 0.22578125 0.634375 0.06484375 0.12109375
0 0.28203125 0.7296875 0.08125 0.12421875
0 0.478125 0.73984375 0.08046875 0.11796875
0 0.4046875 0.6546875 0.07578125 0.1296875
0 0.33203125 0.5765625 0.0671875 0.1296875
0 0.27265625 0.496875 0.0625 0.1015625
0 0.2171875 0.434375 0.06328125 0.11328125
0 0.17734375 0.378125 0.06171875 0.09453125
0 0.134375 0.3328125 0.05 0.0984375
0 0.0828125 0.2890625 0.0640625 0.10078125
0 0.046875 0.2328125 0.0515625 0.09453125
0 0.02421875 0.1875 0.0484375 0.075
0 0.0109375 0.0703125 0.021875 0.053125
0 0.028125 0.1 0.03671875 0.07734375
0 0.059375 0.1328125 0.03828125 0.0765625
0 0.0921875 0.16953125 0.04765625 0.0890625
0 0.12890625 0.20625 0.0390625 0.09296875
0 0.17109375 0.2421875 0.0515625 0.0921875
0 0.22109375 0.28671875 0.06015625 0.09140625
0 0.265625 0.3375 0.0484375 0.0921875
0 0.309375 0.38515625 0.053125 0.11484375
0 0.3703125 0.44140625 0.071875 0.10703125
0 0.43359375 0.5140625 0.06640625 0.1171875
0 0.49765625 0.57578125 0.07109375 0.12890625
0 0.5734375 0.6640625 0.08359375 0.11640625
0 0.64921875 0.76015625 0.0984375 0.128125
0 0.94375 0.88046875 0.0875 0.1515625
0 0.9203125 0.69453125 0.084375 0.1296875
0 0.83828125 0.7875 0.1015625 0.13515625
0 0.74609375 0.69296875 0.0953125 0.12578125
0 0.83125 0.6140625 0.10234375 0.15390625
0 0.89453125 0.55078125 0.0671875 0.1
0 0.9734375 0.62578125 0.053125 0.1046875
0 0.9609375 0.4984375 0.06953125 0.109375
0 0.66484375 0.60703125 0.08125 0.1375
0 0.7375 0.534375 0.07734375 0.121875
0 0.81015625 0.478125 0.071875 0.11640625
0 0.87421875 0.425 0.07578125 0.13046875
0 0.934375 0.38828125 0.0640625 0.11015625
0 0.97578125 0.34765625 0.0484375 0.1046875
0 0.5859375 0.521875 0.09453125 0.109375
0 0.65703125 0.459375 0.059375 0.10234375
0 0.73515625 0.415625 0.06015625 0.0984375
0 0.79765625 0.37578125 0.06953125 0.08671875
0 0.85703125 0.32734375 0.059375 0.0921875
0 0.909375 0.27890625 0.04765625 0.0828125
0 0.9703125 0.25234375 0.05703125 0.08671875
0 0.50859375 0.4515625 0.0890625 0.08515625
0 0.59140625 0.4015625 0.0671875 0.1140625
0 0.6671875 0.3640625 0.0625 0.1046875
0 0.72578125 0.3140625 0.07265625 0.09140625
0 0.796875 0.2703125 0.05703125 0.09921875
0 0.8484375 0.2421875 0.05546875 0.07421875
0 0.89453125 0.21171875 0.0625 0.07578125
0 0.9453125 0.178125 0.05625 0.071875
0 0.45234375 0.38671875 0.059375 0.1
0 0.39296875 0.33125 0.0703125 0.10390625
0 0.5265625 0.35390625 0.059375 0.11171875
0 0.60234375 0.3015625 0.0703125 0.09375
0 0.66640625 0.26171875 0.04609375 0.07890625
0 0.73203125 0.2265625 0.0578125 0.0859375
0 0.7828125 0.1953125 0.05390625 0.07578125
0 0.8390625 0.16875 0.04921875 0.0703125
0 0.87734375 0.1390625 0.05859375 0.07109375
0 0.93203125 0.11015625 0.0375 0.06015625
0 0.97421875 0.08203125 0.0515625 0.0546875
0 0.98671875 0.15234375 0.02578125 0.07890625
0 0.465625 0.290625 0.07265625 0.0953125
0 0.53984375 0.2578125 0.05234375 0.08671875
0 0.60703125 0.225 0.05703125 0.0765625
0 0.67109375 0.18984375 0.06484375 0.08125
0 0.72265625 0.15859375 0.059375 0.06875
0 0.78203125 0.1296875 0.053125 0.0734375
0 0.828125 0.10234375 0.04765625 0.0671875
0 0.88046875 0.07734375 0.03828125 0.0484375
0 0.91796875 0.065625 0.03671875 0.0484375
0 0.9484375 0.040625 0.04453125 0.03828125
0 0.9078125 0.028125 0.02890625 0.05625
0 0.871875 0.025 0.04765625 0.05
0 0.8234375 0.046875 0.04921875 0.05234375
0 0.8171875 0.021875 0.0375 0.04375
0 0.77265625 0.0171875 0.0453125 0.034375
0 0.778125 0.0625 0.05234375 0.065625
0 0.72265625 0.09453125 0.06015625 0.0640625
0 0.72421875 0.0296875 0.0453125 0.0546875
0 0.678125 0.0171875 0.0390625 0.034375
0 0.67734375 0.05625 0.046875 0.046875
0 0.6703125 0.1078125 0.05 0.06015625
0 0.615625 0.146875 0.05546875 0.06953125
0 0.61953125 0.084375 0.0421875 0.06171875
0 0.62421875 0.02421875 0.0421875 0.0453125
0 0.57890625 0.01640625 0.0375 0.0328125
0 0.575 0.05078125 0.0515625 0.05
0 0.56796875 0.11171875 0.06015625 0.06640625
0 0.55 0.1734375 0.05625 0.0640625
0 0.48828125 0.20859375 0.05546875 0.0734375
0 0.503125 0.13984375 0.0484375 0.07890625
0 0.51796875 0.07265625 0.04609375 0.06640625
0 0.5234375 0.02421875 0.04921875 0.0484375
0 0.4734375 0.0484375 0.04375 0.04453125
0 0.4578125 0.10390625 0.046875 0.06953125
0 0.43515625 0.16796875 0.046875 0.0828125
0 0.4234375 0.2484375 0.06015625 0.0828125
0 0.3328125 0.2953125 0.06015625 0.09921875
0 0.29609375 0.2453125 0.05234375 0.07734375
0 0.375 0.2140625 0.065625 0.096875
0 0.396875 0.1453125 0.05078125 0.0953125
0 0.41328125 0.0859375 0.04375 0.07265625
0 0.43125 0.0296875 0.0515625 0.05859375
0 0.3734375 0.053125 0.04609375 0.06953125
0 0.31875 0.08125 0.03359375 0.0640625
0 0.35859375 0.1125 0.0375 0.059375
0 0.2859375 0.13359375 0.0484375 0.06328125
0 0.24609375 0.2078125 0.06171875 0.090625
0 0.2015625 0.16640625 0.03359375 0.0765625
0 0.175 0.14140625 0.04609375 0.06015625
0 0.13203125 0.10078125 0.04921875 0.0796875
0 0.1015625 0.06171875 0.05390625 0.0734375
0 0.06640625 0.03828125 0.03359375 0.07421875
0 0.04453125 0.025 0.028125 0.05