0 0.30703125 0.04453125 0.0578125 0.0890625
0 0.1015625 0.03828125 0.04609375 0.0765625
0 0.50625 0.05546875 0.0515625 0.0796875
0 0.74453125 0.04296875 0.0484375 0.08203125
0 0.6546875 0.2484375 0.04375 0.07890625
0 0.77421875 0.1734375 0.04609375 0.07421875
0 0.5875 0.31796875 0.04765625 0.075
0 0.57109375 0.0265625 0.0515625 0.053125
0 0.36640625 0.1234375 0.0484375 0.08515625
0 0.51171875 0.19375 0.0484375 0.07578125
0 0.5140625 0.57734375 0.0515625 0.08359375
0 0.6140625 0.7265625 0.0453125 0.0765625
0 0.11953125 0.8734375 0.07890625 0.14453125
0 0.38671875 0.0234375 0.06015625 0.04609375
0 0.2640625 0.3671875 0.05546875 0.1
0 0.78828125 0.2953125 0.05234375 0.084375
0 0.1546875 0.59765625 0.0671875 0.13203125
0 0.21015625 0.23046875 0.06015625 0.08984375
0 0.20234375 0.4078125 0.05546875 0.11953125
0 0.73046875 0.3796875 0.03984375 0.07578125
0 0.03359375 0.70859375 0.0671875 0.1484375
0 0.44453125 0.0859375 0.05078125 0.09765625
0 0.09140625 0.465625 0.06171875 0.12421875
0 0.2296875 0.0859375 0.053125 0.0953125
0 0.440625 0.89140625 0.0640625 0.12109375
0 0.034375 0.35078125 0.06640625 0.1046875
0 0.434375 0.24765625 0.04296875 0.08359375
0 0.68828125 0.0703125 0.04921875 0.0765625
0 0.7171875 0.215625 0.05078125 0.08203125
0 0.52890625 0.81171875 0.053125 0.08515625
0 0.14609375 0.13203125 0.05 0.08203125
0 0.34921875 0.50546875 0.05625 0.11171875
0 0.6078125 0.528125 0.0609375 0.121875
0 0.82890625 0.1265625 0.06015625 0.10390625
0 0.57890625 0.153125 0.046875 0.0765625
0 0.36015625 0.309375 0.06015625 0.090625
0 0.33359375 0.709375 0.06640625 0.103125
0 0.33515625 0.96015625 0.07265625 0.0796875
0 0.728125 0.92265625 0.05 0.09609375
0 0.23828125 0.78125 0.06953125 0.1171875
0 0.425 0.6484375 0.05859375 0.109375
0 0.29375 0.17734375 0.05703125 0.09140625
0 0.6390625 0.11015625 0.05 0.07421875
0 0.759375 0.60078125 0.053125 0.109375
0 0.8859375 0.4171875 0.0703125 0.11796875
0 0.2484375 0.546875 0.05703125 0.1125
0 0.0671875 0.1859375 0.05078125 0.0828125
0 0.51171875 0.37578125 0.0484375 0.08828125
0 0.875 0.7390625 0.05625 0.10234375
0 0.67890625 0.44765625 0.0453125 0.09375
0 0.1203125 0.29296875 0.04609375 0.084375
0 0.43203125 0.4484375 0.0484375 0.09609375
0 0.80625 0.81015625 0.07109375 0.11171875