0 0.05546875 0.10390625 0.0703125 0.07734375
0 0.0671875 0.1734375 0.0609375 0.07421875
0 0.16171875 0.04609375 0.06875 0.0734375
0 0.31640625 0.1328125 0.065625 0.0984375
0 0.91015625 0.12265625 0.053125 0.09921875
0 0.68671875 0.140625 0.06875 0.109375
0 0.4375 0.17421875 0.06015625 0.08984375
0 0.22890625 0.38359375 0.075 0.115625
0 0.04453125 0.0296875 0.05546875 0.059375
0 0.19609375 0.18984375 0.0609375 0.08359375
0 0.11171875 0.45078125 0.0671875 0.1015625
0 0.40078125 0.0734375 0.0640625 0.09765625
0 0.5515625 0.11484375 0.06796875 0.09140625
0 0.284375 0.0625 0.0640625 0.08984375
0 0.4859375 0.2453125 0.06484375 0.10234375
0 0.828125 0.16640625 0.0546875 0.103125
0 0.22265625 0.2734375 0.06953125 0.09765625
0 0.4484375 0.56171875 0.06875 0.1078125
0 0.3703125 0.31484375 0.07578125 0.1
0 0.496875 0.72890625 0.07265625 0.13984375
0 0.171875 0.1171875 0.06640625 0.0828125
0 0.8625 0.04921875 0.05625 0.08515625
0 0.74765625 0.225 0.059375 0.0875
0 0.9734375 0.21484375 0.053125 0.1140625
0 0.40703125 0.428125 0.07578125 0.1046875
0 0.76875 0.95 0.0859375 0.09296875
0 0.64140625 0.065625 0.053125 0.08125
0 0.8875 0.2765625 0.06328125 0.1125
0 0.50703125 0.040625 0.065625 0.08125
0 0.640625 0.29375 0.06328125 0.09921875
0 0.35078125 0.809375 0.065625 0.128125
0 0.37265625 0.02421875 0.06953125 0.0484375
0 0.5875 0.20546875 0.0609375 0.08828125
0 0.09609375 0.346875 0.07265625 0.10078125
0 0.95859375 0.37421875 0.07421875 0.13046875
0 0.690625 0.39296875 0.05859375 0.096875
0 0.18671875 0.94765625 0.06796875 0.0984375
0 0.5609375 0.909375 0.0703125 0.16640625
0 0.33984375 0.2203125 0.06875 0.090625
0 0.9015625 0.875 0.0796875 0.15234375
0 0.7 0.77421875 0.0765625 0.1375
0 0.63359375 0.61953125 0.07734375 0.13984375
0 0.278125 0.496875 0.06328125 0.10078125
0 0.78515625 0.33125 0.046875 0.08671875
0 0.81875 0.6859375 0.0703125 0.15
0 0.78359375 0.0953125 0.05703125 0.0953125
0 0.7484375 0.5265625 0.05234375 0.09609375
0 0.52578125 0.35859375 0.0578125 0.0953125
0 0.865625 0.46484375 0.06484375 0.103125
0 0.12265625 0.60546875 0.078125 0.15625
0 0.93046875 0.6046875 0.06484375 0.1390625
0 0.065625 0.2609375 0.05859375 0.1078125
0 0.14453125 0.76015625 0.0796875 0.13984375
0 0.56953125 0.47109375 0.06328125 0.09296875
0 0.3140625 0.66171875 0.06484375 0.15703125