0 0.98046875 0.31640625 0.03828125 0.06640625
0 0.96953125 0.234375 0.0375 0.06953125
0 0.97265625 0.17578125 0.0484375 0.06171875
0 0.95625 0.1125 0.04453125 0.05703125
0 0.95234375 0.04609375 0.04609375 0.053125
0 0.87734375 0.0171875 0.04296875 0.03359375
0 0.8765625 0.059375 0.03828125 0.05390625
0 0.88359375 0.109375 0.03828125 0.05078125
0 0.8875 0.17890625 0.046875 0.0671875
0 0.8828125 0.26015625 0.04296875 0.06171875
0 0.8875 0.35078125 0.04375 0.06796875
0 0.890625 0.46171875 0.040625 0.0671875
0 0.9 0.58046875 0.05078125 0.075
0 0.89375 0.73359375 0.05 0.0703125
0 0.8921875 0.9 0.0625 0.084375
0 0.80078125 0.021875 0.0359375 0.04375
0 0.79921875 0.0734375 0.03984375 0.053125
0 0.7953125 0.12578125 0.04140625 0.04140625
0 0.7953125 0.20703125 0.04140625 0.06953125
0 0.784375 0.290625 0.028125 0.05703125
0 0.7875 0.39921875 0.04296875 0.071875
0 0.7828125 0.5171875 0.05546875 0.07734375
0 0.77578125 0.65234375 0.05 0.06640625
0 0.7578125 0.82578125 0.05703125 0.0953125
0 0.71484375 0.034375 0.04375 0.0671875
0 0.7109375 0.090625 0.04921875 0.0625
0 0.70546875 0.16171875 0.04375 0.0796875
0 0.6890625 0.24296875 0.040625 0.065625
0 0.6765625 0.3390625 0.05 0.07421875
0 0.65234375 0.44765625 0.0453125 0.059375
0 0.640625 0.58046875 0.05078125 0.0859375
0 0.628125 0.74453125 0.0484375 0.0796875
0 0.596875 0.9515625 0.06015625 0.09609375
0 0.625 0.0453125 0.03046875 0.06484375
0 0.61875 0.12578125 0.04375 0.07109375
0 0.59765625 0.2046875 0.03984375 0.04453125
0 0.575 0.2875 0.04453125 0.0875
0 0.56015625 0.390625 0.0484375 0.07578125
0 0.52265625 0.5265625 0.04140625 0.071875
0 0.496875 0.67421875 0.05859375 0.0859375
0 0.46484375 0.85546875 0.06484375 0.10859375
0 0.4859375 0.25 0.04765625 0.071875
0 0.45546875 0.340625 0.0421875 0.071875
0 0.428125 0.46015625 0.0484375 0.08125
0 0.3859375 0.5875 0.0609375 0.0921875
0 0.34453125 0.77734375 0.06328125 0.0984375
0 0.284375 0.95390625 0.06015625 0.0921875
0 0.421875 0.11171875 0.0390625 0.06328125
0 0.39296875 0.1953125 0.03671875 0.0671875
0 0.35625 0.2859375 0.0296875 0.0671875
0 0.2875 0.53671875 0.04609375 0.0828125
0 0.21484375 0.69296875 0.0359375 0.09453125
0 0.15390625 0.86953125 0.04375 0.09453125
0 0.315625 0.153125 0.0390625 0.0703125
0 0.28046875 0.25 0.04140625 0.07890625
0 0.23203125 0.34140625 0.04296875 0.07734375
0 0.178125 0.471875 0.06328125 0.12109375
0 0.11328125 0.6015625 0.04296875 0.1125
0 0.0390625 0.77109375 0.05078125 0.10703125
0 0.23203125 0.1140625 0.0375 0.07578125
0 0.15390625 0.07109375 0.040625 0.05703125
0 0.08046875 0.03046875 0.040625 0.0609375
0 0.19375 0.19765625 0.04375 0.07578125
0 0.1078125 0.15234375 0.03671875 0.05234375
0 0.03359375 0.11015625 0.03125 0.05625
0 0.14609375 0.2859375 0.0453125 0.084375
0 0.05625 0.24453125 0.04296875 0.065625
0 0.07734375 0.40703125 0.05859375 0.07578125
0 0.021875 0.54921875 0.0390625 0.07421875