0 0.05 0.85390625 0.09921875 0.14609375
0 0.103125 0.725 0.190625 0.1640625
0 0.121875 0.5859375 0.19375 0.15625
0 0.12421875 0.48984375 0.2265625 0.15546875
0 0.1921875 0.41171875 0.15859375 0.096875
0 0.2046875 0.33671875 0.14921875 0.090625
0 0.046875 0.3359375 0.09375 0.0765625
0 0.0515625 0.2734375 0.103125 0.08359375
0 0.0609375 0.21796875 0.10390625 0.059375
0 0.06484375 0.1640625 0.12421875 0.0765625
0 0.11171875 0.1140625 0.11171875 0.0671875
0 0.2375 0.10390625 0.09921875 0.059375
0 0.27109375 0.05390625 0.08359375 0.04140625
0 0.225 0.15625 0.125 0.07578125
0 0.20859375 0.21875 0.13515625 0.07265625
0 0.19296875 0.278125 0.13828125 0.07265625
0 0.27578125 0.84765625 0.1734375 0.1609375
0 0.25625 0.9640625 0.19609375 0.071875
0 0.4671875 0.94375 0.18515625 0.11171875
0 0.5 0.846875 0.20234375 0.1296875
0 0.30390625 0.7015625 0.21171875 0.1484375
0 0.5203125 0.72109375 0.17265625 0.13671875
0 0.31953125 0.57890625 0.1765625 0.1125
0 0.5203125 0.57890625 0.14375 0.1421875
0 0.3546875 0.48125 0.18046875 0.09375
0 0.35 0.40703125 0.1359375 0.08125
0 0.36875 0.34296875 0.11484375 0.07109375
0 0.5234375 0.44375 0.13828125 0.11171875
0 0.54609375 0.36171875 0.11171875 0.0640625
0 0.54140625 0.296875 0.10625 0.07734375
0 0.37109375 0.2859375 0.12734375 0.0765625
0 0.3640625 0.2265625 0.1296875 0.084375
0 0.37265625 0.16640625 0.13203125 0.07109375
0 0.5078125 0.21875 0.08828125 0.0765625
0 0.5296875 0.17265625 0.12734375 0.0625
0 0.52578125 0.1140625 0.096875 0.07578125
0 0.39765625 0.10859375 0.11953125 0.06796875
0 0.68203125 0.95234375 0.16875 0.0953125
0 0.7109375 0.86484375 0.18359375 0.140625
0 0.70390625 0.72421875 0.1515625 0.12734375
0 0.91796875 0.965625 0.13203125 0.06875
0 0.915625 0.8578125 0.15078125 0.17734375
0 0.87734375 0.71875 0.1671875 0.11953125
0 0.70546875 0.63046875 0.1546875 0.13984375
0 0.87734375 0.6328125 0.1421875 0.084375
0 0.871875 0.53984375 0.15234375 0.11015625
0 0.6984375 0.52578125 0.13046875 0.090625
0 0.6921875 0.440625 0.1234375 0.10078125
0 0.8578125 0.4640625 0.14609375 0.09765625
0 0.83046875 0.36953125 0.128125 0.06875
0 0.66328125 0.36875 0.1234375 0.075
0 0.65625 0.2984375 0.12734375 0.10234375
0 0.81953125 0.30703125 0.11875 0.09375
0 0.95546875 0.3875 0.0890625 0.08125
0 0.94140625 0.3125 0.10234375 0.0609375
0 0.66796875 0.2375 0.11328125 0.04609375
0 0.65859375 0.1828125 0.103125 0.0796875
0 0.64921875 0.10078125 0.12734375 0.11171875
0 0.7765625 0.053125 0.11015625 0.10625
0 0.77734375 0.16171875 0.12421875 0.11328125
0 0.8 0.25 0.134375 0.059375
0 0.928125 0.25 0.1296875 0.06875
0 0.91328125 0.19296875 0.12421875 0.0734375
0 0.903125 0.1375 0.1234375 0.06953125
0 0.89609375 0.07734375 0.1125 0.0828125
0 0.8875 0.01796875 0.0859375 0.0359375