0 0.38125 0.03046875 0.053125 0.06015625
0 0.65546875 0.1359375 0.04453125 0.0765625
0 0.771875 0.0703125 0.0453125 0.07265625
0 0.5890625 0.20234375 0.0484375 0.07421875
0 0.58125 0.04140625 0.04609375 0.07109375
0 0.075 0.52421875 0.06640625 0.13828125
0 0.715625 0.10546875 0.04765625 0.075
0 0.06328125 0.2265625 0.06640625 0.1015625
0 0.12109375 0.32109375 0.06015625 0.11015625
0 0.640625 0.02265625 0.0453125 0.0453125
0 0.15859375 0.675 0.07265625 0.1421875
0 0.52578125 0.43046875 0.05078125 0.08515625
0 0.2296875 0.1140625 0.059375 0.08828125
0 0.190625 0.44140625 0.06328125 0.12734375
0 0.365625 0.36015625 0.059375 0.10625
0 0.6125 0.3921875 0.0671875 0.11484375
0 0.30390625 0.0671875 0.0546875 0.0796875
0 0.165625 0.03125 0.05546875 0.0625
0 0.8234375 0.0375 0.05859375 0.07421875
0 0.52109375 0.08671875 0.0484375 0.07421875
0 0.1484375 0.1703125 0.0515625 0.08359375
0 0.02265625 0.375 0.04453125 0.1328125
0 0.22421875 0.2796875 0.059375 0.1203125
0 0.73046875 0.2625 0.04296875 0.08828125
0 0.1 0.07421875 0.0546875 0.08125
0 0.03671875 0.79609375 0.0640625 0.13125
0 0.01796875 0.12421875 0.0359375 0.10078125
0 0.525 0.24921875 0.04921875 0.0859375
0 0.84765625 0.92734375 0.0453125 0.1046875
0 0.28515625 0.23828125 0.06171875 0.10234375
0 0.78515625 0.178125 0.0515625 0.078125
0 0.76953125 0.453125 0.0765625 0.1359375
0 0.73046875 0.73984375 0.0515625 0.096875
0 0.45703125 0.709375 0.06015625 0.11953125
0 0.271875 0.39375 0.05703125 0.10703125
0 0.44296875 0.13671875 0.04609375 0.08828125
0 0.915625 0.83203125 0.06328125 0.1171875
0 0.3546875 0.56328125 0.06328125 0.1359375
0 0.8046875 0.646875 0.07421875 0.10546875
0 0.56796875 0.89375 0.09140625 0.14296875
0 0.24609375 0.875 0.0625 0.12890625
0 0.84921875 0.15546875 0.0421875 0.08515625
0 0.4421875 0.31171875 0.05625 0.09296875
0 0.62265625 0.571875 0.04609375 0.08359375
0 0.871875 0.57421875 0.065625 0.12109375
0 0.88125 0.296875 0.0703125 0.12109375
0 0.43984375 0.48828125 0.06171875 0.11640625
0 0.37109375 0.19453125 0.0703125 0.1015625
0 0.540625 0.63671875 0.0546875 0.0828125
0 0.65234375 0.80703125 0.0546875 0.1078125
0 0.46328125 0.95 0.07421875 0.09296875
0 0.36171875 0.77578125 0.0703125 0.128125
0 0.8375 0.39375 0.08671875 0.11953125
0 0.27265625 0.59296875 0.06328125 0.11484375
0 0.92421875 0.4953125 0.0515625 0.08984375