0 0.89921875 0.77890625 0.0484375 0.08984375
0 0.74609375 0.790625 0.04453125 0.0828125
0 0.60234375 0.80390625 0.04375 0.0796875
0 0.45390625 0.79765625 0.04375 0.071875
0 0.31953125 0.8234375 0.04140625 0.06796875
0 0.85625 0.60234375 0.0375 0.06015625
0 0.72109375 0.61640625 0.04453125 0.06328125
0 0.590625 0.6234375 0.0390625 0.0703125
0 0.46015625 0.63828125 0.0390625 0.0609375
0 0.3375 0.646875 0.04375 0.0609375
0 0.353125 0.50625 0.03984375 0.06953125
0 0.46953125 0.4921875 0.03046875 0.04296875
0 0.584375 0.4796875 0.03515625 0.0515625
0 0.7015625 0.4734375 0.03125 0.05703125
0 0.8296875 0.4578125 0.04921875 0.05703125
0 0.96015625 0.44921875 0.03203125 0.0421875
0 0.9171875 0.3296875 0.04296875 0.05546875
0 0.803125 0.34453125 0.03359375 0.053125
0 0.6890625 0.3515625 0.03203125 0.05078125
0 0.57890625 0.3703125 0.02578125 0.03984375
0 0.471875 0.37578125 0.03515625 0.05234375
0 0.37109375 0.3890625 0.040625 0.06953125
0 0.384375 0.284375 0.03671875 0.0546875
0 0.47734375 0.27421875 0.04140625 0.0703125
0 0.57890625 0.26484375 0.02421875 0.04921875
0 0.67421875 0.25703125 0.0265625 0.04453125
0 0.7796875 0.24296875 0.03046875 0.03671875
0 0.8859375 0.2296875 0.0234375 0.04453125
0 0.959375 0.1140625 0.07109375 0.09921875
0 0.93125 0.0453125 0.05390625 0.0609375
0 0.83671875 0.0625 0.05625 0.07421875
0 0.85859375 0.134375 0.0390625 0.0765625
0 0.76171875 0.1515625 0.0390625 0.078125
0 0.74375 0.06875 0.03984375 0.06640625
0 0.6484375 0.0265625 0.03984375 0.053125
0 0.65390625 0.0875 0.0421875 0.06875
0 0.6640625 0.1640625 0.04296875 0.07265625
0 0.5703125 0.178125 0.0421875 0.06015625
0 0.565625 0.09921875 0.04296875 0.07890625
0 0.56796875 0.0359375 0.0328125 0.0640625
0 0.48359375 0.04375 0.0453125 0.06484375
0 0.48359375 0.1015625 0.04609375 0.0578125
0 0.47890625 0.18671875 0.053125 0.07421875
0 0.39375 0.196875 0.04609375 0.06796875
0 0.39921875 0.1203125 0.0359375 0.0625
0 0.41015625 0.053125 0.0375 0.05859375
0 0.3296875 0.06328125 0.034375 0.06328125
0 0.31640625 0.13125 0.0390625 0.0578125
0 0.3046875 0.20546875 0.034375 0.05390625
0 0.34296875 0.01328125 0.01875 0.0265625
0 0.26953125 0.02265625 0.021875 0.04453125
0 0.25390625 0.08125 0.03671875 0.06171875
0 0.2375 0.14453125 0.0375 0.05859375
0 0.21796875 0.2140625 0.0390625 0.06953125
0 0.19609375 0.30234375 0.025 0.04609375
0 0.2875 0.290625 0.0390625 0.0546875
0 0.26328125 0.3953125 0.03515625 0.06015625
0 0.17109375 0.40234375 0.05078125 0.071875
0 0.10546875 0.31953125 0.02421875 0.04296875
0 0.06953125 0.4140625 0.03515625 0.04765625
0 0.03203125 0.53046875 0.0359375 0.059375
0 0.13828125 0.521875 0.03828125 0.05390625
0 0.24375 0.51015625 0.03125 0.05546875
0 0.215625 0.6484375 0.028125 0.06015625
0 0.0984375 0.65859375 0.0484375 0.07734375
0 0.18359375 0.82578125 0.04453125 0.07421875
0 0.05 0.8296875 0.04140625 0.06328125