0 0.89140625 0.75546875 0.13515625 0.209375
0 0.84140625 0.4125 0.0921875 0.13671875
0 0.7203125 0.58671875 0.11640625 0.19296875
0 0.56171875 0.79921875 0.1765625 0.28515625
0 0.9625 0.05 0.06796875 0.1
0 0.909375 0.115625 0.059375 0.11015625
0 0.840625 0.196875 0.07890625 0.1203125
0 0.74765625 0.2953125 0.07421875 0.15546875
0 0.621875 0.4375 0.1 0.1703125
0 0.4703125 0.62421875 0.10234375 0.1828125
0 0.25390625 0.84921875 0.17421875 0.2796875
0 0.825 0.0484375 0.06953125 0.096875
0 0.74765625 0.1125 0.06171875 0.115625
0 0.66015625 0.18671875 0.0703125 0.115625
0 0.68671875 0.0484375 0.07421875 0.08359375
0 0.5890625 0.10625 0.07265625 0.11875
0 0.5109375 0.04375 0.06328125 0.08671875
0 0.5359375 0.296875 0.08828125 0.15546875
0 0.4640625 0.19453125 0.0875 0.13125
0 0.409375 0.0984375 0.0796875 0.13515625
0 0.353125 0.0484375 0.0609375 0.096875
0 0.38359375 0.4421875 0.0859375 0.1765625
0 0.31328125 0.30625 0.09296875 0.165625
0 0.278125 0.203125 0.09375 0.128125
0 0.21328125 0.0953125 0.0796875 0.1375
0 0.1796875 0.6390625 0.1640625 0.253125
0 0.115625 0.44921875 0.13046875 0.20390625
0 0.075 0.303125 0.09921875 0.159375
0 0.04921875 0.18203125 0.0796875 0.1578125
0 0.034375 0.07421875 0.06875 0.1390625