0 0.2265625 0.15390625 0.06484375 0.0984375
0 0.4296875 0.32734375 0.0609375 0.10546875
0 0.3203125 0.11640625 0.0625 0.103125
0 0.26328125 0.2515625 0.07421875 0.12578125
0 0.48359375 0.04140625 0.05234375 0.08203125
0 0.75078125 0.278125 0.065625 0.12421875
0 0.08515625 0.103125 0.05703125 0.09296875
0 0.48203125 0.434375 0.0703125 0.11328125
0 0.73515625 0.43671875 0.071875 0.1328125
0 0.1125 0.2125 0.0640625 0.103125
0 0.2765625 0.034375 0.06328125 0.06796875
0 0.32421875 0.35703125 0.0734375 0.134375
0 0.46015625 0.16875 0.05078125 0.08984375
0 0.30703125 0.71953125 0.07890625 0.16640625
0 0.82734375 0.3875 0.0703125 0.1296875
0 0.5046875 0.27265625 0.0546875 0.1078125
0 0.40703125 0.08203125 0.05078125 0.07578125
0 0.9078125 0.5 0.075 0.11953125
0 0.90859375 0.3390625 0.0671875 0.12421875
0 0.55 0.5421875 0.06953125 0.13671875
0 0.375 0.484375 0.075 0.1328125
0 0.59609375 0.22265625 0.05546875 0.09453125
0 0.67578125 0.19375 0.0515625 0.09921875
0 0.71015625 0.90078125 0.0765625 0.12109375
0 0.6375 0.484375 0.0734375 0.13359375
0 0.51015625 0.803125 0.08046875 0.13828125
0 0.25234375 0.56796875 0.07109375 0.1125
0 0.978125 0.45 0.04375 0.1328125
0 0.14609375 0.3109375 0.065625 0.10625
0 0.74921875 0.1328125 0.0484375 0.0875
0 0.89140625 0.03359375 0.05390625 0.0671875
0 0.9109375 0.725 0.06875 0.125
0 0.975 0.28203125 0.05 0.1171875
0 0.03515625 0.36796875 0.06640625 0.11015625
0 0.3609375 0.21796875 0.06328125 0.10390625
0 0.07578125 0.48671875 0.05625 0.121875
0 0.18515625 0.065625 0.05703125 0.09296875
0 0.8203125 0.24609375 0.0546875 0.10078125
0 0.71484375 0.634375 0.078125 0.1328125
0 0.81796875 0.5734375 0.075 0.14375
0 0.37578125 0.9078125 0.08515625 0.15546875
0 0.11875 0.6625 0.07890625 0.14453125
0 0.5703125 0.37265625 0.0671875 0.1140625
0 0.6671875 0.328125 0.059375 0.11015625
0 0.54609375 0.14609375 0.0578125 0.0984375
0 0.69765625 0.0390625 0.04375 0.07265625
0 0.1984375 0.434375 0.059375 0.1078125
0 0.82890625 0.0765625 0.05234375 0.08359375
0 0.621875 0.7046875 0.078125 0.140625
0 0.890625 0.178125 0.05546875 0.0890625
0 0.81953125 0.80078125 0.075 0.13828125
0 0.96875 0.12109375 0.059375 0.103125
0 0.4296875 0.61640625 0.0734375 0.12890625
0 0.02578125 0.9296875 0.0515625 0.11875
0 0.61484375 0.10078125 0.046875 0.090625
0 0.17421875 0.83671875 0.090625 0.14765625