0 0.12734375 0.66171875 0.0921875 0.1671875
0 0.06484375 0.53828125 0.1296875 0.1953125
0 0.13671875 0.3375 0.08359375 0.18828125
0 0.0359375 0.06796875 0.071875 0.1359375
0 0.23515625 0.190625 0.0828125 0.14453125
0 0.36796875 0.12578125 0.0796875 0.09921875
0 0.44140625 0.0703125 0.07734375 0.13984375
0 0.521875 0.05625 0.06875 0.1125
0 0.5171875 0.15234375 0.06015625 0.12265625
0 0.4265625 0.21015625 0.07109375 0.10234375
0 0.33984375 0.26953125 0.0984375 0.1296875
0 0.4375 0.28125 0.0703125 0.12109375
0 0.4640625 0.40703125 0.09453125 0.17734375
0 0.63515625 0.3796875 0.12578125 0.19921875
0 0.634375 0.1953125 0.06796875 0.1140625
0 0.6234375 0.12734375 0.06953125 0.0703125
0 0.76875 0.11875 0.10703125 0.16328125
0 0.9421875 0.20625 0.0796875 0.20546875
0 0.82890625 0.284375 0.0875 0.159375
0 0.8640625 0.42578125 0.07578125 0.17265625
0 0.95703125 0.57109375 0.0859375 0.2109375
0 0.8578125 0.82265625 0.1921875 0.27734375
0 0.65390625 0.48203125 0.04140625 0.24765625