0 0.05234375 0.7109375 0.0484375 0.096875
0 0.01953125 0.565625 0.03125 0.07578125
0 0.11484375 0.50859375 0.03828125 0.09453125
0 0.07578125 0.3734375 0.05859375 0.1046875
0 0.009375 0.19375 0.01875 0.090625
0 0.0390625 0.0640625 0.0453125 0.06796875
0 0.1125 0.04296875 0.0453125 0.084375
0 0.08046875 0.140625 0.04765625 0.075
0 0.1515625 0.10625 0.0375 0.06015625
0 0.2125 0.06875 0.04609375 0.0765625
0 0.2703125 0.03203125 0.034375 0.0640625
0 0.18671875 0.17421875 0.03359375 0.07734375
0 0.1140625 0.2359375 0.0484375 0.09453125
0 0.2546875 0.146875 0.04453125 0.0859375
0 0.3140625 0.0984375 0.0515625 0.10859375
0 0.36875 0.0578125 0.0390625 0.0734375
0 0.4234375 0.0296875 0.03125 0.059375
0 0.14765625 0.32734375 0.04453125 0.10859375
0 0.2296875 0.27734375 0.04296875 0.09140625
0 0.2890625 0.221875 0.03046875 0.07109375
0 0.4109375 0.1421875 0.0515625 0.07265625
0 0.4703125 0.10078125 0.03671875 0.07421875
0 0.51640625 0.071875 0.03046875 0.06953125
0 0.571875 0.03515625 0.04921875 0.0703125
0 0.35390625 0.18359375 0.03984375 0.06328125
0 0.1859375 0.43671875 0.0484375 0.08046875
0 0.2640625 0.3734375 0.04140625 0.090625
0 0.32265625 0.33046875 0.05234375 0.09609375
0 0.38671875 0.26875 0.05078125 0.096875
0 0.45859375 0.23125 0.03125 0.07734375
0 0.5109375 0.17578125 0.0375 0.08984375
0 0.56328125 0.14453125 0.03828125 0.071875
0 0.61484375 0.115625 0.040625 0.0703125
0 0.66796875 0.0859375 0.03671875 0.06484375
0 0.70703125 0.04375 0.04296875 0.078125
0 0.746875 0.03359375 0.0359375 0.06640625
0 0.78203125 0.03359375 0.0390625 0.06640625
0 0.14140625 0.634375 0.06015625 0.109375
0 0.22578125 0.5375 0.05859375 0.12734375
0 0.31328125 0.48515625 0.0515625 0.09375
0 0.36796875 0.43046875 0.0484375 0.10390625
0 0.4328125 0.36484375 0.04609375 0.08203125
0 0.49375 0.32890625 0.04375 0.08359375
0 0.55625 0.271875 0.04375 0.08046875
0 0.60703125 0.2296875 0.040625 0.06953125
0 0.66328125 0.19765625 0.0515625 0.078125
0 0.70859375 0.16015625 0.04375 0.05390625
0 0.7515625 0.1265625 0.04296875 0.0640625
0 0.7875 0.09453125 0.040625 0.0546875
0 0.82421875 0.08359375 0.03828125 0.05078125
0 0.86875 0.0640625 0.03984375 0.06015625
0 0.90859375 0.03984375 0.03515625 0.05625
0 0.2734375 0.69140625 0.0390625 0.10234375
0 0.3515625 0.6109375 0.05703125 0.09140625
0 0.228125 0.9328125 0.053125 0.1
0 0.3203125 0.85 0.05 0.11875
0 0.396875 0.7609375 0.05859375 0.09140625
0 0.475 0.6734375 0.0421875 0.10859375
0 0.421875 0.5453125 0.040625 0.090625
0 0.48125 0.47109375 0.0421875 0.084375
0 0.54921875 0.42734375 0.05390625 0.08828125
0 0.60078125 0.384375 0.034375 0.0671875
0 0.6328125 0.37265625 0.040625 0.06640625
0 0.6640625 0.3296875 0.040625 0.08125
0 0.715625 0.29296875 0.0515625 0.0859375
0 0.7609375 0.2609375 0.04140625 0.0765625
0 0.80546875 0.221875 0.04296875 0.07109375
0 0.83984375 0.18671875 0.0328125 0.06484375
0 0.8828125 0.15859375 0.03203125 0.0546875
0 0.91875 0.13984375 0.03515625 0.0546875
0 0.5390625 0.59375 0.04453125 0.1
0 0.60859375 0.546875 0.04765625 0.09453125
0 0.665625 0.49921875 0.0484375 0.08046875
0 0.72421875 0.42734375 0.0515625 0.0875
0 0.76796875 0.39609375 0.03828125 0.0671875
0 0.80703125 0.34765625 0.0421875 0.07578125
0 0.85703125 0.31875 0.03203125 0.0640625
0 0.9359375 0.23828125 0.04140625 0.06328125
0 0.97421875 0.2046875 0.0375 0.06484375
0 0.98515625 0.31796875 0.02890625 0.0578125
0 0.95234375 0.36484375 0.034375 0.078125
0 0.91796875 0.41484375 0.0453125 0.08125
0 0.8640625 0.43984375 0.03671875 0.0671875
0 0.8265625 0.4921875 0.028125 0.04375
0 0.765625 0.55 0.03671875 0.059375
0 0.7203125 0.60703125 0.03828125 0.07265625
0 0.66171875 0.66640625 0.03671875 0.071875
0 0.59609375 0.74140625 0.0390625 0.09765625