0 0.9234375 0.89609375 0.06796875 0.11171875
0 0.84375 0.9734375 0.05703125 0.053125
0 0.9203125 0.64609375 0.040625 0.09296875
0 0.84921875 0.7140625 0.0484375 0.08984375
0 0.76484375 0.80234375 0.03984375 0.07890625
0 0.65625 0.921875 0.06328125 0.10390625
0 0.97734375 0.40078125 0.04296875 0.078125
0 0.84609375 0.48671875 0.04140625 0.075
0 0.7703125 0.54765625 0.04375 0.0859375
0 0.69296875 0.62578125 0.05234375 0.0828125
0 0.56015625 0.72109375 0.0578125 0.0953125
0 0.4671875 0.8484375 0.05390625 0.08828125
0 0.35390625 0.94609375 0.0703125 0.1078125
0 0.96640625 0.24453125 0.03984375 0.071875
0 0.909375 0.28671875 0.04296875 0.071875
0 0.85234375 0.31484375 0.03828125 0.06171875
0 0.78203125 0.36796875 0.02734375 0.0515625
0 0.71484375 0.4140625 0.05 0.08046875
0 0.6328125 0.4640625 0.04609375 0.08203125
0 0.49765625 0.57734375 0.03984375 0.08671875
0 0.38984375 0.66796875 0.04765625 0.10859375
0 0.278125 0.77109375 0.05234375 0.10390625
0 0.14609375 0.8796875 0.04375 0.11171875
0 0.95703125 0.1203125 0.0359375 0.0609375
0 0.9046875 0.12578125 0.05390625 0.08046875
0 0.8546875 0.17421875 0.04296875 0.05390625
0 0.7796875 0.2015625 0.05859375 0.06953125
0 0.7203125 0.22890625 0.04140625 0.06015625
0 0.653125 0.28671875 0.05625 0.071875
0 0.58671875 0.3265625 0.0359375 0.0765625
0 0.51796875 0.36328125 0.05234375 0.0828125
0 0.42890625 0.4390625 0.0515625 0.07109375
0 0.3375 0.50390625 0.05390625 0.09375
0 0.2234375 0.61171875 0.07109375 0.11953125
0 0.1046875 0.7046875 0.06015625 0.11875
0 0.9 0.02578125 0.028125 0.0515625
0 0.85625 0.05234375 0.028125 0.05625
0 0.67109375 0.140625 0.0359375 0.06171875
0 0.603125 0.17578125 0.0515625 0.084375
0 0.53515625 0.20234375 0.0421875 0.0625
0 0.46953125 0.2578125 0.053125 0.08203125
0 0.3765625 0.31015625 0.0515625 0.09140625
0 0.28671875 0.38515625 0.059375 0.10625
0 0.18125 0.4703125 0.05390625 0.090625
0 0.06328125 0.5484375 0.05703125 0.10390625
0 0.4171875 0.146875 0.046875 0.07109375
0 0.33828125 0.20078125 0.04375 0.0875
0 0.23984375 0.265625 0.053125 0.090625
0 0.13671875 0.3265625 0.04375 0.09609375
0 0.02734375 0.40859375 0.05390625 0.109375
0 0.1953125 0.1625 0.04375 0.08125
0 0.09453125 0.22734375 0.04609375 0.08828125
0 0.36484375 0.04375 0.03984375 0.0671875
0 0.24296875 0.0296875 0.0453125 0.059375
0 0.15703125 0.06875 0.0484375 0.08125
0 0.06171875 0.115625 0.05078125 0.0921875
0 0.0328125 0.0375 0.04921875 0.07421875