0 0.89453125 0.11796875 0.0640625 0.10859375
0 0.84375 0.04453125 0.0609375 0.0890625
0 0.80703125 0.16328125 0.0625 0.1234375
0 0.26875 0.07890625 0.06875 0.109375
0 0.17265625 0.2546875 0.06484375 0.0859375
0 0.925 0.03046875 0.0578125 0.0609375
0 0.30234375 0.1796875 0.08515625 0.11640625
0 0.6703125 0.1171875 0.0640625 0.1046875
0 0.02734375 0.10390625 0.0546875 0.08828125
0 0.15546875 0.134375 0.07265625 0.10546875
0 0.871875 0.2734375 0.06875 0.11015625
0 0.1328125 0.0546875 0.05859375 0.0921875
0 0.38359375 0.0375 0.07265625 0.075
0 0.03359375 0.2078125 0.06484375 0.09296875
0 0.46640625 0.228125 0.07265625 0.11875
0 0.209375 0.375 0.0890625 0.11015625
0 0.7625 0.07109375 0.05625 0.096875
0 0.27109375 0.68515625 0.0703125 0.1203125
0 0.0671875 0.45234375 0.06640625 0.10078125
0 0.95625 0.225 0.0625 0.10625
0 0.609375 0.27734375 0.06640625 0.11328125
0 0.50078125 0.35 0.0671875 0.11484375
0 0.4140625 0.59296875 0.071875 0.13046875
0 0.33828125 0.303125 0.071875 0.128125
0 0.625 0.03515625 0.04765625 0.06796875
0 0.4171875 0.1296875 0.07265625 0.09609375
0 0.778125 0.33046875 0.0625 0.11484375
0 0.97578125 0.09453125 0.04765625 0.09765625
0 0.840625 0.46953125 0.059375 0.10703125
0 0.55078125 0.48359375 0.065625 0.11328125
0 0.79140625 0.71953125 0.0796875 0.12109375
0 0.11796875 0.7859375 0.0640625 0.115625
0 0.57265625 0.175 0.06640625 0.0984375
0 0.71328125 0.559375 0.0546875 0.109375
0 0.9109375 0.63359375 0.0578125 0.1171875
0 0.52890625 0.0859375 0.053125 0.08359375
0 0.6625 0.8421875 0.07578125 0.1578125
0 0.3703125 0.440625 0.06484375 0.096875
0 0.521875 0.94140625 0.075 0.11171875
0 0.31171875 0.89609375 0.065625 0.1609375
0 0.596875 0.653125 0.07109375 0.134375
0 0.9328125 0.3921875 0.059375 0.11015625
0 0.7140625 0.2296875 0.0625 0.109375
0 0.04765625 0.321875 0.0671875 0.109375
0 0.23671875 0.51328125 0.06484375 0.10625
0 0.08671875 0.609375 0.0671875 0.1109375
0 0.66875 0.4015625 0.06875 0.10234375
0 0.4578125 0.765625 0.06953125 0.125