0 0.1671875 0.91328125 0.06796875 0.1234375
0 0.09921875 0.72890625 0.06171875 0.12578125
0 0.04453125 0.51171875 0.04765625 0.08984375
0 0.028125 0.1625 0.05625 0.11953125
0 0.10390625 0.08359375 0.05390625 0.09609375
0 0.18828125 0.03828125 0.05859375 0.0765625
0 0.09296875 0.2734375 0.05703125 0.11953125
0 0.1734375 0.209375 0.06328125 0.121875
0 0.2578125 0.1546875 0.0625 0.12734375
0 0.33984375 0.0953125 0.053125 0.1015625
0 0.40390625 0.046875 0.0421875 0.09375
0 0.1453125 0.4296875 0.040625 0.07890625
0 0.24375 0.340625 0.05234375 0.096875
0 0.3265625 0.2796875 0.06953125 0.13671875
0 0.403125 0.2140625 0.0578125 0.1125
0 0.4859375 0.14765625 0.0609375 0.1234375
0 0.5484375 0.090625 0.04765625 0.08203125
0 0.6140625 0.04921875 0.04921875 0.08359375
0 0.67890625 0.034375 0.0390625 0.06875
0 0.20234375 0.58984375 0.059375 0.1296875
0 0.30390625 0.51796875 0.05390625 0.10546875
0 0.39375 0.4203125 0.059375 0.1203125
0 0.46484375 0.3546875 0.06015625 0.09140625
0 0.55625 0.29296875 0.059375 0.121875
0 0.6265625 0.234375 0.04375 0.0828125
0 0.6859375 0.16953125 0.05 0.11640625
0 0.746875 0.125 0.05078125 0.08671875
0 0.7859375 0.09609375 0.05859375 0.08515625
0 0.8546875 0.05390625 0.0484375 0.08515625
0 0.97734375 0.1078125 0.0453125 0.075
0 0.925 0.1703125 0.05234375 0.09375
0 0.87109375 0.19765625 0.046875 0.09453125
0 0.81484375 0.24453125 0.04609375 0.096875
0 0.76875 0.3 0.07265625 0.11484375
0 0.6890625 0.36171875 0.06484375 0.1
0 0.628125 0.4328125 0.0703125 0.1359375
0 0.5421875 0.50703125 0.046875 0.1171875
0 0.4625 0.59296875 0.06875 0.10859375
0 0.3703125 0.6953125 0.05625 0.1140625
0 0.2609375 0.78359375 0.06796875 0.1421875
0 0.44453125 0.90234375 0.06875 0.10546875
0 0.50390625 0.853125 0.0375 0.07734375
0 0.53828125 0.80546875 0.04140625 0.09375
0 0.584375 0.75234375 0.0453125 0.07890625
0 0.6265625 0.70703125 0.05 0.146875
0 0.70390625 0.60703125 0.06875 0.12421875
0 0.778125 0.52578125 0.06484375 0.10859375
0 0.84375 0.4546875 0.05859375 0.125
0 0.89375 0.38515625 0.04453125 0.10078125
0 0.95390625 0.321875 0.04609375 0.090625
0 0.9234375 0.61875 0.0484375 0.1421875
0 0.85625 0.67265625 0.06171875 0.09296875
0 0.7953125 0.7890625 0.05 0.1015625
0 0.71953125 0.8671875 0.0671875 0.10078125
0 0.87421875 0.96953125 0.0546875 0.06015625
0 0.9296875 0.8546875 0.0453125 0.09921875