0 0.9203125 0.93125 0.1578125 0.1375
0 0.9375 0.74765625 0.12421875 0.21796875
0 0.72578125 0.78671875 0.21015625 0.24375
0 0.753125 0.63671875 0.16171875 0.16171875
0 0.74453125 0.53046875 0.0828125 0.10078125
0 0.63984375 0.55234375 0.1 0.146875
0 0.5421875 0.90078125 0.19140625 0.19765625
0 0.54375 0.70078125 0.1453125 0.21796875
0 0.50390625 0.5578125 0.1015625 0.115625
0 0.3609375 0.54765625 0.121875 0.13359375
0 0.31953125 0.6359375 0.08984375 0.11953125
0 0.30390625 0.78203125 0.15 0.22109375
0 0.040625 0.790625 0.08046875 0.20703125
0 0.128125 0.6421875 0.10390625 0.16953125
0 0.22265625 0.58203125 0.0828125 0.14375
0 0.04296875 0.60703125 0.0859375 0.16640625