0 0.1078125 0.2875 0.05234375 0.03671875
0 0.096875 0.321875 0.07265625 0.04140625
0 0.08515625 0.36171875 0.05625 0.04375
0 0.0859375 0.4078125 0.07578125 0.0546875
0 0.075 0.45703125 0.08359375 0.028125
0 0.07890625 0.49453125 0.09140625 0.040625
0 0.06484375 0.55234375 0.115625 0.06015625
0 0.0640625 0.609375 0.121875 0.05625
0 0.075 0.6703125 0.14375 0.08203125
0 0.09765625 0.746875 0.125 0.059375
0 0.0734375 0.796875 0.14375 0.0625
0 0.07734375 0.8984375 0.15078125 0.14609375
0 0.4015625 0.88203125 0.1515625 0.11640625
0 0.34609375 0.75390625 0.1515625 0.11640625
0 0.31640625 0.66796875 0.115625 0.0875
0 0.275 0.59296875 0.12578125 0.090625
0 0.24140625 0.49609375 0.090625 0.1234375
0 0.2171875 0.409375 0.07890625 0.05859375
0 0.20859375 0.36640625 0.06875 0.040625
0 0.1890625 0.3203125 0.0734375 0.05859375
0 0.3171875 0.3296875 0.07578125 0.0578125
0 0.3609375 0.3859375 0.0703125 0.08046875
0 0.39765625 0.42578125 0.07734375 0.06484375
0 0.41875 0.50390625 0.08359375 0.0796875
0 0.465625 0.59609375 0.12109375 0.090625
0 0.52421875 0.665625 0.109375 0.12265625
0 0.5828125 0.753125 0.12265625 0.1375
0 0.67109375 0.87109375 0.128125 0.1859375
0 0.80703125 0.95390625 0.140625 0.08203125
0 0.9625 0.9640625 0.075 0.07109375
0 0.8625 0.83828125 0.1296875 0.10625
0 0.82578125 0.74609375 0.1359375 0.10625
0 0.7359375 0.6375 0.11640625 0.13359375
0 0.840625 0.58515625 0.09296875 0.109375
0 0.77578125 0.50859375 0.071875 0.0953125
0 0.746875 0.43984375 0.071875 0.08671875
0 0.7046875 0.3828125 0.0609375 0.0921875
0 0.65546875 0.57109375 0.0640625 0.08359375
0 0.62890625 0.51875 0.0625 0.07578125
0 0.596875 0.47265625 0.07578125 0.07890625
0 0.546875 0.4375 0.05546875 0.06328125
0 0.51640625 0.3796875 0.08203125 0.08359375
0 0.61171875 0.3734375 0.06875 0.0609375
0 0.6 0.32265625 0.0796875 0.053125