0 0.13828125 0.41953125 0.05390625 0.09140625
0 0.0609375 0.4609375 0.0640625 0.09765625
0 0.040625 0.53671875 0.08125 0.06796875
0 0.03046875 0.603125 0.0609375 0.09375
0 0.0265625 0.68515625 0.053125 0.1140625
0 0.18046875 0.509375 0.0859375 0.12421875
0 0.14765625 0.5671875 0.07421875 0.11171875
0 0.1609375 0.6640625 0.1 0.10390625
0 0.171875 0.78359375 0.09609375 0.134375
0 0.16875 0.92265625 0.10625 0.1515625
0 0.3734375 0.90859375 0.09765625 0.13203125
0 0.3421875 0.78203125 0.09296875 0.12265625
0 0.3171875 0.6703125 0.08359375 0.09609375
0 0.3078125 0.58671875 0.071875 0.0875
0 0.2953125 0.4953125 0.08046875 0.0953125
0 0.3796875 0.42578125 0.0359375 0.046875
0 0.47109375 0.43125 0.0296875 0.059375
0 0.4015625 0.478125 0.04609375 0.0703125
0 0.42265625 0.5140625 0.06875 0.07109375
0 0.43671875 0.5734375 0.0703125 0.08046875
0 0.46953125 0.6609375 0.0890625 0.1171875
0 0.50546875 0.771875 0.06640625 0.10703125
0 0.5578125 0.878125 0.11171875 0.15625
0 0.6515625 0.76328125 0.08046875 0.12109375
0 0.7328125 0.88828125 0.06484375 0.1328125
0 0.58671875 0.65234375 0.08359375 0.1078125
0 0.55859375 0.571875 0.0609375 0.075
0 0.5203125 0.5140625 0.05390625 0.0703125
0 0.496875 0.46875 0.05625 0.0859375
0 0.59453125 0.4625 0.053125 0.07890625
0 0.61796875 0.50625 0.06171875 0.08203125
0 0.60703125 0.56328125 0.04921875 0.07578125
0 0.678125 0.5703125 0.07109375 0.10625
0 0.64296875 0.39921875 0.05546875 0.08515625
0 0.68984375 0.45859375 0.04453125 0.0828125
0 0.7328125 0.403125 0.0359375 0.07265625
0 0.73046875 0.5 0.0609375 0.08984375
0 0.7828125 0.56015625 0.04375 0.084375
0 0.7203125 0.6375 0.071875 0.11796875
0 0.7890625 0.7328125 0.0828125 0.12578125
0 0.87734375 0.85546875 0.125 0.15390625
0 0.9296875 0.7203125 0.0859375 0.1265625
0 0.97890625 0.93984375 0.0421875 0.1015625
0 0.8421875 0.62265625 0.084375 0.109375
0 0.7828125 0.453125 0.04375 0.07890625
0 0.8296875 0.4953125 0.0546875 0.0734375
0 0.8171875 0.40703125 0.06953125 0.0703125
0 0.8875 0.40390625 0.0453125 0.0671875
0 0.86328125 0.4328125 0.05 0.06953125
0 0.91171875 0.4859375 0.06328125 0.08359375
0 0.8921875 0.559375 0.06875 0.090625
0 0.96875 0.61953125 0.0625 0.11328125
0 0.97578125 0.52734375 0.0484375 0.0796875
0 0.98203125 0.459375 0.0359375 0.07578125
0 0.9359375 0.42734375 0.05 0.07421875
0 0.9734375 0.3984375 0.034375 0.04765625