0 0.0703125 0.2859375 0.1109375 0.15703125
0 0.0828125 0.39296875 0.109375 0.1390625
0 0.10703125 0.51484375 0.10625 0.165625
0 0.1421875 0.659375 0.12421875 0.2
0 0.16015625 0.83828125 0.15078125 0.19609375
0 0.4 0.790625 0.15859375 0.23359375
0 0.3375 0.63359375 0.103125 0.159375
0 0.303125 0.5171875 0.1140625 0.1953125
0 0.2578125 0.39609375 0.1015625 0.159375
0 0.24453125 0.32265625 0.084375 0.0953125
0 0.20625 0.26328125 0.06328125 0.11015625
0 0.17734375 0.2 0.040625 0.08125
0 0.29921875 0.19765625 0.02890625 0.0828125
0 0.33046875 0.2359375 0.0828125 0.11875
0 0.3578125 0.321875 0.08515625 0.10390625
0 0.403125 0.378125 0.10078125 0.13125
0 0.4703125 0.375 0.0578125 0.10625
0 0.44765625 0.48828125 0.115625 0.1578125
0 0.5125 0.640625 0.11640625 0.21484375
0 0.62265625 0.46796875 0.0984375 0.14765625
0 0.5546875 0.39296875 0.0953125 0.15390625
0 0.49765625 0.2984375 0.071875 0.1203125
0 0.4609375 0.2421875 0.075 0.1171875
0 0.521875 0.1578125 0.0828125 0.128125
0 0.57734375 0.221875 0.06796875 0.12265625
0 0.63984375 0.16015625 0.0640625 0.1078125
0 0.62421875 0.28828125 0.0921875 0.1609375
0 0.70234375 0.2046875 0.05859375 0.0953125
0 0.7484375 0.13984375 0.05859375 0.12109375
0 0.8109375 0.17890625 0.06640625 0.12421875
0 0.75 0.25859375 0.075 0.13046875
0 0.696875 0.36015625 0.10234375 0.165625
0 0.77109375 0.43828125 0.0921875 0.18046875
0 0.83671875 0.3515625 0.07578125 0.13046875
0 0.86953125 0.25859375 0.07265625 0.11171875
0 0.92109375 0.16875 0.08046875 0.0953125
0 0.9609375 0.22578125 0.078125 0.140625
0 0.95546875 0.31875 0.07578125 0.11953125
0 0.93203125 0.428125 0.09765625 0.153125
0 0.88125 0.55546875 0.11796875 0.1921875
0 0.70859375 0.5953125 0.10546875 0.1765625
0 0.6140625 0.79453125 0.0921875 0.13984375
0 0.80703125 0.7515625 0.12578125 0.20859375
0 0.94375 0.90546875 0.11171875 0.18203125