0 0.1390625 0.428125 0.0734375 0.10078125
0 0.06953125 0.47421875 0.08046875 0.090625
0 0.0546875 0.53671875 0.05859375 0.10078125
0 0.03125 0.59765625 0.06015625 0.09765625
0 0.03359375 0.69453125 0.0671875 0.13359375
0 0.184375 0.50390625 0.0828125 0.11875
0 0.15703125 0.5796875 0.0984375 0.1078125
0 0.16015625 0.6625 0.09609375 0.1203125
0 0.17265625 0.7703125 0.1140625 0.14921875
0 0.16484375 0.91640625 0.13515625 0.15234375
0 0.365625 0.90625 0.10859375 0.15859375
0 0.34296875 0.76875 0.0984375 0.1296875
0 0.32265625 0.66796875 0.06875 0.12734375
0 0.30703125 0.58828125 0.078125 0.12890625
0 0.2984375 0.4890625 0.0859375 0.115625
0 0.37890625 0.4203125 0.0390625 0.06015625
0 0.40390625 0.48359375 0.0578125 0.1046875
0 0.4328125 0.51875 0.0671875 0.078125
0 0.44296875 0.58984375 0.0921875 0.12421875
0 0.4796875 0.65703125 0.09140625 0.13125
0 0.50078125 0.77578125 0.090625 0.15703125
0 0.54375 0.86796875 0.146875 0.21640625
0 0.725 0.89375 0.08515625 0.1609375
0 0.64765625 0.7578125 0.08671875 0.1484375
0 0.60078125 0.66171875 0.09140625 0.1328125
0 0.56171875 0.5609375 0.0609375 0.09765625
0 0.5125 0.528125 0.05703125 0.12578125
0 0.49609375 0.45625 0.05625 0.078125
0 0.59296875 0.45546875 0.06484375 0.0859375
0 0.6453125 0.39765625 0.0578125 0.08671875
0 0.68671875 0.44140625 0.05625 0.0765625
0 0.7359375 0.40546875 0.04609375 0.0828125
0 0.79140625 0.446875 0.05546875 0.10625
0 0.73828125 0.4984375 0.0671875 0.09296875
0 0.63125 0.5046875 0.0671875 0.09609375
0 0.68671875 0.56796875 0.08203125 0.13125
0 0.6140625 0.559375 0.04921875 0.0859375
0 0.73203125 0.63828125 0.0859375 0.109375
0 0.7953125 0.73046875 0.071875 0.17265625
0 0.871875 0.84609375 0.12109375 0.16328125
0 0.928125 0.69765625 0.08671875 0.1390625
0 0.9703125 0.6171875 0.059375 0.14375
0 0.7875 0.56328125 0.06328125 0.09609375
0 0.84921875 0.63671875 0.08359375 0.13125
0 0.8921875 0.55234375 0.0703125 0.10390625
0 0.825 0.4828125 0.05078125 0.0953125
0 0.82890625 0.4046875 0.0578125 0.08515625
0 0.8703125 0.446875 0.06015625 0.07890625
0 0.89453125 0.4015625 0.04375 0.08125
0 0.93359375 0.4296875 0.0515625 0.0671875
0 0.96796875 0.39765625 0.03515625 0.0765625
0 0.91953125 0.47578125 0.04375 0.08515625
0 0.98359375 0.48671875 0.03203125 0.1140625