0 0.9640625 0.4453125 0.0703125 0.103125
0 0.90078125 0.50078125 0.0671875 0.09609375
0 0.93671875 0.5625 0.05234375 0.08984375
0 0.97734375 0.634375 0.0453125 0.096875
0 0.9234375 0.63046875 0.05 0.0859375
0 0.85859375 0.61796875 0.06796875 0.0796875
0 0.8953125 0.71015625 0.08046875 0.11640625
0 0.815625 0.5453125 0.05546875 0.0890625
0 0.7953125 0.4890625 0.04921875 0.090625
0 0.7703125 0.45703125 0.0234375 0.05859375
0 0.67578125 0.4484375 0.028125 0.0578125
0 0.70078125 0.5015625 0.0484375 0.07421875
0 0.725 0.54375 0.0546875 0.0703125
0 0.73046875 0.6125 0.07890625 0.12578125
0 0.7703125 0.69921875 0.09140625 0.1296875
0 0.79921875 0.81640625 0.09296875 0.10703125
0 0.9484375 0.83125 0.09140625 0.16171875
0 0.8390625 0.9234375 0.1109375 0.125
0 0.65234375 0.93828125 0.109375 0.12265625
0 0.6359375 0.80703125 0.09765625 0.1453125
0 0.60625 0.6890625 0.07421875 0.115625
0 0.59609375 0.5953125 0.0734375 0.1203125
0 0.590625 0.50625 0.0796875 0.12734375
0 0.44921875 0.4328125 0.04453125 0.084375
0 0.48046875 0.515625 0.06796875 0.13203125
0 0.46015625 0.584375 0.0734375 0.05859375
0 0.46640625 0.6640625 0.0828125 0.11484375
0 0.46796875 0.77890625 0.10390625 0.14609375
0 0.45625 0.9125 0.1015625 0.12890625
0 0.25625 0.91171875 0.0890625 0.15703125
0 0.2890625 0.78125 0.08046875 0.1234375
0 0.31328125 0.6734375 0.075 0.0921875
0 0.3390625 0.603125 0.06796875 0.1078125
0 0.3640625 0.52734375 0.0609375 0.078125
0 0.3765625 0.4515625 0.07109375 0.08828125
0 0.2859375 0.53203125 0.0390625 0.07578125
0 0.23125 0.5203125 0.05625 0.0625
0 0.26484375 0.4640625 0.05 0.06328125
0 0.2828125 0.41640625 0.04921875 0.08203125
0 0.31328125 0.3953125 0.04140625 0.0734375
0 0.209375 0.58828125 0.06953125 0.078125
0 0.17890625 0.67578125 0.09453125 0.10234375
0 0.1375 0.753125 0.07421875 0.153125
0 0.08515625 0.89140625 0.09140625 0.1828125
0 0.02265625 0.6984375 0.0453125 0.13125
0 0.0453125 0.64296875 0.06484375 0.0953125
0 0.08828125 0.58125 0.05 0.08828125
0 0.146875 0.5921875 0.034375 0.07734375
0 0.140625 0.51171875 0.06796875 0.08984375
0 0.1703125 0.465625 0.04765625 0.0765625
0 0.22890625 0.37890625 0.03828125 0.0765625
0 0.20234375 0.421875 0.03671875 0.084375
0 0.14296875 0.37578125 0.03359375 0.06484375
0 0.11796875 0.41328125 0.0546875 0.09140625
0 0.07734375 0.46640625 0.06015625 0.0828125
0 0.025 0.509375 0.05 0.10078125