0 0.94921875 0.47578125 0.05625 0.1015625
0 0.896875 0.53046875 0.0609375 0.0859375
0 0.9859375 0.53125 0.028125 0.090625
0 0.9296875 0.60859375 0.059375 0.08203125
0 0.971875 0.68671875 0.05625 0.115625
0 0.9109375 0.65703125 0.0515625 0.0734375
0 0.76328125 0.48828125 0.040625 0.05703125
0 0.78828125 0.5296875 0.0609375 0.08671875
0 0.81015625 0.596875 0.06015625 0.09375
0 0.84375 0.66484375 0.0734375 0.09921875
0 0.88125 0.76171875 0.07890625 0.14296875
0 0.94375 0.8953125 0.096875 0.209375
0 0.8234375 0.95078125 0.125 0.08984375
0 0.7890625 0.8625 0.0796875 0.1296875
0 0.7671875 0.76484375 0.08671875 0.13203125
0 0.728125 0.66796875 0.084375 0.11328125
0 0.71875 0.58046875 0.07421875 0.07109375
0 0.6984375 0.5375 0.05859375 0.06875
0 0.67109375 0.48671875 0.03671875 0.04921875
0 0.5828125 0.5140625 0.06796875 0.05
0 0.58515625 0.571875 0.07734375 0.09140625
0 0.6 0.640625 0.08203125 0.10625
0 0.603125 0.74453125 0.09921875 0.12734375
0 0.61953125 0.84921875 0.1015625 0.15546875
0 0.63828125 0.9578125 0.10078125 0.0734375
0 0.4484375 0.95234375 0.09921875 0.0828125
0 0.44921875 0.83515625 0.0796875 0.128125
0 0.4515625 0.72578125 0.08359375 0.12734375
0 0.4484375 0.63515625 0.08046875 0.07578125
0 0.47734375 0.55859375 0.0671875 0.13046875
0 0.4421875 0.46796875 0.04453125 0.09140625
0 0.37109375 0.478125 0.05390625 0.05390625
0 0.36640625 0.509375 0.06328125 0.06953125
0 0.35234375 0.56171875 0.059375 0.05078125
0 0.33203125 0.6296875 0.06953125 0.09921875
0 0.31640625 0.71171875 0.08359375 0.1046875
0 0.2796875 0.82890625 0.08984375 0.12109375
0 0.25859375 0.93671875 0.10078125 0.1015625
0 0.0796875 0.92890625 0.11015625 0.128125
0 0.125 0.803125 0.08125 0.12265625
0 0.17421875 0.72421875 0.0890625 0.13515625
0 0.2 0.62421875 0.053125 0.09453125
0 0.22890625 0.55703125 0.05703125 0.0921875
0 0.27734375 0.56875 0.046875 0.0765625
0 0.140625 0.63125 0.0421875 0.075
0 0.0359375 0.6953125 0.071875 0.11796875
0 0.0828125 0.625 0.06484375 0.10859375
0 0.13515625 0.54921875 0.0796875 0.08671875
0 0.1609375 0.50390625 0.053125 0.07734375
0 0.1875 0.46796875 0.0546875 0.07578125
0 0.215625 0.41171875 0.05546875 0.084375
0 0.3046875 0.4140625 0.0484375 0.06484375
0 0.2828125 0.45078125 0.04765625 0.0734375
0 0.271875 0.49609375 0.06328125 0.06484375
0 0.02890625 0.54375 0.0578125 0.08984375
0 0.06953125 0.49609375 0.0671875 0.090625
0 0.1125 0.446875 0.0515625 0.10703125
0 0.1390625 0.4171875 0.0390625 0.0921875